C1F44U5 100 2026 05 27.3  16.1859 +42.1302 21.7 Updated May 28.23 UT            11   0.89 25.3  0.117
CEP5YT2 100 2026 05 27.2  14.2823 +38.1839 21.3 Updated May 28.19 UT            11   0.93 25.0  0.151
A11CWPw 100 2026 05 26.6  23.1342  -8.9175 18.5 Added May 26.81 UT               4   0.02 28.7  1.750
C1F4195 100 2026 05 26.4  16.1431 +10.2004 22.6 Updated May 26.45 UT             7   0.07 27.6  1.877
P12nfxd 100 2026 05 25.6  17.7994 +17.1725 21.9 Updated May 26.45 UT            14   2.00 22.6  1.892
C1F32J5 100 2026 05 25.4  17.1809 +17.2153 22.0 Updated May 27.70 UT            11   1.88 23.6  0.992
C1F3245  48 2026 05 25.4  16.9727 +10.4354 22.6 Updated May 26.78 UT            11   1.00 20.2  1.881
SJA1250 100 2026 05 24.9  16.7516 +60.6294 20.2 Updated May 27.36 UT             3   0.03 17.1  3.359
C1F2HL5 100 2026 05 25.4  16.6283 -12.0928 22.4 Updated May 27.35 UT             8   0.07 26.0  2.903
C1F1TD5 100 2026 05 25.3  15.8523  +4.4691 24.9 Updated May 26.35 UT             4   0.02 33.6  3.001
C03UYWZ  98 2026 05 23.4  16.7206 +15.6129 22.2 Updated May 27.70 UT            13   5.98 23.1  1.903
P12nfw2  95 2026 05 24.6  21.1689  -2.9344 21.7 Updated May 27.69 UT            14   3.01 20.3  0.724
NAOCLYL  85 2026 05 23.8  15.9092 -17.6219 21.8 Updated May 26.35 UT             4   0.10 21.7  4.474
A11CQzo 100 2026 05 24.4  22.2577 -16.2729 21.9 Updated May 26.35 UT             5   0.05 29.8  3.895
oKr0080 100 2026 05 23.9  23.4953 +18.6094 20.4 Updated May 27.35 UT             3   0.00 18.0  4.440
C1F1535  97 2026 05 24.4  16.7580  +7.0616 22.3 Updated May 26.35 UT            11   0.87 23.3  3.044
6EN3D21 100 2026 05 24.2  16.1045 -80.5887 18.7 Updated May 27.35 UT             3   0.01 20.4  4.095
C1EYPU5 100 2026 05 23.4  15.8969  +3.6008 22.8 Updated May 26.35 UT            11   1.87 24.1  3.081
NAOCBPP  99 2026 05 20.7  14.9323 -22.0759 22.3 Updated May 27.35 UT             4   0.13 22.3  7.480
ST26EC8  98 2026 05 20.4  22.2446 -30.9628 24.1 Updated May 27.35 UT             6   0.14 28.6  7.893
P12nfaz  43 2026 05 20.3  13.2041 -27.1306 22.0 Updated May 26.35 UT            12   2.87 18.3  5.138
NAOCAN7 100 2026 05 17.7  15.2910 -21.9649 21.0 Updated May 26.35 UT             4   0.10 19.7 10.478
KPMa1Ih  87 2026 05 18.1  11.1317 -29.1825 23.5 Updated May 26.35 UT             5   0.01 20.9 10.227
CEMVK32  51 2026 05 17.4  16.3103  +7.2169 21.8 Updated May 27.66 UT            59  13.11 20.1  2.788
