CZYNHKZ 100 2026 05 14.4  16.3755  +2.5437 21.2 Added May 21.77 UT               4   0.02 22.0  7.523
TF26EF2 100 2026 05 21.5  15.4427 +13.5526 18.2 Updated May 21.59 UT             2   0.00 22.4  0.438
P22nfmx  98 2026 05 21.3  14.3516  +1.4654 21.1 Updated May 21.87 UT             8   0.65 24.6  0.062
C46CD31 100 2026 05 21.4  18.5813  -4.1302 18.5 Updated May 21.45 UT             5   0.05 28.5  0.467
ST26ED8  88 2026 05 21.3  17.9034 +11.1875 20.2 Updated May 21.90 UT            17   0.56 25.9  0.019
ST26ED1  98 2026 05 21.2  19.4383 -13.5184 17.7 Updated May 21.71 UT            20   0.16 30.2  0.525
TF26EE0 100 2026 05 20.5  16.4352  +8.7436 22.2 Updated May 20.74 UT             4   0.02 28.7  1.426
ST26EC8  98 2026 05 20.4  18.0824 -17.4263 19.7 Updated May 21.71 UT             6   0.14 28.6  1.472
ST26EC7  98 2026 05 20.4   2.2054  -8.2282 27.0 Updated May 21.71 UT             6   0.11 30.2  1.478
ST26EC5 100 2026 05 20.3  16.2966 -11.6363 19.1 Updated May 20.59 UT             4   0.03 24.6  1.571
P12nfgD  10 2026 05 20.4  15.9695  -7.4269 21.8 Updated May 21.76 UT            28 5292.06 20.0  0.496
P12nffX  10 2026 05 20.5  16.3793 -20.8081 21.6 Updated May 21.77 UT            12   6.91 18.9  0.540
P12nffV  47 2026 05 20.5  16.5032 -18.9878 20.5 Updated May 21.76 UT            16   2.09 20.3  0.508
P12nfaz  50 2026 05 20.3  13.2495 -28.3405 22.0 Updated May 21.47 UT             8   1.05 18.5  0.540
P22nfat  20 2026 05 20.4  16.1909 +21.4657 22.1 Updated May 21.73 UT            25 622.93 19.6  0.478
A11CGDI 100 2026 05 19.2  17.3874 -42.9168 18.6 Updated May 21.20 UT            27   1.72 21.4  0.997
NAOCAN7 100 2026 05 17.7  15.2763 -21.7943 20.7 Updated May 21.35 UT             4   0.10 19.6  4.057
KPMa1Ih  87 2026 05 18.1  11.1257 -26.3517 23.3 Updated May 21.35 UT             5   0.01 20.8  3.806
CEMVK32  35 2026 05 17.4  16.7705 +10.2746 21.6 Updated May 21.47 UT            47   9.02 20.1  0.451
P12neKs  35 2026 05 14.6  18.1504 +57.4429 20.0 Updated May 21.47 UT           118   6.83 15.2  0.501
