TF26EG7 100 2026 05 22.5  15.7131  +9.8811 19.4 Added May 22.47 UT               2   0.00 23.5  0.063
ST26EE8  98 2026 05 22.2  15.6352 +10.7956 18.8 Updated May 22.47 UT             4   0.22 26.2  0.063
MKp7968  85 2026 05 17.7  14.1232  +5.2377 21.7 Added May 22.41 UT               6   4.04 23.0  0.832
C46CH71 100 2026 05 22.3  15.1816 +27.0123 19.6 Updated May 22.39 UT             8   0.04 23.6  0.146
C46CH41 100 2026 05 22.3  15.5673 +19.3768 19.7 Updated May 22.46 UT            12   0.10 25.7  0.084
ST26EE4  98 2026 05 22.3  18.1900 +16.2656 20.3 Updated May 22.46 UT            18   0.13 29.0  0.080
ST26EE3  98 2026 05 22.3  16.2591 +10.2588 19.5 Updated May 22.47 UT            12   0.21 28.4  0.071
CENWC52  98 2026 05 22.3  15.7844  -3.2751 20.1 Updated May 22.49 UT            15   0.18 27.7  0.052
CENU0L2  98 2026 05 22.2  14.0103  -3.7063 21.7 Updated May 22.37 UT             9   0.13 27.4  0.168
CENV8M2  98 2026 05 22.3  15.2199  -0.0874 18.7 Updated May 22.42 UT            19   0.12 31.1  0.133
NAOCBPP  97 2026 05 20.7  14.8371 -18.4502 21.4 Updated May 22.52 UT             8   1.14 21.4  0.680
8N2S001 100 2026 05 22.0  17.8119 +16.6380 19.2 Added May 22.24 UT               3   0.01 24.4  0.482
Sar2899  98 2026 05 22.0  16.1108 +11.6810 20.7 Updated May 22.45 UT            24   0.46 29.6  0.088
CZYNHKZ 100 2026 05 14.4  16.3754  +2.4527 21.4 Updated May 22.04 UT             4   0.02 22.8  8.148
P22nfmx  10 2026 05 21.3  14.4471  +1.5473 21.2 Updated May 22.46 UT            33  12.96 24.7  0.269
C46CD31 100 2026 05 21.4  22.6564  -5.6861 21.0 Updated May 21.45 UT             5   0.05 28.5  1.092
ST26ED8  79 2026 05 21.3  17.7157 +16.5154 20.3 Updated May 22.42 UT            39   1.08 25.8  0.121
ST26ED1  98 2026 05 21.2   0.7179 -17.7033 23.2 Updated May 21.71 UT            20   0.16 30.2  1.150
TF26EE0 100 2026 05 20.5  16.4094  +8.7881 22.9 Updated May 22.38 UT             4   0.02 28.7  2.051
ST26EC8  98 2026 05 20.4  19.1569 -23.9265 20.4 Updated May 21.71 UT             6   0.14 28.6  2.097
ST26EC7  98 2026 05 20.4   2.3292  -8.3411 28.0 Updated May 21.71 UT             6   0.11 30.2  2.103
ST26EC5 100 2026 05 20.3  16.0035 -13.7361 19.3 Updated May 22.38 UT             4   0.03 24.9  2.196
P12nfgD  10 2026 05 20.4  15.9526  -7.5485 21.8 Updated May 22.22 UT            30 5292.85 20.0  0.335
P12nffX  10 2026 05 20.5  16.3680 -20.8670 21.7 Updated May 22.44 UT            15   7.94 19.3  0.138
P12nffV  45 2026 05 20.5  16.5000 -18.7212 20.5 Updated May 22.27 UT            23   2.72 20.2  0.500
P12nfaz  48 2026 05 20.3  13.2441 -28.2224 22.0 Updated May 22.18 UT            10   1.84 18.4  0.366
P22nfat  20 2026 05 20.4  16.1802 +21.5298 22.1 Updated May 22.47 UT            25 623.97 19.7  0.066
NAOCAN7 100 2026 05 17.7  15.2766 -21.8072 20.7 Updated May 22.38 UT             4   0.10 19.7  4.682
KPMa1Ih  87 2026 05 18.1  11.1247 -26.6413 23.3 Updated May 22.38 UT             5   0.01 20.8  4.431
CEMVK32  55 2026 05 17.4  16.7218  +9.9735 21.6 Updated May 21.47 UT            47   9.02 20.1  1.076
P12neKs  35 2026 05 14.6  18.1300 +57.3739 20.0 Updated May 22.02 UT           121   7.45 15.2  0.516
