OCA1642  79 2026 05 13.1  13.7781 -31.1248 19.4 Added May 13.56 UT               3   0.02 13.4  0.481
P22nay8  81 2026 05 13.4  15.7801  -1.8258 21.3 Added May 13.52 UT               3   0.02 22.9  0.152
P22nawA 100 2026 05 13.4  15.1412  -3.2368 21.0 Added May 13.52 UT               3   0.02 22.1  0.150
ST26E50  98 2026 05 13.2  14.5295  -3.0604 19.7 Updated May 13.45 UT            10   0.19 26.7  0.163
A11Cmv6 100 2026 05 13.0   8.6923 -50.8543 18.6 Updated May 13.51 UT             7   0.43 17.7  0.129
ST26E47  91 2026 05 12.4  15.0587 -21.2931 19.2 Updated May 13.33 UT            17   0.91 25.0  0.282
P22n55t  36 2026 05 12.4  15.0202 -13.5848 21.4 Updated May 13.34 UT            11   5.01 19.8  0.276
P22n52K  79 2026 05 12.4  15.1695 -11.7732 21.2 Updated May 13.50 UT            20   5.15 25.0  0.119
P22n4V7 100 2026 05 12.4  14.3939 -19.8456 21.8 Updated May 13.34 UT            12   0.95 21.1  0.272
P22n4V6  91 2026 05 12.4  13.9756 -22.9130 21.6 Updated May 13.32 UT            16   0.93 23.5  0.295
P22n4V9  83 2026 05 12.4  14.4249 -15.5488 21.8 Updated May 13.50 UT            17   1.09 24.7  0.124
CEM28F2 100 2026 05 12.4  17.8213 +17.8687 21.0 Updated May 13.37 UT            15   0.97 25.1  0.238
P22n4PC  67 2026 05 12.4  13.9703 -14.1373 20.7 Updated May 13.03 UT             8   0.65 21.2  0.596
P22n4PB  72 2026 05 12.3  13.6744  -9.4130 21.1 Updated May 13.33 UT            19  25.87 24.0  0.298
CEM26R2  25 2026 05 12.4  16.6125 +15.4948 20.6 Updated May 13.26 UT            16   1.45 17.0  0.614
CEM1XD2 100 2026 05 12.3  14.5255 +17.6456 22.1 Updated May 12.41 UT            11   0.11 17.1  1.195
CEM1R02  91 2026 05 12.3  13.5832 +16.9411 21.7 Updated May 13.19 UT            18   0.89 22.1  0.433
6EB3121  81 2026 05 12.0  10.3586 -14.3209 20.0 Updated May 13.28 UT            19   1.16 23.9  0.467
SO0005e 100 2026 05 11.7  23.7467  +1.4453 24.9 Updated May 13.34 UT             3   0.00 28.9  1.898
SO0005d 100 2026 05 11.7  18.6125 -27.4058 20.7 Updated May 13.34 UT             4   0.00 28.3  1.897
SO0005c 100 2026 05 11.7  22.0608 -32.5553 22.2 Updated May 13.34 UT             3   0.00 28.3  1.951
SO0005b 100 2026 05 11.6  22.4944 -13.0776 21.0 Updated May 13.33 UT             3   0.00 26.7  1.962
CELXZH2 100 2026 05 11.3  14.7726 +24.1859 22.6 Updated May 13.34 UT             3   0.01 22.1  2.261
ST26E34 100 2026 05 10.5  14.8619 +18.4166 23.7 Updated May 13.34 UT             2   0.00 28.1  3.148
6E94521  84 2026 05 10.4  19.5488 -61.4001 19.6 Updated May 13.15 UT            31   2.77 19.1  0.477
XA9ttXA  75 2026 05 08.8  15.0816  +1.9192 22.5 Updated May 13.17 UT            19   4.39 21.8  0.459
ST26E18 100 2026 05 09.4  15.4986 -14.4291 23.8 Updated May 13.34 UT             4   0.00 30.3  4.243
CELRZD2 100 2026 05 09.2  12.4230 +36.7411 22.5 Updated May 13.33 UT             8   0.10 22.9  4.261
ZTF10Dl 100 2026 05 08.3  19.0430 -15.5017 21.9 Updated May 13.34 UT             4   0.03 26.9  5.240
ST26E14 100 2026 05 08.4  13.3254  -2.9278 18.6 Updated May 13.34 UT             2   0.00 17.6  5.184
P22n0fQ  97 2026 05 07.4  15.0308 +10.6730 21.7 Updated May 13.34 UT             3   0.04 23.4  6.201
S001563  73 2026 05 07.0  12.9903 -27.0207 21.5 Updated May 13.34 UT             3   0.03 18.4  6.532
A11BRI6  35 2026 05 03.0  11.2563 -38.5888 19.1 Updated May 13.46 UT            81  10.09 19.9  0.506
C1EUYV5  35 2026 04 27.5  17.2881 +18.7040 21.9 Updated May 13.60 UT            36 297.21 12.8  0.111
