ZTF10Di 100 2026 05 07.4  15.2474  -9.4690 16.2 Added May 7.44 UT                4   0.02 27.2  0.057
P22n0fj  97 2026 05 07.3  14.3582 +15.7148 21.6 Updated May 7.42 UT              8   0.10 25.7  0.027
C468U01 100 2026 05 07.3  14.4680 -11.3368 18.4 Updated May 7.43 UT        S     8   0.06 32.9  0.040
ST26E02  98 2026 05 07.2  12.8642 -14.1959 19.4 Updated May 7.35 UT             16   0.10 28.3  0.107
S001563  68 2026 05 07.0  13.0189 -26.7120 21.4 Added May 7.12 UT                3   0.03 18.4  0.372
gb00843  96 2026 05 06.9  14.8080  +5.6173 19.5 Updated May 7.32 UT             29   0.41 26.3  0.126
C468MQ1 100 2026 05 06.4  16.7169 +30.4202 16.5 Updated May 6.43 UT              7   0.06 25.9  1.024
P22mZMk 100 2026 05 06.3  12.0657 -31.2244 21.5 Updated May 7.23 UT             12   0.90 24.3  0.233
P22mZMl 100 2026 05 06.3  12.6764 -29.5738 21.7 Updated May 7.28 UT             13   0.94 20.6  0.181
P22mZLU  90 2026 05 06.3  11.6405 -19.8370 20.8 Updated May 7.06 UT              7   0.74 20.5  0.433
C468MC1  86 2026 05 06.3  12.5703 +44.6526 19.8 Updated May 7.30 UT             35   1.00 26.0  0.152
A11BX2S 100 2026 05 05.2  18.0021  +4.0121 18.4 Updated May 7.31 UT              2   0.01 24.8  2.219
A11BT9Q 100 2026 05 04.2   0.5940 +74.8320 21.0 Updated May 7.31 UT              4   0.01 23.5  3.192
A11BRI6  35 2026 05 03.0   9.7159 -41.1895 18.6 Updated May 6.90 UT             45   3.72 19.9  0.709
A11BRHV 100 2026 05 02.3  14.2008 -22.1439 15.6 Updated May 7.31 UT              4   0.02 21.2  5.111
ZTF10Df  98 2026 05 02.2  10.3915  +1.4836 22.5 Updated May 6.32 UT              9   0.68 26.6  4.606
C1EUYV5  65 2026 04 27.5  17.3698 +18.3461 21.8 Updated May 7.29 UT             12   9.79 12.7  0.188
C1EUWK5  37 2026 04 27.4  14.4939  -2.9968 22.9 Updated May 7.40 UT             10   9.96 20.7  0.082
C1EN9T5  94 2026 04 23.4  16.7317 +32.1217 22.2 Updated May 7.31 UT             34  13.87 18.5  0.155
C1CWP45 100 2026 03 18.3   9.4933 +34.2497 24.1 Updated May 7.31 UT             15   1.94 15.6 48.211
