CEP5YT2 100 2026 05 27.2  14.3027 +38.1469 21.3 Updated May 28.19 UT            11   0.93 25.0  0.359
A11CWPw 100 2026 05 26.6   0.8243  +5.2030 19.4 Updated May 28.36 UT             4   0.02 28.8  1.959
C1F4195 100 2026 05 26.4  16.1467 +10.4401 22.7 Updated May 28.36 UT             7   0.07 27.7  2.086
P12nfxd 100 2026 05 25.6  17.7959 +17.2550 21.9 Updated May 28.36 UT            14   2.00 22.6  2.100
C1F32J5 100 2026 05 25.4  17.1784 +17.6280 22.0 Updated May 27.70 UT            11   1.88 23.6  1.201
C1F3245  48 2026 05 25.4  16.9681 +10.4145 22.7 Updated May 28.36 UT            11   1.00 20.3  2.089
SJA1250 100 2026 05 24.9  16.7389 +60.5405 20.2 Updated May 27.36 UT             3   0.03 17.1  3.568
C1F2HL5 100 2026 05 25.4  16.6595 -12.1584 22.4 Updated May 28.36 UT             8   0.07 25.5  3.111
C1F1TD5 100 2026 05 25.3  15.8256  +4.5470 25.5 Updated May 28.36 UT             4   0.02 33.9  3.210
C03UYWZ  98 2026 05 23.4  16.7181 +15.9827 22.2 Updated May 27.70 UT            13   5.98 23.1  2.112
P12nfw2  95 2026 05 24.6  21.1808  -2.8473 21.7 Updated May 27.69 UT            14   3.01 20.3  0.933
NAOCLYL  85 2026 05 23.8  15.9100 -17.4470 21.8 Updated May 28.36 UT             4   0.10 21.5  4.682
A11CQzo 100 2026 05 24.4  22.2914 -16.2084 22.0 Updated May 28.36 UT             5   0.05 29.8  4.104
oKr0080 100 2026 05 23.9  23.4956 +18.6116 20.4 Updated May 28.36 UT             3   0.00 17.8  4.649
C1F1535  97 2026 05 24.4  16.7580  +7.1202 22.3 Updated May 28.36 UT            11   0.87 23.3  3.253
6EN3D21 100 2026 05 24.2  16.1196 -80.5002 18.9 Updated May 28.36 UT             3   0.01 18.8  4.303
C1EYPU5 100 2026 05 23.4  15.9006  +3.6257 22.9 Updated May 28.37 UT            11   1.87 24.1  3.290
NAOCBPP  99 2026 05 20.7  14.9352 -22.1994 22.4 Updated May 28.36 UT             4   0.13 22.4  7.688
ST26EC8  98 2026 05 20.4  22.2687 -30.9434 24.1 Updated May 28.36 UT             6   0.14 28.6  8.102
P12nfaz  43 2026 05 20.3  13.2030 -27.0918 22.1 Updated May 28.36 UT            12   2.87 18.4  5.346
NAOCAN7 100 2026 05 17.7  15.2906 -21.9673 21.2 Updated May 28.37 UT             4   0.10 20.1 10.686
KPMa1Ih  87 2026 05 18.1  11.1320 -29.1919 23.5 Updated May 28.36 UT             5   0.01 20.8 10.436
CEMVK32  51 2026 05 17.4  16.2969  +7.1201 21.8 Updated May 27.66 UT            59  13.11 20.1  2.997
