A11EBEK 100 2026 07 12.1  20.4604 -47.5735 19.2 Updated July 12.94 UT            7   0.73 23.0  0.255
P12o4vO 100 2026 07 11.6   9.3366 -11.5700 23.9 Updated July 12.08 UT            3   0.01 26.3  1.525
P12o4vF  96 2026 07 11.5  22.7096 -18.3328 22.0 Updated July 12.57 UT            7   1.01 19.4  0.570
P12o4vm  84 2026 07 11.5  22.4634 -18.2443 20.9 Updated July 12.57 UT            7   1.01 18.4  0.574
P12o4vl  97 2026 07 11.5  22.4194 -19.0762 20.7 Updated July 12.55 UT            7   1.00 18.5  0.581
P12o4vk  66 2026 07 11.5  22.3565 -20.8385 20.7 Updated July 12.55 UT           10  21.97 19.1  0.585
P12o4v9 100 2026 07 11.6  23.0032 -18.5462 20.9 Updated July 12.58 UT            8   1.00 21.3  0.562
ZTF10El 100 2026 07 11.3   0.2314  -3.1265 21.0 Added July 11.69 UT              4   0.02 27.9  1.786
ZTF10En 100 2026 07 11.4  20.3571 +13.9604 19.1 Added July 11.69 UT              2   0.00 23.7  1.722
S001621 100 2026 07 11.2  22.0369 -33.0011 20.1 Added July 11.59 UT              3   0.04 20.3  1.857
P12o2DL  81 2026 07 11.5  21.7638  +7.6487 21.3 Updated July 13.00 UT           17   1.50 22.0  0.144
A11EvW0 100 2026 07 11.3  19.9570 -26.4051 19.3 Added July 11.32 UT              4   0.02 24.9  1.848
ST26G26 100 2026 07 10.5  20.4907  +1.5753 21.3 Updated July 12.25 UT            4   0.01 27.0  2.658
A11Evr9 100 2026 07 10.0  21.0749 -48.2867 18.0 Updated July 12.51 UT           11   2.35 24.2  0.738
TF26G22 100 2026 07 10.3  19.1947 +15.4601 20.1 Updated July 11.28 UT            2   0.94 25.8  1.888
ST26G18 100 2026 07 10.3   8.0609 +55.4364 26.0 Updated July 12.25 UT            4   0.02 26.1  2.793
ST26G17 100 2026 07 10.3   7.6936 -18.4080 28.3 Updated July 12.25 UT            2   0.00 28.8  2.836
A11Evap  84 2026 07 09.9  19.8336 -34.9738 19.1 Updated July 12.65 UT           22   2.25 21.9  0.950
P12o0YY  99 2026 07 09.5  20.7117 -21.0572 20.8 Updated July 12.25 UT            6   0.08 18.9  3.581
CEQJF02  74 2026 07 09.3  23.1786 +13.4061 21.7 Updated July 12.54 UT           26   3.01 27.2  0.775
P12o0Y1 100 2026 07 08.5  20.1649 -29.3335 21.3 Updated July 12.25 UT           12  18.41 22.5  3.161
P12nXce 100 2026 07 08.5  21.7373 -35.0551 21.1 Updated July 12.31 UT           14   3.65 21.5  0.964
P12nXcA  78 2026 07 08.5  20.9357 -22.4499 19.3 Updated July 12.14 UT           21   3.51 22.8  1.110
A11EpSe  80 2026 07 08.2  19.6385 -29.5298 19.2 Updated July 11.89 UT           16   3.70 19.0  1.249
W2nCdO   79 2026 07 07.4  19.1643 -24.8218 24.0 Updated July 12.25 UT           11  19.01 26.6  3.700
ST26G01  98 2026 07 07.2  21.3894 -61.2695 22.2 Updated July 12.25 UT           14   0.10 27.0  5.774
P22nTNT  10 2026 07 06.5  18.2862 +17.0777 21.1 Updated July 12.14 UT           27   5.67 19.1  0.993
MAS0006  35 2026 06 19.3  18.3506 +23.9342 19.9 Updated July 13.02 UT          153  23.31  8.9  0.514
OMO0297  87 2026 06 25.8  23.7208  +3.9579 21.8 Updated July 12.25 UT           12  12.63 20.1  4.670
P22nJzF  35 2026 06 22.5  22.4820 +18.7977 21.5 Updated July 12.25 UT           23  25.46 14.1  3.116
