ST26E57 100 2026 05 14.3  14.6745  -0.6163 19.5 Updated May 14.31 UT             4   0.03 27.0  0.012
CEM83E2 100 2026 05 14.3  13.9616  +1.4359 20.7 Added May 14.29 UT               4   0.02 24.2  0.036
CEM7YT2 100 2026 05 14.3  13.3278  +3.8645 20.0 Added May 14.28 UT               4   0.02 24.8  0.038
ST26E52 100 2026 05 14.2  13.6300  +0.8192 19.7 Updated May 14.27 UT             4   0.02 25.8  0.052
MZ26075 100 2026 05 13.8  16.5373  -5.5845 19.4 Added May 14.13 UT               3   0.01 25.1  0.495
A11CmCW 100 2026 05 13.3   3.8109 -78.6477 18.7 Added May 13.75 UT               4   0.02 24.5  0.943
A11CmCS 100 2026 05 13.3  16.3853 -39.7127 18.9 Added May 13.75 UT               4   0.04 25.4  1.002
OCA1642  84 2026 05 13.1  13.7665 -31.1644 19.4 Added May 13.56 UT               3   0.02 13.4  1.190
P22nay8  74 2026 05 13.4  15.7607  -1.9532 21.5 Updated May 14.14 UT             6   0.69 16.5  0.190
P22nawA  80 2026 05 13.4  15.1719  -3.1714 21.2 Updated May 14.26 UT            19  15.92 24.7  0.081
A11Cmv6 100 2026 05 13.0   8.6014 -50.5811 18.8 Updated May 14.10 UT            10   0.91 18.6  0.353
P22n4V7  96 2026 05 12.4  14.3722 -19.5942 21.8 Updated May 14.13 UT            15   1.72 21.1  0.202
P22n4V6  79 2026 05 12.4  13.9331 -22.9706 21.6 Updated May 14.23 UT            23   1.84 23.5  0.092
CEM28F2  91 2026 05 12.4  18.1359 +19.7901 20.6 Updated May 14.30 UT            27   1.61 24.7  0.306
P22n4PC  55 2026 05 12.4  13.9684 -13.5862 20.6 Updated May 14.21 UT            17   1.83 21.0  0.125
CEM26R2  13 2026 05 12.4  16.5998 +15.4609 20.6 Updated May 14.25 UT            21   2.69 17.0  0.078
CEM1XD2  13 2026 05 12.3  14.5108 +17.5472 22.2 Updated May 14.22 UT            20   6.88 19.2  0.108
SO0005e 100 2026 05 11.7  23.9098  +3.3344 25.8 Updated May 13.34 UT             3   0.00 28.9  2.606
SO0005d 100 2026 05 11.7  18.8340 -26.2244 21.3 Updated May 13.34 UT             4   0.00 28.3  2.605
SO0005c 100 2026 05 11.7  22.5305 -30.3935 23.1 Updated May 13.34 UT             3   0.00 28.3  2.659
SO0005b 100 2026 05 11.6  22.6701 -11.3247 21.8 Updated May 13.33 UT             3   0.00 26.7  2.670
CELXZH2 100 2026 05 11.3  14.7593 +24.2445 22.6 Updated May 13.34 UT             3   0.01 22.1  2.969
ST26E34 100 2026 05 10.5  14.8525 +18.8307 24.1 Updated May 13.34 UT             2   0.00 28.1  3.856
6E94521  10 2026 05 10.4  19.6205 -63.0590 19.5 Updated May 14.20 UT            41   3.81 19.0  0.142
ST26E18 100 2026 05 09.4  15.5072 -14.5222 24.1 Updated May 13.34 UT             4   0.00 30.3  4.951
CELRZD2 100 2026 05 09.2  12.3956 +36.9934 22.6 Updated May 13.33 UT             8   0.10 22.9  4.969
ST26E14 100 2026 05 08.4  13.3129  -2.7895 18.6 Updated May 13.34 UT             2   0.00 17.6  5.892
P22n0fQ  97 2026 05 07.4  15.0204 +10.7970 21.7 Updated May 13.34 UT             3   0.04 23.4  6.910
S001563  73 2026 05 07.0  12.9882 -27.0533 21.5 Updated May 13.34 UT             3   0.03 18.4  7.240
C1EUYV5  35 2026 04 27.5  17.2784 +18.7417 21.9 Updated May 13.76 UT            36 297.21 12.8  0.819
