P12nf3G  89 2026 05 17.5  16.2643  -7.9947 21.6 Added May 17.58 UT               3   0.02 24.2  0.110
P22nf3F  66 2026 05 17.5  17.5999 +36.8659 21.5 Added May 17.57 UT               4   0.04 17.0  0.079
A11CvyY  98 2026 05 17.4  14.1898 -24.3293 19.2 Updated May 17.59 UT            10   0.20 22.9  0.048
CEMVK32  98 2026 05 17.4  17.1265 +12.3289 21.7 Updated May 17.51 UT            14   0.11 19.4  0.137
CEMVGV2  98 2026 05 17.3  16.1359 +11.5916 20.0 Updated May 17.55 UT            21   0.20 25.9  0.071
CEMV1Q2  98 2026 05 17.3  15.1898  +7.6690 20.9 Updated May 17.44 UT            16   0.13 26.3  0.179
CEMUUC2 100 2026 05 17.3  14.4755  +9.7157 20.5 Updated May 17.39 UT            14   0.10 25.6  0.226
A11Cvk7 100 2026 05 16.9  14.0085 -73.2027 19.6 Added May 16.99 UT               4   0.03 21.5  0.682
CEMRK82  84 2026 05 16.5  21.5469  -9.9333 21.6 Added May 16.49 UT               3   0.01 17.7  1.147
6EF1B21  95 2026 05 16.2  15.3667 -17.5360 19.4 Updated May 17.57 UT            13   1.39 26.1  0.044
ST26E98  86 2026 05 16.3  19.2883 +32.0276 21.5 Updated May 17.34 UT            17   1.63 29.0  0.638
CEMK452  77 2026 05 16.3  14.2963  -4.5071 21.5 Updated May 17.33 UT            24   1.03 22.1  0.298
A11Cswo 100 2026 05 16.0  17.2358 -23.5330 18.6 Updated May 17.33 UT             4   0.02 22.1  1.609
ZTF10Du 100 2026 05 15.3  16.6735 -35.6418 18.9 Updated May 17.33 UT             4   0.03 26.4  2.313
ST26E84  98 2026 05 15.4  15.2589 +10.7658 20.4 Updated May 17.33 UT             6   0.47 26.4  1.722
ST26E76  74 2026 05 15.2  14.2234  +8.6991 23.1 Updated May 17.28 UT            17   2.00 30.8  0.374
ST26E75  98 2026 05 15.2   2.4696 -26.7994 25.1 Updated May 16.82 UT             7   0.09 28.6  2.291
P12neKs  91 2026 05 14.6  18.2851 +57.8299 20.3 Updated May 17.36 UT            48   2.50 15.4  0.539
P12nc1c  82 2026 05 14.5  16.7392  -5.9445 21.7 Updated May 17.45 UT            31   2.96 20.2  0.164
RFD0300 100 2026 05 13.0  19.5659 -44.6934 24.8 Updated May 16.38 UT             2   0.00 29.8  4.581
CEMAUH2 100 2026 05 14.4  16.1352  -8.2866 21.2 Updated May 16.38 UT             6   0.07 23.9  3.168
ST26E61 100 2026 05 14.3  16.6625  +0.7016 23.4 Updated May 16.38 UT             6   0.05 29.0  3.245
MZ26075 100 2026 05 13.8  16.8001  -1.0466 22.5 Updated May 16.37 UT             3   0.01 27.4  3.788
A11CmCW 100 2026 05 13.3   6.2262 -71.9796 20.8 Updated May 16.38 UT             4   0.02 24.8  4.236
A11CmCS 100 2026 05 13.3  17.1697 -31.2013 20.3 Updated May 16.38 UT             4   0.04 25.4  4.295
OCA1642  84 2026 05 13.1  13.7133 -31.3536 19.4 Updated May 16.37 UT             3   0.02 14.0  4.483
CEM26R2  10 2026 05 12.4  16.5383 +15.2601 20.5 Updated May 17.49 UT            38   5.52 17.0  0.540
CEM1XD2  11 2026 05 12.3  14.4433 +17.0528 22.3 Updated May 17.20 UT            25   9.86 19.3  0.426
S001563  73 2026 05 07.0  12.9803 -27.2076 21.7 Updated May 16.37 UT             3   0.03 18.3 10.533
C1EUYV5  35 2026 04 27.5  17.2327 +18.9071 21.9 Updated May 16.81 UT            36 300.17 12.8  1.150
