ST26E25 100 2026 05 10.2  14.7713  -0.4731 19.6 Added May 10.27 UT               2   0.00 25.1  0.030
CELU1Q2 100 2026 05 10.2  11.5814 +31.4030 21.7 Updated May 10.22 UT             3   0.02 19.5  0.054
ST26E24 100 2026 05 10.2  12.8885  -1.3295 19.4 Updated May 10.25 UT             8   0.06 28.9  0.028
P22n4ou  89 2026 05 09.4  14.7349  +7.5392 21.6 Updated May 10.23 UT            11   0.86 21.5  0.050
ZTF10Dn 100 2026 05 09.3  16.2644 -11.8554 18.3 Added May 9.51 UT                4   0.04 26.9  0.937
XA9ttXA  96 2026 05 08.8  15.1507  +1.7749 21.4 Added May 9.48 UT                3   0.03 19.7  1.481
ST26E18 100 2026 05 09.4  15.5246 -15.0051 20.2 Added May 9.37 UT                4   0.00 28.7  0.907
CELT2A2  96 2026 05 09.3  13.7080 +35.7871 20.6 Updated May 10.18 UT            17   0.91 21.7  0.091
CELT0C2  93 2026 05 09.2  12.9500 +39.6467 20.9 Updated May 10.15 UT            16   0.89 22.9  0.131
CELRZD2 100 2026 05 09.2  12.6178 +34.8252 21.6 Updated May 9.36 UT              8   0.10 22.8  0.925
TF26E23 100 2026 05 09.2  13.0954  -4.7717 16.7 Added May 9.23 UT                2   0.00 17.7  1.056
gb00845  77 2026 05 08.8  13.0468  -8.3721 20.1 Updated May 10.09 UT            44   1.29 23.9  0.186
P22n0x5  72 2026 05 08.5  15.2814 -15.6668 20.2 Updated May 10.09 UT            30   1.70 30.0  0.196
P22n0w4  77 2026 05 08.4  15.3467  +3.2057 20.1 Updated May 10.26 UT            37   1.79 23.9  0.106
ZTF10Dl 100 2026 05 08.3  18.2630 -15.4006 19.8 Added May 8.49 UT                4   0.03 27.0  1.904
ST26E14 100 2026 05 08.4  13.3987  -3.7275 18.0 Added May 8.45 UT                2   0.00 16.2  1.848
P22n0vC  26 2026 05 08.3  14.8405  +9.9950 22.3 Updated May 10.26 UT            22   1.91 19.8  0.025
CELLEH2  86 2026 05 08.3  15.8101 -15.6497 22.4 Updated May 10.22 UT            12   1.86 32.6  0.116
CELHF72  77 2026 05 08.3  14.9690 -10.1912 21.2 Updated May 10.14 UT            27   1.84 24.6  0.137
P22n0gv  96 2026 05 07.6  17.2192 +48.2048 21.1 Updated May 9.45 UT             22   1.84 21.3  0.834
P22n0fQ  97 2026 05 07.4  15.0918  +9.8557 22.1 Updated May 9.34 UT              3   0.04 24.3  2.865
ZTF10Di 100 2026 05 07.4  21.8534 -11.7001 21.8 Updated May 9.34 UT              4   0.02 27.4  2.880
S001563  73 2026 05 07.0  13.0034 -26.8658 21.4 Updated May 9.33 UT              3   0.03 17.7  3.196
P22mZLU  93 2026 05 06.3  11.7433 -17.5606 20.9 Updated May 10.26 UT            10   1.71 20.6  2.292
A11BX2S 100 2026 05 05.2  19.1724  +1.6093 20.1 Updated May 9.33 UT              2   0.01 24.8  5.043
A11BRI6  53 2026 05 03.0  10.5753 -40.3213 18.8 Updated May 8.52 UT             50   5.00 19.9  2.256
ZTF10Df  98 2026 05 02.2  10.4165  +1.4490 23.4 Updated May 9.33 UT              9   0.68 26.6  7.429
C1EUYV5  93 2026 04 27.5  17.3329 +18.5164 21.7 Updated May 9.32 UT             18  11.83 12.6  0.972
