A11EBEK 100 2026 07 12.1  20.3537 -46.8716 19.2 Added July 12.36 UT              4   0.05 21.1  0.271
A11EvW3  98 2026 07 12.2  18.0957 -13.9779 19.5 Updated July 12.37 UT            9   0.20 28.1  0.093
P12o4vO 100 2026 07 11.6   2.3061  -6.0999 17.7 Updated July 12.08 UT            3   0.01 26.3  0.858
P12o4vF  88 2026 07 11.5  22.6994 -18.3343 21.8 Added July 11.86 UT              4   0.03 20.3  0.881
P12o4vm  86 2026 07 11.5  22.4560 -18.1612 20.6 Added July 11.80 UT              4   0.03 18.4  0.882
P12o4vl  99 2026 07 11.5  22.4124 -19.1387 20.8 Added July 11.79 UT              4   0.03 19.1  0.882
P12o4vk  96 2026 07 11.5  22.3476 -20.7467 20.8 Updated July 12.06 UT            7  21.01 19.2  0.886
P12o4v9 100 2026 07 11.6  22.9556 -18.9285 20.7 Added July 11.79 UT              3   0.02 21.9  0.879
ZTF10El 100 2026 07 11.3  23.7805  -3.1161 20.0 Added July 11.69 UT              4   0.02 27.9  1.119
ZTF10En 100 2026 07 11.4  20.8483 +18.1721 19.1 Added July 11.69 UT              2   0.00 23.7  1.055
S001621 100 2026 07 11.2  21.9964 -32.7971 20.1 Added July 11.59 UT              3   0.04 20.3  1.191
P12o2DL 100 2026 07 11.5  21.7514  +6.7778 21.5 Updated July 12.31 UT           13   0.82 22.2  0.152
P12o2DM  98 2026 07 11.5  21.6927  +3.1361 21.7 Updated July 12.04 UT            5   0.10 26.6  0.876
A11EvW0 100 2026 07 11.3  19.6639 -26.8183 19.1 Added July 11.32 UT              4   0.02 24.9  1.182
ST26G26 100 2026 07 10.5  20.4823  +2.7071 20.9 Updated July 12.25 UT            4   0.01 27.0  1.991
A11Evr9 100 2026 07 10.0  21.2189 -49.3753 17.6 Updated July 12.25 UT            7   0.03 23.7  2.385
TF26G22 100 2026 07 10.3  18.8777 +14.2106 19.8 Updated July 11.28 UT            2   0.94 25.8  1.221
ST26G18 100 2026 07 10.3   7.1729 +70.5371 23.5 Updated July 12.25 UT            4   0.02 26.1  2.127
ST26G17 100 2026 07 10.3   7.6450 -18.7922 27.5 Updated July 12.25 UT            2   0.00 28.8  2.169
CEQKE72  78 2026 07 10.3  16.2897 +11.0858 20.9 Updated July 12.28 UT           33   1.86 23.1  0.337
A11Evap  86 2026 07 09.9  19.8241 -36.2121 19.2 Updated July 11.90 UT           17   1.97 21.9  0.566
P12o0YY  99 2026 07 09.5  20.7407 -21.3951 20.9 Updated July 12.25 UT            6   0.08 18.9  2.914
CEQJF02  76 2026 07 09.3  23.0031 +13.7373 21.5 Updated July 12.36 UT           22   3.01 27.2  0.108
P12o0Y1 100 2026 07 08.5  20.2117 -29.5269 21.3 Updated July 12.25 UT           12  18.41 22.5  2.494
P12nXce  96 2026 07 08.5  21.7846 -34.2921 21.1 Updated July 12.31 UT           14   3.65 21.5  0.298
P12nXcA  68 2026 07 08.5  20.9925 -23.9769 19.5 Updated July 12.14 UT           21   3.51 22.8  0.443
A11EpSe  75 2026 07 08.2  19.6458 -29.6442 19.2 Updated July 11.89 UT           16   3.70 19.0  0.583
W2nCdO   79 2026 07 07.4  19.1526 -24.7316 23.9 Updated July 12.25 UT           11  19.01 26.6  3.034
ST26G01  98 2026 07 07.2  21.1350 -60.6063 22.0 Updated July 12.25 UT           14   0.10 27.0  5.107
P22nTNT  10 2026 07 06.5  18.2923 +17.2807 21.1 Updated July 12.14 UT           27   5.67 19.1  0.326
MAS0006  35 2026 06 19.3  18.3549 +23.9235 19.9 Updated July 12.38 UT          151  22.68  8.9  0.472
OMO0297  87 2026 06 25.8  23.6992  +3.9190 21.9 Updated July 12.25 UT           12  12.63 20.1  4.003
P22nJzF  35 2026 06 22.5  22.4932 +18.8426 21.5 Updated July 12.25 UT           23  25.46 14.1  2.450
