P12onNB 100 2026 07 14.3  16.4772  -2.7912 21.7 Updated July 14.83 UT            8   0.04 22.0  0.793
XA9yiXA  23 2026 07 14.7  19.6544  -5.8179 20.0 Updated July 14.99 UT           30 2458.70 19.4  0.185
P12onNw  86 2026 07 14.3  17.5306  -1.8424 20.9 Updated July 14.83 UT            4   0.02 20.9  0.767
P12onNu  76 2026 07 14.3  17.2525  -5.8001 21.2 Updated July 14.84 UT            8   8.02 13.0  0.766
P12onNt 100 2026 07 14.4  19.8908 -35.4316 19.7 Updated July 14.83 UT            4   0.02 24.9  0.687
P12omkz 100 2026 07 14.4  20.4806 -34.2243 21.3 Added July 14.51 UT              3   0.03 22.4  0.649
P12omki  96 2026 07 14.4  16.6854 +12.2152 21.9 Updated July 15.03 UT            7   0.57 21.3  0.189
P12omkc  73 2026 07 14.4  19.6575 -38.1067 21.0 Added July 14.48 UT              4   0.02 18.3  0.687
P12o4wi 100 2026 07 13.5  21.8272  -6.8536 21.3 Updated July 14.75 UT           10   1.12 22.2  0.535
P12o4vO 100 2026 07 11.6   9.8114 -10.3487 26.1 Updated July 13.24 UT            3   0.01 26.0  3.525
P12o4vm  10 2026 07 11.5  22.4835 -18.5121 20.8 Updated July 15.00 UT           27 2567.86 19.2  0.793
P12o4vl  10 2026 07 11.5  22.4389 -18.8860 20.7 Updated July 15.00 UT           27 6165.40 19.4  0.802
ZTF10El 100 2026 07 11.3   0.7055  -3.1043 22.6 Updated July 13.24 UT            4   0.02 27.7  3.786
ZTF10En 100 2026 07 11.4   9.9207 -26.0127 28.7 Updated July 13.24 UT            2   0.00 29.8  3.722
S001621  10 2026 07 11.2  22.1604 -33.5683 20.9 Updated July 14.79 UT           19  32.96 22.0  0.609
A11EvW0 100 2026 07 11.3  20.5424 -25.1598 19.9 Updated July 13.23 UT            4   0.02 24.9  3.848
ST26G26 100 2026 07 10.5  20.4996  +0.5706 22.3 Updated July 14.24 UT            4   0.01 27.1  4.658
TF26G22 100 2026 07 10.3   7.7971 -17.9591 29.2 Updated July 14.67 UT            2   0.00 28.9  4.820
ST26G18 100 2026 07 10.3   8.3855 +42.5361 29.5 Updated July 14.24 UT            4   0.02 26.1  4.793
ST26G17 100 2026 07 10.3   7.5170 -19.8205 28.4 Updated July 14.23 UT            2   0.00 27.7  4.836
A11Evap  10 2026 07 09.9  19.8626 -30.8457 18.8 Updated July 14.79 UT           31   4.50 21.9  0.695
P12o0YY  99 2026 07 09.5  20.6272 -20.0691 20.7 Updated July 14.24 UT            6   0.08 18.6  5.581
A11EpSe  10 2026 07 08.2  19.6162 -29.1723 19.3 Updated July 14.56 UT           24   6.36 19.1  0.587
ST26G01  98 2026 07 07.2  21.9361 -62.2409 22.9 Updated July 14.23 UT           14   0.10 27.0  7.774
MAS0006  35 2026 06 19.3  18.3379 +23.9635 20.0 Updated July 15.06 UT          177  25.72  9.0  0.107
P22nJzF  35 2026 06 22.5  22.4476 +18.6550 21.5 Updated July 14.24 UT           23  25.46 14.1  5.116
