6EB3121 100 2026 05 12.0  10.2732  -7.0913 20.4 Added May 12.11 UT               3   0.01 22.5  0.158
SO0005e 100 2026 05 11.7  19.2486 -35.2788 18.5 Added May 12.10 UT               3   0.00 28.8  0.438
SO0005d 100 2026 05 11.7  16.9420 -33.0506 18.0 Added May 12.10 UT               4   0.00 27.8  0.437
SO0005c 100 2026 05 11.7  17.8716 -32.3459 18.8 Added May 12.05 UT               3   0.00 28.5  0.491
SO0005b 100 2026 05 11.6  20.8624 -26.5054 17.4 Added May 12.04 UT               3   0.00 26.6  0.502
CELY6P2  99 2026 05 11.4  17.0202 +18.5422 20.7 Updated May 12.03 UT            11   0.59 25.8  0.137
ST26E38  96 2026 05 11.3  17.5779  +6.4130 20.1 Updated May 12.09 UT            11   0.75 26.9  0.079
C469HY1  86 2026 05 11.4  17.5796 +15.8361 18.4 Updated May 12.10 UT            26   0.68 25.7  0.069
6EA3I21  62 2026 05 11.3  19.4308  -5.2287 17.0 Added May 11.37 UT               3   0.01 13.0  0.816
CELXZH2 100 2026 05 11.3  14.7997 +24.0378 22.7 Added May 11.37 UT               3   0.01 22.0  0.801
CELXRN2  91 2026 05 11.3  13.1374 +26.8413 21.1 Updated May 12.12 UT            19   0.83 22.2  0.042
TF26E51 100 2026 05 11.3  15.3584  +9.0568 19.3 Added May 11.28 UT               2   0.00 23.3  0.875
ST26E34 100 2026 05 10.5  14.6528 +26.2965 21.5 Added May 10.70 UT               2   0.00 26.4  1.688
6E94521  86 2026 05 10.4  19.4201 -57.9734 19.4 Updated May 12.14 UT            16   1.76 19.0  0.023
CELUGK2  93 2026 05 10.3  14.8150 +27.1691 21.5 Updated May 11.19 UT            21   0.85 24.4  0.964
ZTF10Do  98 2026 05 10.2  14.2250 +17.1270 18.3 Updated May 11.58 UT            11   1.27 27.1  0.644
CELU1Q2  96 2026 05 10.2  11.5872 +31.2450 21.4 Updated May 12.11 UT            15   1.90 26.2  0.051
ST26E24  98 2026 05 10.2   2.9042 -14.5411 26.6 Updated May 10.52 UT            13   0.29 29.1  1.673
ZTF10Dn 100 2026 05 09.3  16.8994 -12.9741 20.5 Updated May 11.31 UT             4   0.04 26.9  2.813
XA9ttXA  97 2026 05 08.8  15.1122  +1.8609 22.5 Updated May 11.23 UT            13   2.46 21.8  0.931
ST26E18 100 2026 05 09.4  15.4830 -14.3532 22.9 Updated May 11.31 UT             4   0.00 30.1  2.783
CELRZD2 100 2026 05 09.2  12.4974 +36.0217 22.2 Updated May 11.31 UT             8   0.10 22.6  2.801
TF26E23 100 2026 05 09.2  12.9532  -3.7776 17.8 Updated May 12.14 UT             2   0.00 19.6  2.932
ZTF10Dl 100 2026 05 08.3  18.8666 -15.5251 21.3 Updated May 10.31 UT             4   0.03 27.0  3.781
ST26E14 100 2026 05 08.4  13.3501  -3.2087 17.9 Updated May 10.31 UT             2   0.00 21.3  3.724
P22n0vC  24 2026 05 08.3  14.7942  +9.7239 22.4 Updated May 11.21 UT            25   2.87 19.9  0.944
CELLEH2  86 2026 05 08.3  15.8767 -16.6510 23.6 Updated May 11.82 UT            14   1.86 32.7  1.992
P22n0fQ  97 2026 05 07.4  15.0807 +10.0248 22.6 Updated May 11.31 UT             3   0.04 24.4  4.742
ZTF10Di 100 2026 05 07.4  22.1766 -10.7292 23.1 Updated May 11.31 UT             4   0.02 27.4  4.757
S001563  73 2026 05 07.0  12.9934 -26.9610 21.5 Updated May 11.31 UT             3   0.03 17.9  5.072
P22mZLU  68 2026 05 06.3  11.8157 -16.0333 21.0 Updated May 11.60 UT            17   4.96 20.7  0.916
A11BRI6  35 2026 05 03.0  10.9931 -39.3702 19.0 Updated May 12.03 UT            60   8.46 19.9  0.677
C1EUYV5  35 2026 04 27.5  17.3079 +18.6238 21.7 Updated May 11.29 UT            30  13.80 12.6  0.880
