A11D0Xd 100 2026 05 30.0  19.3606 -41.6540 18.9 Updated May 31.41 UT             4   0.01 23.9  2.317
NAOCYLA 100 2026 05 27.7  16.2279 -20.5145 20.8 Updated May 31.41 UT             4   0.13 22.4  4.491
C07PYDZ 100 2026 05 27.2  14.3135 +47.8662 21.6 Updated May 31.40 UT             4   0.02 19.9  5.157
C1F4195 100 2026 05 26.4  16.1891 +13.2983 23.5 Updated May 31.41 UT             7   0.07 27.6  5.909
C1F3245  48 2026 05 25.4  16.8819  +9.9707 22.5 Updated May 31.41 UT            11   1.00 20.2  5.913
C1F2HL5 100 2026 05 25.4  17.1317 -13.0640 22.5 Updated May 31.41 UT             8   0.07 25.5  6.935
NAOCLYL  80 2026 05 23.8  15.9270 -13.8718 22.1 Updated May 31.41 UT             4   0.10 22.0  8.506
A11CQzo 100 2026 05 24.4  22.6835 -15.0236 23.5 Updated May 31.41 UT             5   0.05 29.9  7.927
oKr0080 100 2026 05 23.9  23.5008 +18.7229 20.0 Updated May 31.41 UT             3   0.00 17.4  8.472
6EN3D21 100 2026 05 24.2  16.2643 -80.5563 20.0 Updated May 31.41 UT             3   0.01 22.4  8.127
NAOCBPP  99 2026 05 20.7  14.9998 -24.3936 22.6 Updated May 31.41 UT             4   0.13 22.5 11.512
P12nfaz  43 2026 05 20.3  13.1870 -26.3859 22.1 Updated May 31.41 UT            12   2.87 18.4  9.170
