P12orbt 100 2026 07 18.4  17.3556 +30.8245 20.0 Updated July 18.58 UT            6   0.11 23.0  0.095
P12orbb  99 2026 07 18.4  19.1643 +43.1919 21.8 Updated July 18.59 UT            5   0.15 22.1  0.091
ST26G69 100 2026 07 18.4  21.1413 +26.3496 18.7 Updated July 18.54 UT            5   0.04 23.5  0.184
ST26G68 100 2026 07 18.4  18.0131 +25.6919 17.3 Added July 18.38 UT              2   0.00 17.0  0.260
TF26G47 100 2026 07 18.2  18.2669 +21.4277 20.2 Added July 18.31 UT              2   0.00 24.5  0.385
ST26G65 100 2026 07 18.2  18.2497 +21.7244 20.3 Added July 18.30 UT              2   0.00 24.0  0.400
orA4607 100 2026 07 17.9  16.9738 +66.7843 20.3 Updated July 18.22 UT            3   0.01 19.6  0.674
ZTF10Ev 100 2026 07 17.4   9.0863 -56.3342 22.0 Added July 18.15 UT              4   0.00 27.7  1.228
RMM2026  35 2026 07 06.3  19.8361 -22.3101 21.8 Updated July 18.48 UT           31  26.84 19.0  0.289
ST26G54 100 2026 07 17.3  18.3233 +14.4648 20.0 Updated July 17.72 UT            5   0.05 21.1  1.243
oNj0343 100 2026 07 15.8  23.4881  +3.1570 21.8 Added July 17.29 UT              3   0.07 19.1  2.764
A11EQsq 100 2026 07 15.9  16.9862 -65.8906 22.1 Added July 17.27 UT              4   0.02 28.3  2.733
A11EQfd  72 2026 07 16.4  20.3845  -5.4173 19.6 Updated July 18.45 UT           40   1.98 26.8  0.351
ZTF10Er  98 2026 07 16.3   4.8583 -40.3281 23.5 Updated July 18.51 UT            8   0.11 30.3  2.247
P12ooQQ  82 2026 07 16.6  20.9740  +2.2679 21.2 Updated July 18.26 UT           11   1.91 21.2  0.377
P22ooQq 100 2026 07 16.6   1.9857 +11.4894 21.7 Updated July 17.54 UT            7   0.94 19.8  1.102
P22ooPS 100 2026 07 16.5  10.2426 -29.1531 21.3 Updated July 18.23 UT            3   0.02 25.3  2.103
P22ooOw 100 2026 07 16.3  17.6855 +55.6229 22.2 Updated July 18.52 UT           15   2.03 21.0  0.269
P12ooOy 100 2026 07 16.3  15.1307 +18.3627 22.4 Updated July 18.51 UT           13   2.03 22.3  0.253
P22ooOs 100 2026 07 16.4  20.5372  +9.8175 22.3 Updated July 18.52 UT           12   2.04 23.2  0.207
ST26G49 100 2026 07 16.4   0.8762 -35.9308 20.4 Updated July 18.23 UT            4   0.04 27.5  2.216
X89848   77 2026 07 14.8  22.0945 -13.1113 19.7 Updated July 17.24 UT            3   0.03 15.6  3.840
P12onSk 100 2026 07 15.5  22.3300 -32.6227 21.1 Updated July 17.53 UT            9   2.00 20.6  1.113
P12onSi  77 2026 07 15.5  22.0024 -23.5397 20.9 Updated July 17.52 UT           13  23.89 20.4  1.189
P12onSj  93 2026 07 15.5  22.8038 -29.1508 21.0 Updated July 17.53 UT            9   2.00 18.8  1.110
ZTF10Ep 100 2026 07 15.3   4.3378  +0.5462 24.0 Updated July 17.24 UT            4   0.04 27.0  3.247
P12onRT  86 2026 07 15.4  20.4518 -39.3075 19.7 Updated July 17.93 UT           16   2.48 20.9  0.709
W2onRQ  100 2026 07 15.4  20.0310 -19.4501 20.6 Updated July 17.23 UT            4   0.00 26.7  3.200
P12onRm  91 2026 07 15.4  19.7099 -25.9737 21.1 Updated July 17.65 UT           11   2.04 22.2  1.198
ST26G39  10 2026 07 15.2  17.8556 +42.3085 22.1 Updated July 18.52 UT           28   3.12 26.0  0.282
P12onNw  35 2026 07 14.3  17.4971  -1.6306 20.7 Updated July 18.42 UT           27   6.11 12.3  0.252
TF26G22 100 2026 07 10.3   2.5348 -34.9023 22.5 Updated July 17.24 UT            2   0.00 25.3  8.320
P22nJzF  35 2026 06 22.5  22.3849 +18.3767 21.5 Updated July 17.24 UT           28 300.05 14.2  3.185
