P22n4ou  89 2026 05 09.4  14.7357  +7.5549 21.2 Updated May 10.10 UT             7   0.73 20.9  0.054
ZTF10Dn 100 2026 05 09.3  16.1502 -11.6208 18.1 Added May 9.51 UT                4   0.04 26.9  0.812
XA9ttXA  96 2026 05 08.8  15.1532  +1.7671 21.4 Added May 9.48 UT                3   0.03 19.7  1.356
ST26E18 100 2026 05 09.4  15.4748 -14.5005 20.0 Added May 9.37 UT                4   0.00 28.7  0.782
CELT2A2 100 2026 05 09.3  13.7208 +35.8895 20.7 Updated May 10.11 UT            13   0.83 21.8  0.045
CELT0C2  98 2026 05 09.2  12.9704 +39.2542 21.0 Updated May 10.12 UT            12   0.86 23.0  0.040
CELRZD2 100 2026 05 09.2  12.6278 +34.7211 21.6 Updated May 9.36 UT              8   0.10 22.8  0.800
TF26E23 100 2026 05 09.2  13.1184  -4.9153 16.7 Added May 9.23 UT                2   0.00 17.7  0.931
gb00845  72 2026 05 08.8  13.0530  -7.5378 20.1 Updated May 10.09 UT            44   1.29 23.9  0.061
P22n0x5  72 2026 05 08.5  15.2619 -15.9371 20.2 Updated May 10.09 UT            30   1.70 30.0  0.071
P22n0w4  72 2026 05 08.4  15.3493  +2.9216 20.1 Updated May 10.11 UT            33   1.72 23.8  0.052
ZTF10Dl 100 2026 05 08.3  18.1888 -15.3614 19.6 Added May 8.49 UT                4   0.03 27.0  1.779
CELR3G2  98 2026 05 08.5  17.0249  -5.3213 22.0 Updated May 9.45 UT             15   0.97 29.0  0.716
ST26E14 100 2026 05 08.4  13.4018  -3.7611 18.0 Added May 8.45 UT                2   0.00 16.2  1.723
P22n0vC  36 2026 05 08.3  14.8436 +10.0121 22.2 Updated May 9.29 UT             19   0.95 19.7  0.863
CELLEH2  96 2026 05 08.3  15.8024 -15.5345 22.3 Updated May 9.38 UT             12   1.03 32.6  0.823
CELHF72  87 2026 05 08.3  14.9654 -10.3328 21.3 Updated May 9.34 UT             22   1.00 24.7  0.847
P22n0gv  96 2026 05 07.6  17.2319 +48.2670 21.1 Updated May 9.45 UT             22   1.84 21.3  0.709
P22n0fQ  97 2026 05 07.4  15.0929  +9.8379 22.1 Updated May 9.34 UT              3   0.04 24.3  2.740
ZTF10Di 100 2026 05 07.4  21.8036 -11.8434 21.7 Updated May 9.34 UT              4   0.02 27.4  2.755
S001563  73 2026 05 07.0  13.0040 -26.8593 21.4 Updated May 9.33 UT              3   0.03 17.7  3.071
P22mZLU  93 2026 05 06.3  11.7386 -17.6618 20.9 Updated May 10.14 UT            10   1.71 20.6  2.167
A11BX2S 100 2026 05 05.2  19.1497  +1.6593 20.0 Updated May 9.33 UT              2   0.01 24.8  4.917
A11BRI6  53 2026 05 03.0  10.5437 -40.3790 18.7 Updated May 8.52 UT             50   5.00 19.9  2.131
ZTF10Df  98 2026 05 02.2  10.4156  +1.4507 23.4 Updated May 9.33 UT              9   0.68 26.6  7.304
C1EUYV5  93 2026 04 27.5  17.3346 +18.5091 21.7 Updated May 9.32 UT             18  11.83 12.6  0.847
