6EI3621 100 2026 05 19.1  12.7333  -6.9086 20.2 Added May 19.15 UT               3   0.01 22.0  0.110
NAOCAN7 100 2026 05 17.7  15.2734 -21.7161 20.6 Added May 19.07 UT               4   0.10 19.6  1.346
KPMa1Ih  87 2026 05 18.1  11.1345 -25.0680 23.2 Added May 18.68 UT               5   0.01 21.2  1.095
A11CDyX 100 2026 05 18.0  10.8261 -32.8894 19.7 Updated May 19.02 UT             9   0.92 20.6  0.228
P22nf7G 100 2026 05 17.6  16.2249 +35.5302 22.1 Added May 17.77 UT               4   0.04 22.8  1.593
P22nf3F  32 2026 05 17.5  17.5986 +37.1374 21.4 Updated May 18.35 UT            12   0.81 19.0  0.896
CEMVK32 100 2026 05 17.4  16.9910 +11.5769 21.5 Updated May 19.19 UT            32   6.64 20.1  0.121
A11Cvk7 100 2026 05 16.9  13.4576 -71.8816 19.6 Updated May 18.37 UT             4   0.03 22.7  2.269
CEMRK82  84 2026 05 16.5  21.5917 -10.2422 21.5 Updated May 18.37 UT             3   0.01 17.3  2.733
A11Cswo 100 2026 05 16.0  17.1456 -23.1684 18.4 Updated May 18.37 UT             4   0.02 20.9  3.195
ST26E84  98 2026 05 15.4  15.5296 +10.6547 20.9 Updated May 18.37 UT             6   0.47 26.4  3.308
ST26E75  98 2026 05 15.2   2.5174 -22.1480 26.9 Updated May 18.37 UT             7   0.09 28.6  3.877
P12neKs  35 2026 05 14.6  18.2365 +57.7042 20.1 Updated May 19.12 UT            67   4.41 15.2  0.219
CEMAUH2 100 2026 05 14.4  15.9466 -14.2035 21.2 Updated May 18.39 UT             6   0.07 23.9  4.754
C1EUYV5  35 2026 04 27.5  17.2103 +18.9807 21.9 Updated May 16.81 UT            36 300.17 12.8  2.736
