A11Cvk7 100 2026 05 16.9  14.2046 -73.5331 19.6 Added May 16.99 UT               4   0.03 21.5  0.182
CEMRK82  79 2026 05 16.5  21.5328  -9.8391 21.6 Added May 16.49 UT               3   0.01 17.7  0.647
6EF1B21  99 2026 05 16.2  15.2950 -17.8092 20.1 Added May 16.40 UT               3   0.01 21.4  0.923
ST26E98  88 2026 05 16.3  18.6868 +25.5482 20.9 Updated May 16.79 UT            17   1.12 29.0  0.648
CEMK452  84 2026 05 16.3  14.2888  -4.5868 21.5 Updated May 17.04 UT            16   0.75 22.2  0.080
ST26E89  84 2026 05 16.2  12.8816  -7.9243 16.6 Updated May 17.04 UT            61   0.79 28.9  0.110
CEMEEG2  91 2026 05 16.2  12.3527  -9.2515 20.9 Updated May 17.01 UT            20   0.77 24.5  0.143
A11Cswo 100 2026 05 16.0  17.2619 -23.6575 18.8 Added May 16.13 UT               4   0.02 20.7  1.109
ZTF10Du 100 2026 05 15.3  16.2803 -34.1029 18.5 Added May 15.45 UT               4   0.03 26.1  1.813
ST26E84  98 2026 05 15.4  15.1479 +10.7838 20.3 Updated May 16.23 UT             6   0.47 26.4  1.222
ST26E76  86 2026 05 15.2  14.2659  +8.4357 22.6 Updated May 16.22 UT            17   0.93 30.7  0.945
ST26E75  98 2026 05 15.2   2.4195 -31.2677 23.9 Updated May 16.82 UT             7   0.09 28.6  1.791
6EE3C21  72 2026 05 15.2  15.9072 -18.4326 19.5 Updated May 17.06 UT            34   1.85 25.8  0.064
A11Cr0m  84 2026 05 15.0  16.0948 -49.3007 17.8 Updated May 17.02 UT            23   2.03 20.1  0.103
P12neKs  91 2026 05 14.6  18.3001 +57.8655 20.2 Updated May 16.98 UT            39   2.40 15.3  0.140
P12nc1c  84 2026 05 14.5  16.7532  -6.0959 21.7 Updated May 16.36 UT            28   1.87 20.1  0.754
RFD0300 100 2026 05 13.0  19.5024 -44.5569 24.6 Updated May 16.38 UT             2   0.00 29.8  4.081
CEMAUH2 100 2026 05 14.4  16.1956  -6.3410 21.3 Updated May 16.38 UT             6   0.07 23.9  2.668
ST26E61 100 2026 05 14.3  16.6325  +0.6715 23.1 Updated May 16.38 UT             6   0.05 29.0  2.745
MZ26075 100 2026 05 13.8  16.7817  -1.3887 22.2 Updated May 16.37 UT             3   0.01 27.4  3.288
A11CmCW 100 2026 05 13.3   6.1333 -72.5053 20.6 Updated May 16.38 UT             4   0.02 24.8  3.736
A11CmCS 100 2026 05 13.3  17.1097 -31.9746 20.2 Updated May 16.38 UT             4   0.04 25.4  3.795
OCA1642  84 2026 05 13.1  13.7212 -31.3266 19.4 Updated May 16.37 UT             3   0.02 14.0  3.983
CEM26R2  10 2026 05 12.4  16.5479 +15.2952 20.7 Updated May 16.91 UT            35   5.35 17.1  0.208
CEM1XD2  16 2026 05 12.3  14.4533 +17.1325 22.2 Updated May 16.38 UT            22   7.84 19.2  1.950
SO0005e 100 2026 05 11.7   0.2846  +7.5887 27.9 Updated May 16.38 UT             3   0.00 29.4  5.399
SO0005d 100 2026 05 11.7  19.2414 -23.7668 22.8 Updated May 16.38 UT             4   0.00 28.1  5.398
S001563  73 2026 05 07.0  12.9810 -27.1861 21.6 Updated May 16.37 UT             3   0.03 18.3 10.033
C1EUYV5  35 2026 04 27.5  17.2397 +18.8831 21.9 Updated May 16.81 UT            36 300.17 12.8  0.650
