P22n55t  75 2026 05 12.4  15.0512 -13.3949 21.2 Added May 12.53 UT               4   0.04 22.3  0.087
P22n52K 100 2026 05 12.4  15.2312 -11.3215 20.9 Added May 12.53 UT               2   0.01 24.3  0.109
P22n4V7 100 2026 05 12.4  14.4263 -20.2096 21.6 Added May 12.47 UT               3   0.04 22.3  0.139
P22n4V6 100 2026 05 12.4  14.0351 -22.8316 21.6 Added May 12.47 UT               4   0.04 17.8  0.142
P22n4V9  97 2026 05 12.4  14.4014 -16.6146 21.8 Added May 12.46 UT               4   0.04 23.9  0.137
P22n4V8 100 2026 05 12.4  14.3824 -15.9701 21.0 Added May 12.46 UT               3   0.02 22.2  0.137
CEM28F2 100 2026 05 12.4  17.4439 +15.3491 21.1 Updated May 12.47 UT             9   0.06 25.2  0.104
P22n4PE 100 2026 05 12.3  13.6488  -9.3643 20.3 Added May 12.43 UT               3   0.04 24.6  0.186
P22n4PD 100 2026 05 12.4  13.7529  -8.4764 20.8 Added May 12.42 UT               3   0.02 25.9  0.183
P22n4PC  69 2026 05 12.4  13.9733 -14.9520 20.7 Added May 12.42 UT               3   0.02 18.6  0.180
P22n4PB  93 2026 05 12.3  13.6422 -10.3750 20.8 Added May 12.42 UT               4   0.04 20.8  0.186
C469Q01 100 2026 05 12.4  16.5990  -5.0452 18.3 Updated May 12.47 UT            12   0.07 26.5  0.097
CEM26R2  69 2026 05 12.4  16.6310 +15.5391 20.7 Updated May 12.43 UT             7   0.04 17.8  0.139
C469P61 100 2026 05 12.4  15.8242  -6.9211 18.8 Updated May 12.44 UT            11   0.07 27.5  0.127
CEM1YU2  98 2026 05 12.3  15.1861 +12.1978 20.6 Updated May 12.43 UT            12   0.10 28.1  0.141
CEM20F2  98 2026 05 12.3  14.8190 +17.6030 22.0 Updated May 12.43 UT            12   0.10 27.0  0.138
ST26E46 100 2026 05 12.3  17.0728 -20.9981 18.8 Updated May 12.39 UT       S     7   0.07 32.8  0.180
CEM1XD2  75 2026 05 12.3  14.5481 +17.7796 22.0 Updated May 12.41 UT            11   0.11 17.1  0.152
ST26E41  98 2026 05 12.3  15.1594 -16.0117 19.3 Updated May 12.40 UT            12   0.11 28.7  0.174
CEM1R02 100 2026 05 12.3  13.6605 +16.8964 21.6 Updated May 12.42 UT            12   0.14 21.2  0.147
ST26E39 100 2026 05 12.2  13.0035 -19.5762 19.5 Updated May 12.26 UT            10   0.07 23.5  0.303
6EB3121 100 2026 05 12.0  10.2977  -9.1251 20.0 Updated May 12.18 UT             9   0.19 23.7  0.401
SO0005e 100 2026 05 11.7  21.6102 -21.3376 20.6 Added May 12.10 UT               3   0.00 28.8  0.855
SO0005d 100 2026 05 11.7  17.8508 -30.6375 19.0 Added May 12.10 UT               4   0.00 27.8  0.854
SO0005c 100 2026 05 11.7  19.6873 -36.6067 19.9 Added May 12.05 UT               3   0.00 28.5  0.908
SO0005b 100 2026 05 11.6  21.9422 -18.2809 19.0 Added May 12.04 UT               3   0.00 26.6  0.918
C469HY1  91 2026 05 11.4  18.2609 +28.2783 18.8 Updated May 12.32 UT            40   0.92 25.7  0.249
CELXZH2 100 2026 05 11.3  14.7912 +24.0813 22.7 Added May 11.37 UT               3   0.01 22.0  1.218
ST26E34 100 2026 05 10.5  14.8770 +17.7265 22.8 Updated May 12.32 UT             2   0.00 28.1  2.105
6E94521  84 2026 05 10.4  19.4545 -58.9512 19.5 Updated May 12.49 UT            28   2.04 19.0  0.163
XA9ttXA  77 2026 05 08.8  15.1035  +1.8789 22.5 Updated May 12.19 UT            16   3.41 21.8  0.397
ST26E18 100 2026 05 09.4  15.4947 -14.4753 23.1 Updated May 11.31 UT             4   0.00 30.1  3.200
CELRZD2 100 2026 05 09.2  12.4725 +36.2674 22.3 Updated May 12.32 UT             8   0.10 22.7  3.218
TF26E23 100 2026 05 09.2  12.9251  -3.5933 17.9 Updated May 12.56 UT             2   0.00 19.6  3.349
ZTF10Dl 100 2026 05 08.3  18.9107 -15.5262 21.4 Updated May 12.32 UT             4   0.03 26.9  4.197
ST26E14 100 2026 05 08.4  13.3458  -3.1690 18.2 Updated May 12.32 UT             2   0.00 19.8  4.141
P22n0vC  10 2026 05 08.3  14.7839  +9.6603 22.3 Updated May 12.45 UT            31   4.10 19.9  0.136
P22n0fQ  97 2026 05 07.4  15.0783 +10.0538 22.7 Updated May 11.31 UT             3   0.04 24.4  5.158
S001563  73 2026 05 07.0  12.9935 -26.9789 21.6 Updated May 12.31 UT             3   0.03 18.9  5.489
P22mZLU  73 2026 05 06.3  11.8322 -15.6946 21.0 Updated May 11.60 UT            17   4.96 20.7  1.333
A11BRI6  35 2026 05 03.0  11.0731 -39.1477 19.0 Updated May 12.26 UT            64   9.09 19.9  0.460
C1EUYV5  35 2026 04 27.5  17.3022 +18.6471 21.8 Updated May 12.54 UT            33  15.04 12.7  0.058
