C1F2X35  93 2026 05 25.4  16.3634  +2.2869 22.1 Added May 25.40 UT               4   0.02 22.9  0.017
C1F2HL5 100 2026 05 25.4  16.2699 -11.3059 22.2 Added May 25.38 UT               4   0.02 28.4  0.037
C1F2HK5  95 2026 05 25.4  16.2219 -11.0210 21.8 Added May 25.38 UT               4   0.02 26.2  0.037
C1F1TD5 100 2026 05 25.3  15.4979  +4.8937 22.1 Added May 25.33 UT               4   0.02 27.4  0.082
C03UYWZ 100 2026 05 23.4  16.7605  +9.9763 22.9 Added May 25.30 UT               4   0.02 25.5  1.944
6EO3221  98 2026 05 25.0  11.2060 -40.7922 17.5 Updated May 25.37 UT            22   0.35 23.5  0.069
A11CUyv  96 2026 05 24.1  17.6076 -57.6932 18.8 Updated May 25.10 UT             7   0.92 17.9  0.344
A11CUyu  86 2026 05 24.4  18.6239  +7.6424 18.3 Updated May 25.34 UT            40   0.88 20.3  0.077
P12nfw2 100 2026 05 24.6  21.0092  -4.1096 21.2 Added May 24.67 UT               3   0.02 22.3  0.799
NAOCLYL  85 2026 05 23.8  15.8965 -20.4228 21.6 Added May 24.59 UT               4   0.10 21.5  1.554
A11CQzo 100 2026 05 24.4  20.1257 -19.1749 18.6 Added May 24.51 UT               5   0.05 29.9  0.976
P12nfqd 100 2026 05 24.4  15.9502 -23.1099 20.5 Updated May 25.14 UT             7   0.71 21.4  0.288
oKr0080 100 2026 05 23.9  23.4843 +18.5232 20.2 Added May 24.47 UT               3   0.00 15.5  1.521
C1F1535  87 2026 05 24.4  16.7573  +6.2442 22.5 Updated May 25.30 UT            11   0.87 23.3  0.125
C1F0TQ5  89 2026 05 24.4  15.9111  -7.1128 21.7 Updated May 25.39 UT            15   2.93 24.3  0.145
C1F0EU5  87 2026 05 24.3  15.4312 -10.0891 22.1 Updated May 24.39 UT             8   0.07 14.8  1.020
C1F0295  90 2026 05 24.3  15.3344  -7.2895 22.1 Updated May 25.21 UT            17   0.88 22.2  0.214
6EN3D21 100 2026 05 24.2  16.6171 -79.2519 18.9 Updated May 25.35 UT             3   0.01 21.1  1.176
C1EYPU5 100 2026 05 23.4  15.8466  +3.1944 22.9 Updated May 25.26 UT            11   1.87 24.2  0.162
C1EYPT5  77 2026 05 23.4  15.8078  +0.7394 21.8 Updated May 25.24 UT            25   1.85 24.2  0.182
C1EYD55  69 2026 05 23.3  15.7723 -13.3147 22.1 Updated May 25.35 UT            12   0.95 20.1  1.131
NAOCBPP  99 2026 05 20.7  14.8878 -20.3009 22.2 Updated May 25.35 UT             4   0.13 22.4  4.561
C46CD31 100 2026 05 21.4   1.4593  -3.1244 27.1 Updated May 25.35 UT             7   0.05 28.6  3.968
ST26ED1  98 2026 05 21.2   1.6866 -14.7018 27.6 Updated May 25.35 UT            20   0.16 30.2  4.026
TF26EE0 100 2026 05 20.5  16.3562  +8.8092 24.6 Updated May 24.34 UT             4   0.02 28.8  4.927
ST26EC8  98 2026 05 20.4  21.5480 -30.8492 22.8 Updated May 25.35 UT             6   0.14 28.6  4.974
ST26EC7  98 2026 05 20.4   2.4662  -8.4042 30.0 Updated May 25.35 UT             6   0.11 30.3  4.980
ST26EC5 100 2026 05 20.3  15.2204 -18.7258 20.8 Updated May 25.35 UT             4   0.03 24.6  5.072
P12nfaz  43 2026 05 20.3  13.2220 -27.6790 21.9 Updated May 24.34 UT            12   2.87 18.3  2.219
NAOCAN7 100 2026 05 17.7  15.2819 -21.8874 21.0 Updated May 24.34 UT             4   0.10 19.9  7.558
KPMa1Ih  87 2026 05 18.1  11.1246 -27.8953 23.4 Updated May 24.34 UT             5   0.01 20.8  7.308
CEMVK32  53 2026 05 17.4  16.5084  +8.5931 21.7 Updated May 24.42 UT            50  11.97 20.1  1.006
P12neKs  35 2026 05 14.6  18.0340 +57.0124 19.9 Updated May 25.03 UT           167  10.45 15.1  0.391
