TF26G49 100 2026 07 18.4  21.2056 +25.8848 18.6 Added July 18.45 UT              2   0.00 21.8  0.017
ST26G69 100 2026 07 18.4  21.2051 +25.8878 18.6 Updated July 18.43 UT            4   0.02 21.7  0.038
ST26G68 100 2026 07 18.4  18.0179 +25.7051 17.2 Added July 18.38 UT              2   0.00 17.0  0.093
TF26G47 100 2026 07 18.2  18.4560 +20.5070 20.0 Added July 18.31 UT              2   0.00 24.5  0.218
ST26G65 100 2026 07 18.2  18.4623 +20.5377 20.2 Added July 18.30 UT              2   0.00 24.0  0.233
orA4607 100 2026 07 17.9  16.9804 +66.6141 20.3 Updated July 18.22 UT            3   0.01 19.6  0.507
ZTF10Ev 100 2026 07 17.4   9.0442 -56.1943 21.6 Added July 18.15 UT              4   0.00 27.7  1.061
RMM2026  35 2026 07 06.3  19.8383 -22.3011 21.7 Updated July 18.06 UT           28  26.53 18.9  0.439
ST26G54 100 2026 07 17.3  18.3256 +14.5329 20.0 Updated July 17.72 UT            5   0.05 21.1  1.076
oNj0343 100 2026 07 15.8  23.4929  +3.2070 21.8 Added July 17.29 UT              3   0.07 19.1  2.597
A11EQsq 100 2026 07 15.9  16.9842 -65.8813 22.0 Added July 17.27 UT              4   0.02 28.3  2.566
A11EQfd  72 2026 07 16.4  20.3263  -6.3919 19.5 Updated July 18.45 UT           40   1.98 26.8  0.184
ZTF10Er  98 2026 07 16.3   4.7405 -41.1645 23.2 Updated July 18.16 UT            7   0.11 30.3  2.080
P12ooQQ  82 2026 07 16.6  20.9731  +2.2567 21.2 Updated July 18.26 UT           11   1.91 21.2  0.210
P22ooQq 100 2026 07 16.6   1.9799 +11.3383 21.7 Updated July 17.54 UT            7   0.94 19.8  0.935
P22ooPS 100 2026 07 16.5   9.9003 -31.3157 20.7 Updated July 18.23 UT            3   0.02 25.3  1.936
P22ooOw 100 2026 07 16.3  17.6889 +55.5915 22.2 Updated July 17.71 UT           10   0.99 21.0  1.137
P12ooOy 100 2026 07 16.3  15.1350 +18.3356 22.4 Updated July 17.65 UT           10   0.95 22.4  1.161
P22ooOs 100 2026 07 16.4  20.5417  +9.8689 22.1 Updated July 18.25 UT            9   1.85 23.1  0.226
ST26G49 100 2026 07 16.4   0.6272 -36.0850 20.1 Updated July 18.23 UT            4   0.04 27.5  2.049
X89848   77 2026 07 14.8  22.0947 -13.1066 19.7 Updated July 17.24 UT            3   0.03 15.6  3.673
P12onSk  87 2026 07 15.5  22.3284 -32.5923 21.1 Updated July 17.53 UT            9   2.00 20.6  0.946
P12onSi  77 2026 07 15.5  22.0030 -23.5693 20.9 Updated July 17.52 UT           13  23.89 20.4  1.023
P12onSj  88 2026 07 15.5  22.8015 -29.1123 21.0 Updated July 17.53 UT            9   2.00 18.8  0.943
ZTF10Ep 100 2026 07 15.3   4.2762  +0.2350 23.8 Updated July 17.24 UT            4   0.04 27.0  3.080
P12onRT  86 2026 07 15.4  20.4503 -39.3500 19.7 Updated July 17.93 UT           16   2.48 20.9  0.542
W2onRQ  100 2026 07 15.4  20.0274 -19.8429 20.6 Updated July 17.23 UT            4   0.00 26.7  3.033
P12onRm  91 2026 07 15.4  19.7080 -25.8830 21.1 Updated July 17.65 UT           11   2.04 22.2  1.031
ST26G39  74 2026 07 15.2  17.8731 +41.8435 22.0 Updated July 17.71 UT           25   2.10 26.0  1.131
P12onNw  35 2026 07 14.3  17.4986  -1.6402 20.7 Updated July 18.42 UT           27   6.11 12.3  0.085
TF26G22 100 2026 07 10.3   2.4862 -34.7974 22.5 Updated July 17.24 UT            2   0.00 25.3  8.153
P22nJzF  35 2026 06 22.5  22.3879 +18.3909 21.5 Updated July 17.24 UT           28 300.05 14.2  3.018
