ST26G35 100 2026 07 11.3  22.3225 +13.6072 19.9 Updated July 11.42 UT           10   0.08 28.0  0.060
CEQM6J2  98 2026 07 11.3  21.3148 -10.1861 19.3 Updated July 11.40 UT            8   0.10 26.0  0.065
A11EvW0 100 2026 07 11.3  19.2123 -27.1818 19.1 Added July 11.32 UT              4   0.02 24.9  0.182
ST26G32 100 2026 07 11.2  20.3976 +10.7419 20.0 Added July 11.30 UT              2   0.00 27.6  0.208
ST26G30  98 2026 07 11.2  18.1948 +12.3420 19.5 Updated July 11.41 UT            6   0.17 27.6  0.057
ST26G29 100 2026 07 11.2  18.1908 +11.1156 18.3 Added July 11.28 UT              2   0.00 25.0  0.235
ST26G26 100 2026 07 10.5  20.4588  +5.3078 19.9 Updated July 10.83 UT            4   0.01 26.8  0.991
ZTF10Ek  86 2026 07 10.3  18.1036 +11.0941 19.1 Updated July 11.18 UT           13   1.86 29.9  0.285
A11Evr9 100 2026 07 10.0  22.1385 -54.0525 18.2 Added July 10.39 UT              7   0.03 23.3  1.385
TF26G22 100 2026 07 10.3  18.1898 +11.1088 19.3 Updated July 11.28 UT            2   0.94 25.8  0.221
ST26G18 100 2026 07 10.3  21.6015 +47.4465 20.2 Updated July 10.38 UT            4   0.02 25.7  1.127
ST26G17 100 2026 07 10.3  21.3241  +3.1641 20.0 Added July 10.37 UT              2   0.00 26.3  1.169
CEQKE72  92 2026 07 10.3  16.2520 +11.3876 20.8 Updated July 11.17 UT           18   0.90 23.0  0.294
A11Evap 100 2026 07 09.9  19.8099 -37.9492 19.4 Updated July 10.95 UT           10   0.95 21.8  0.579
P12o0YY  99 2026 07 09.5  20.7835 -21.8907 20.9 Updated July 11.23 UT            6   0.08 19.1  1.914
CEQJF02  86 2026 07 09.3  22.6726 +14.2681 21.0 Updated July 11.42 UT           19   1.83 27.1  0.291
P12o0Y1 100 2026 07 08.5  20.2826 -29.8098 21.3 Updated July 10.65 UT           12  18.41 22.4  1.494
P12nXce 100 2026 07 08.5  21.8540 -33.1213 21.1 Updated July 11.23 UT            9   1.02 21.5  1.931
P12nXcA  68 2026 07 08.5  21.0630 -25.8324 19.9 Updated July 11.45 UT           18   2.62 22.8  0.336
P12nXcf 100 2026 07 08.5  20.9618 -18.1015 21.3 Updated July 10.65 UT           17   1.02 24.0  1.927
A11EpSe  95 2026 07 08.2  19.6566 -29.8115 19.5 Updated July 11.15 UT           13   2.94 19.2  0.340
W2nCdO   79 2026 07 07.4  19.1339 -24.5848 23.7 Updated July 11.23 UT           11  19.01 26.6  2.034
ST26G01  98 2026 07 07.2  20.6557 -58.9461 21.5 Updated July 11.23 UT           14   0.10 27.0  4.107
P22nTNT  10 2026 07 06.5  18.3017 +17.5778 21.0 Updated July 11.23 UT           24   2.71 19.0  2.285
P22nTLB  21 2026 07 06.3  17.6912  +7.7299 22.2 Updated July 11.23 UT           20   2.87 19.6  2.278
MAS0006  35 2026 06 19.3  18.3613 +23.9065 20.0 Updated July 10.96 UT          139  21.63  9.0  0.522
OMO0297  87 2026 06 25.8  23.6664  +3.8562 21.9 Updated July 10.23 UT           12  12.63 20.1  3.003
P22nJzF  35 2026 06 22.5  22.5098 +18.9076 21.6 Updated July 10.42 UT           23  25.46 14.1  1.450
