CEM1YU2 100 2026 05 12.3  15.2318 +13.8837 20.7 Added May 12.35 UT               4   0.02 23.9  0.019
CEM20F2 100 2026 05 12.3  14.8095 +17.8782 22.2 Added May 12.35 UT               4   0.02 23.1  0.016
ST26E46 100 2026 05 12.3  16.5065 -19.2008 18.8 Updated May 12.35 UT             4   0.02 27.5  0.018
CEM1XD2  67 2026 05 12.3  14.5526 +17.8063 21.9 Added May 12.33 UT               3   0.02 16.1  0.039
CEM1TL2 100 2026 05 12.3  14.0421 +13.7688 21.8 Added May 12.32 UT               4   0.02 22.1  0.042
ST26E41 100 2026 05 12.3  15.1710 -17.2526 19.4 Updated May 12.34 UT             8   0.05 27.4  0.027
CEM1R02 100 2026 05 12.3  13.6756 +16.8858 21.6 Updated May 12.34 UT             8   0.06 21.2  0.016
ST26E39 100 2026 05 12.2  13.1297 -18.2210 19.4 Updated May 12.26 UT            10   0.07 23.5  0.095
6EB3121 100 2026 05 12.0  10.2864  -8.1143 20.0 Updated May 12.18 UT             9   0.19 23.7  0.193
SO0005e 100 2026 05 11.7  20.7805 -27.7515 19.6 Added May 12.10 UT               3   0.00 28.8  0.647
SO0005d 100 2026 05 11.7  17.4795 -31.8156 18.6 Added May 12.10 UT               4   0.00 27.8  0.645
SO0005c 100 2026 05 11.7  18.8679 -35.4951 19.3 Added May 12.05 UT               3   0.00 28.5  0.699
SO0005b 100 2026 05 11.6  21.5414 -21.6364 18.3 Added May 12.04 UT               3   0.00 26.6  0.710
C469HY1  86 2026 05 11.4  17.9024 +22.0856 18.6 Updated May 12.32 UT            40   0.92 25.7  0.040
CELXZH2 100 2026 05 11.3  14.7954 +24.0599 22.7 Added May 11.37 UT               3   0.01 22.0  1.010
CELXRN2  89 2026 05 11.3  13.1226 +26.9632 21.1 Updated May 12.27 UT            32   0.90 22.3  0.182
TF26E51 100 2026 05 11.3  15.3403  +8.7445 20.6 Updated May 12.32 UT             2   0.00 26.6  1.083
ST26E34 100 2026 05 10.5  14.8842 +17.4023 22.6 Updated May 12.32 UT             2   0.00 28.1  1.897
6E94521  96 2026 05 10.4  19.4371 -58.4623 19.5 Updated May 12.19 UT            19   1.81 19.1  0.184
XA9ttXA  77 2026 05 08.8  15.1079  +1.8700 22.5 Updated May 12.19 UT            16   3.41 21.8  0.189
ST26E18 100 2026 05 09.4  15.4892 -14.4179 23.0 Updated May 11.31 UT             4   0.00 30.1  2.991
CELRZD2 100 2026 05 09.2  12.4829 +36.1674 22.2 Updated May 12.32 UT             8   0.10 22.7  3.009
TF26E23 100 2026 05 09.2  12.9388  -3.6828 17.8 Updated May 12.35 UT             2   0.00 19.6  3.141
ZTF10Dl 100 2026 05 08.3  18.8805 -15.5295 21.3 Updated May 12.32 UT             4   0.03 26.9  3.989
ST26E14 100 2026 05 08.4  13.3503  -3.2168 18.2 Updated May 12.32 UT             2   0.00 19.8  3.933
P22n0vC  24 2026 05 08.3  14.7890  +9.6922 22.3 Updated May 12.21 UT            28   3.86 19.9  0.159
P22n0fQ  97 2026 05 07.4  15.0795 +10.0398 22.6 Updated May 11.31 UT             3   0.04 24.4  4.950
ZTF10Di 100 2026 05 07.4  22.2032 -10.6443 23.2 Updated May 11.31 UT             4   0.02 27.4  4.965
S001563  73 2026 05 07.0  12.9943 -26.9690 21.6 Updated May 12.31 UT             3   0.03 18.9  5.281
P22mZLU  73 2026 05 06.3  11.8239 -15.8640 21.0 Updated May 11.60 UT            17   4.96 20.7  1.124
A11BRI6  35 2026 05 03.0  11.0336 -39.2591 19.0 Updated May 12.26 UT            64   9.09 19.9  0.251
C1EUYV5  35 2026 04 27.5  17.3051 +18.6354 21.7 Updated May 12.32 UT            30  13.80 12.6  1.089
