ST26E47 100 2026 05 12.4  15.1957 -16.9852 18.7 Updated May 12.99 UT            11   0.57 24.7  0.159
P22n55t  38 2026 05 12.4  15.0337 -13.5025 21.4 Updated May 12.82 UT             8   4.22 19.5  0.606
P22n52K  98 2026 05 12.4  15.1966 -11.5745 21.1 Updated May 13.13 UT             9   0.67 25.0  0.031
P22n4V7 100 2026 05 12.4  14.4081 -20.0075 21.8 Updated May 13.05 UT             8   0.65 21.1  0.109
P22n4V6 100 2026 05 12.4  14.0025 -22.8749 21.6 Updated May 13.02 UT             9   0.61 23.4  0.149
P22n4V9  95 2026 05 12.4  14.4145 -16.0212 21.8 Updated May 13.03 UT            11   0.63 24.7  0.127
P22n4V8  98 2026 05 12.4  14.3430 -17.4449 21.3 Updated May 13.08 UT             9   0.67 27.4  0.078
CEM28F2 100 2026 05 12.4  17.6440 +16.7089 21.0 Updated May 12.47 UT             9   0.06 25.2  0.688
P22n4PD  98 2026 05 12.4  13.8758 -10.3249 21.1 Updated May 13.07 UT             8   0.69 27.8  0.101
P22n4PC  67 2026 05 12.4  13.9716 -14.4951 20.7 Updated May 13.03 UT             8   0.65 21.2  0.136
P22n4PB  94 2026 05 12.3  13.6603  -9.8404 21.2 Updated May 13.03 UT            13   4.79 24.1  0.172
CEM26R2  67 2026 05 12.4  16.6207 +15.5153 20.6 Updated May 12.65 UT            10   0.22 16.9  0.539
CEM1XD2  75 2026 05 12.3  14.5354 +17.7050 22.0 Updated May 12.41 UT            11   0.11 17.1  0.735
CEM1R02 100 2026 05 12.3  13.6176 +16.9245 21.7 Updated May 13.07 UT            15   0.77 22.0  0.092
ST26E39 100 2026 05 12.2  12.6333 -23.3136 19.5 Updated May 13.12 UT            15   0.90 23.6  0.049
6EB3121 100 2026 05 12.0  10.3311 -11.9986 19.9 Updated May 13.02 UT            13   0.99 23.8  0.180
SO0005e 100 2026 05 11.7  22.5570 -12.0773 22.5 Added May 12.10 UT               3   0.00 28.8  1.438
SO0005d 100 2026 05 11.7  18.4434 -28.1861 20.0 Added May 12.10 UT               4   0.00 27.8  1.437
SO0005c 100 2026 05 11.7  21.0921 -35.5486 21.2 Added May 12.05 UT               3   0.00 28.5  1.491
SO0005b 100 2026 05 11.6  22.4893 -13.1763 20.4 Added May 12.04 UT               3   0.00 26.6  1.502
CELXZH2 100 2026 05 11.3  14.7795 +24.1380 22.7 Added May 11.37 UT               3   0.01 22.0  1.801
ST26E34 100 2026 05 10.5  14.8615 +18.4201 23.3 Updated May 12.32 UT             2   0.00 28.1  2.688
6E94521  84 2026 05 10.4  19.5057 -60.3209 19.5 Updated May 12.49 UT            28   2.04 19.0  0.746
XA9ttXA 100 2026 05 08.8  15.0913  +1.9023 22.5 Updated May 12.19 UT            16   3.41 21.8  0.981
ST26E18 100 2026 05 09.4  15.5071 -14.6064 23.5 Updated May 11.31 UT             4   0.00 30.1  3.783
CELRZD2 100 2026 05 09.2  12.4455 +36.5238 22.4 Updated May 12.32 UT             8   0.10 22.7  3.801
ZTF10Dl 100 2026 05 08.3  18.9820 -15.5156 21.7 Updated May 12.32 UT             4   0.03 26.9  4.781
ST26E14 100 2026 05 08.4  13.3336  -3.0378 18.2 Updated May 12.32 UT             2   0.00 19.8  4.724
P22n0fQ  97 2026 05 07.4  15.0752 +10.0877 22.8 Updated May 11.31 UT             3   0.04 24.4  5.742
S001563  73 2026 05 07.0  12.9916 -27.0061 21.6 Updated May 12.31 UT             3   0.03 18.9  6.072
A11BRI6  35 2026 05 03.0  11.1784 -38.8349 19.1 Updated May 12.68 UT            76   9.17 19.9  0.966
C1EUYV5  35 2026 04 27.5  17.2943 +18.6792 21.8 Updated May 12.54 UT            33  15.04 12.7  0.641
