SO0006A 100 2026 05 22.7  21.4078 -36.2746 19.2 Added May 22.70 UT               4   0.01 23.9  0.430
ST26EE4  98 2026 05 22.3  18.4682 +19.4829 21.2 Updated May 22.46 UT            18   0.13 29.0  0.663
CENU0L2  98 2026 05 22.2  14.1311  -2.7432 22.1 Updated May 22.37 UT             9   0.13 27.4  0.752
CENV8M2  88 2026 05 22.3   1.2755 +21.6886 23.5 Updated May 22.95 UT            18   0.58 31.2  0.257
NAOCBPP  99 2026 05 20.7  14.8549 -18.8194 22.1 Updated May 22.70 UT             4   0.13 22.4  2.267
8N2S001 100 2026 05 22.0  17.6961 +13.7302 19.5 Updated May 23.09 UT            11   1.04 23.0  0.031
CZYNHKZ 100 2026 05 14.4  16.3560  +2.3307 21.4 Updated May 22.04 UT             4   0.02 22.8  8.731
C46CD31 100 2026 05 21.4   0.0508  -4.7544 23.2 Updated May 21.45 UT             5   0.05 28.5  1.675
ST26ED8  77 2026 05 21.3  17.5537 +20.8489 20.5 Updated May 23.06 UT            48   1.69 25.8  0.097
ST26ED1  98 2026 05 21.2   1.2831 -16.0970 25.1 Updated May 21.71 UT            20   0.16 30.2  1.733
TF26EE0 100 2026 05 20.5  16.3925  +8.8082 23.3 Updated May 22.38 UT             4   0.02 28.7  2.634
ST26EC8  98 2026 05 20.4  19.9432 -27.3443 21.1 Updated May 21.71 UT             6   0.14 28.6  2.681
ST26EC7  98 2026 05 20.4   2.3844  -8.3841 28.6 Updated May 21.71 UT             6   0.11 30.2  2.687
ST26EC5 100 2026 05 20.3  15.7634 -15.3572 19.6 Updated May 22.38 UT             4   0.03 24.9  2.779
P12nffX  10 2026 05 20.5  16.3574 -20.9223 21.7 Updated May 22.44 UT            15   7.94 19.3  0.721
P12nffV  45 2026 05 20.5  16.4969 -18.4704 20.4 Updated May 22.98 UT            25   3.65 20.2  0.153
P12nfaz  48 2026 05 20.3  13.2393 -28.1121 22.0 Updated May 22.18 UT            10   1.84 18.4  0.949
NAOCAN7 100 2026 05 17.7  15.2774 -21.8225 20.7 Updated May 22.38 UT             4   0.10 19.7  5.265
KPMa1Ih  87 2026 05 18.1  11.1241 -26.9051 23.3 Updated May 22.38 UT             5   0.01 20.8  5.015
CEMVK32  55 2026 05 17.4  16.6770  +9.6925 21.6 Updated May 21.47 UT            47   9.02 20.1  1.659
P12neKs  35 2026 05 14.6  18.1108 +57.3065 20.0 Updated May 23.09 UT           130   8.50 15.1  0.041
