A11CWPX 100 2026 05 27.2  16.9347 -18.0855 19.2 Added May 27.57 UT               4   0.03 25.3  0.365
A11CWPU 100 2026 05 27.2  16.7283 -11.0698 16.3 Added May 27.57 UT               4   0.03 20.2  0.367
C46D641 100 2026 05 27.3  14.5688 +22.5505 20.4 Added May 27.47 UT               4   0.01 20.7  0.242
C1F44U5 100 2026 05 27.3  16.0478 +42.9625 21.7 Updated May 27.45 UT             8   0.11 25.0  0.140
CEP5YT2 100 2026 05 27.2  14.2094 +38.2917 21.7 Updated May 27.32 UT             7   0.05 21.5  0.278
A11CWPw 100 2026 05 26.6  22.1939 -15.6621 18.1 Added May 26.81 UT               4   0.02 28.7  0.999
P12nfxy 100 2026 05 26.6  17.4718  +4.0625 20.8 Updated May 27.30 UT             9   0.90 24.5  0.286
C1F4195 100 2026 05 26.4  16.1301  +9.2627 22.4 Updated May 26.45 UT             7   0.07 27.6  1.126
C1F4075 100 2026 05 26.4  16.0533 +26.2137 22.2 Updated May 27.43 UT            11   1.05 25.2  0.169
P12nfxd 100 2026 05 25.6  17.8118 +16.8644 21.9 Updated May 26.45 UT            14   2.00 22.6  1.140
C1F32J5 100 2026 05 25.4  17.1897 +15.7167 22.1 Updated May 27.37 UT             9   1.88 23.7  0.241
C1F3245  48 2026 05 25.4  16.9892 +10.5074 22.6 Updated May 26.78 UT            11   1.00 20.2  1.130
SJA1250 100 2026 05 24.9  16.7980 +60.9452 20.2 Updated May 27.36 UT             3   0.03 17.1  2.608
C1F2HL5 100 2026 05 25.4  16.5368 -11.9039 22.4 Updated May 27.35 UT             8   0.07 26.0  2.152
C1F1TD5 100 2026 05 25.3  15.8217  +4.5533 24.5 Updated May 26.35 UT             4   0.02 33.6  2.250
C03UYWZ 100 2026 05 23.4  16.7292 +14.2766 22.3 Updated May 27.18 UT             9   2.98 23.2  1.152
P12nfw2 100 2026 05 24.6  21.1259  -3.2468 21.7 Updated May 27.46 UT            12   2.86 20.4  0.123
NAOCLYL  85 2026 05 23.8  15.9060 -18.3293 21.8 Updated May 26.35 UT             4   0.10 21.7  3.722
A11CQzo 100 2026 05 24.4  22.0599 -16.7711 21.3 Updated May 26.35 UT             5   0.05 29.8  3.144
oKr0080 100 2026 05 23.9  23.4928 +18.5888 20.4 Updated May 27.35 UT             3   0.00 18.0  3.689
C1F1535  97 2026 05 24.4  16.7580  +6.8507 22.3 Updated May 26.35 UT            11   0.87 23.3  2.293
C1F0EU5  85 2026 05 24.3  15.3878 -10.0911 22.0 Updated May 27.36 UT            13   1.97 19.9  1.291
C1F0295  90 2026 05 24.3  15.2937  -6.8506 22.1 Updated May 27.35 UT            20   1.78 22.2  1.487
6EN3D21 100 2026 05 24.2  16.2615 -80.2378 18.8 Updated May 27.35 UT             3   0.01 20.4  3.344
C1EYPU5 100 2026 05 23.4  15.8838  +3.5064 22.8 Updated May 26.35 UT            11   1.87 24.1  2.330
NAOCBPP  99 2026 05 20.7  14.9206 -21.6295 22.3 Updated May 27.35 UT             4   0.13 22.3  6.729
ST26EC8  98 2026 05 20.4  22.1214 -31.0013 23.8 Updated May 27.35 UT             6   0.14 28.6  7.142
P12nfaz  43 2026 05 20.3  13.2083 -27.2712 22.0 Updated May 26.35 UT            12   2.87 18.3  4.387
NAOCAN7 100 2026 05 17.7  15.2889 -21.9465 21.0 Updated May 26.35 UT             4   0.10 19.7  9.727
KPMa1Ih  87 2026 05 18.1  11.1291 -28.8714 23.5 Updated May 26.35 UT             5   0.01 20.9  9.476
CEMVK32  53 2026 05 17.4  16.3595  +7.5678 21.8 Updated May 27.35 UT            52  11.97 20.1  3.174
