ST26E86  98 2026 05 15.4   3.4101 -18.9853 24.8 Updated May 15.58 UT             6   0.11 33.1  0.237
ZTF10Du 100 2026 05 15.3  14.6883 -23.3438 16.7 Added May 15.45 UT               4   0.03 26.1  0.396
ST26E84 100 2026 05 15.4  14.7363 +10.7031 19.9 Updated May 15.45 UT             4   0.03 24.4  0.250
TF26E97  98 2026 05 15.3  15.6471 -13.4428 19.0 Updated May 15.57 UT             4   0.12 27.4  0.242
ST26E76  98 2026 05 15.2  14.5964  +6.3243 20.6 Updated May 15.44 UT             6   0.20 30.7  0.256
ST26E75 100 2026 05 15.2  14.7352  -4.5936 18.6 Updated May 15.38 UT             4   0.01 25.6  0.458
6EE3C21 100 2026 05 15.2  15.5921 -22.5236 19.0 Updated May 15.44 UT            11   0.22 25.9  0.281
A11Cr0m 100 2026 05 15.0  16.0061 -52.1741 17.9 Updated May 15.37 UT            14   0.31 20.0  0.400
P12neKJ 100 2026 05 14.3  13.0170 -23.4311 20.9 Updated May 15.22 UT            10   0.88 20.3  0.480
P12neKs  97 2026 05 14.6  18.3418 +57.9564 20.4 Updated May 15.26 UT            10   0.48 15.2  0.641
P12nc1d 100 2026 05 14.5  16.9067  -5.1300 21.3 Updated May 15.33 UT            12   0.83 19.2  0.376
P12nc1c  96 2026 05 14.5  16.7914  -6.5204 21.8 Updated May 15.38 UT            21   0.90 20.1  0.314
RFD0300 100 2026 05 13.0  23.9818 -32.8088 25.0 Added May 14.52 UT               2   0.00 29.5  2.664
CEMAUH2 100 2026 05 14.4  16.3800  -0.3296 21.3 Updated May 14.46 UT             6   0.07 24.0  1.252
CEMAY32  79 2026 05 14.4  16.5282  +1.8938 20.4 Updated May 15.51 UT            37   1.08 23.8  0.222
ST26E61 100 2026 05 14.3  16.4651  +0.4718 21.9 Updated May 14.37 UT             6   0.05 28.7  1.328
ST26E57  98 2026 05 14.3  16.3524 -10.3955 19.3 Updated May 15.43 UT            12   1.14 28.0  0.277
ST26E52  76 2026 05 14.2  13.5356 +22.5586 20.4 Updated May 15.38 UT            28   1.01 26.1  0.438
MZ26075 100 2026 05 13.8  17.0960  +5.5045 20.0 Updated May 15.33 UT             3   0.01 25.5  1.872
A11CmCW 100 2026 05 13.3   5.7045 -73.8924 19.7 Updated May 15.33 UT             4   0.02 25.5  2.320
A11CmCS 100 2026 05 13.3  16.8479 -35.1178 19.6 Updated May 15.33 UT             4   0.04 25.5  2.378
OCA1642  84 2026 05 13.1  13.7439 -31.2487 19.4 Updated May 15.33 UT             3   0.02 13.1  2.566
A11Cmv6  84 2026 05 13.0   8.4227 -49.9882 19.0 Updated May 15.23 UT            19   2.04 19.1  0.603
CEM26R2  18 2026 05 12.4  16.5745 +15.3856 20.6 Updated May 15.33 UT            21   2.69 17.0  1.455
CEM1XD2  11 2026 05 12.3  14.4821 +17.3494 22.2 Updated May 15.17 UT            22   7.84 19.2  0.534
SO0005e 100 2026 05 11.7   0.1554  +6.1485 27.1 Updated May 14.35 UT             3   0.00 28.9  3.983
SO0005d 100 2026 05 11.7  19.1428 -24.4198 22.2 Updated May 14.34 UT             4   0.00 28.2  3.981
SO0005c 100 2026 05 11.7  22.7233 -29.3585 24.0 Updated May 14.34 UT             3   0.00 28.6  4.035
SO0005b 100 2026 05 11.6  22.9808  -8.1415 22.8 Updated May 14.34 UT             3   0.00 26.6  4.046
CELXZH2 100 2026 05 11.3  14.7325 +24.4090 22.2 Updated May 14.35 UT             3   0.01 25.0  4.346
6E94521  10 2026 05 10.4  19.7824 -66.2546 19.5 Updated May 15.42 UT            53   5.03 19.0  0.297
S001563  73 2026 05 07.0  12.9799 -27.1320 21.6 Updated May 14.34 UT             3   0.03 17.5  8.617
C1EUYV5  35 2026 04 27.5  17.2594 +18.8129 21.9 Updated May 15.51 UT            36 299.14 12.8  0.263
