CEM28F2 100 2026 05 12.4  17.4042 +15.0713 20.9 Added May 12.43 UT               3   0.02 24.7  0.019
P22n4PE 100 2026 05 12.3  13.6334  -9.9167 20.3 Added May 12.43 UT               3   0.04 24.6  0.061
P22n4PD 100 2026 05 12.4  13.7287  -8.0524 20.8 Added May 12.42 UT               3   0.02 25.9  0.058
P22n4PC  69 2026 05 12.4  13.9739 -15.0499 20.7 Added May 12.42 UT               3   0.02 18.6  0.055
P22n4PB  93 2026 05 12.3  13.6393 -10.4843 20.8 Added May 12.42 UT               4   0.04 20.8  0.061
C469Q01 100 2026 05 12.4  16.5344  -6.5718 18.2 Updated May 12.43 UT             8   0.03 25.7  0.013
CEM26R2  69 2026 05 12.4  16.6331 +15.5442 20.7 Updated May 12.43 UT             7   0.04 17.8  0.014
C469P61 100 2026 05 12.4  15.6199  -7.4638 18.6 Updated May 12.40 UT             7   0.03 27.7  0.042
CEM1YU2  98 2026 05 12.3  15.2145 +13.2250 20.6 Updated May 12.43 UT            12   0.10 28.1  0.016
CEM20F2  98 2026 05 12.3  14.8140 +17.7734 21.9 Updated May 12.43 UT            12   0.10 27.0  0.013
ST26E46 100 2026 05 12.3  16.7055 -18.8081 18.8 Updated May 12.39 UT       S     7   0.07 32.8  0.055
CEM1XD2  65 2026 05 12.3  14.5508 +17.7954 22.0 Updated May 12.41 UT            11   0.11 17.1  0.027
ST26E41  98 2026 05 12.3  15.1672 -16.7575 19.4 Updated May 12.40 UT            12   0.11 28.7  0.049
CEM1R02  98 2026 05 12.3  13.6695 +16.8901 21.6 Updated May 12.42 UT            12   0.14 21.2  0.022
ST26E39 100 2026 05 12.2  13.0796 -18.7638 19.4 Updated May 12.26 UT            10   0.07 23.5  0.178
6EB3121 100 2026 05 12.0  10.2909  -8.5171 20.0 Updated May 12.18 UT             9   0.19 23.7  0.276
SO0005e 100 2026 05 11.7  21.1730 -24.9276 20.0 Added May 12.10 UT               3   0.00 28.8  0.730
SO0005d 100 2026 05 11.7  17.6438 -31.3277 18.8 Added May 12.10 UT               4   0.00 27.8  0.729
SO0005c 100 2026 05 11.7  19.2192 -36.1298 19.6 Added May 12.05 UT               3   0.00 28.5  0.783
SO0005b 100 2026 05 11.6  21.7250 -20.1423 18.6 Added May 12.04 UT               3   0.00 26.6  0.793
C469HY1  91 2026 05 11.4  18.0416 +24.5867 18.6 Updated May 12.32 UT            40   0.92 25.7  0.124
CELXZH2 100 2026 05 11.3  14.7937 +24.0685 22.7 Added May 11.37 UT               3   0.01 22.0  1.093
CELXRN2  89 2026 05 11.3  13.1167 +27.0119 21.0 Updated May 12.27 UT            32   0.90 22.3  0.265
TF26E51 100 2026 05 11.3  15.3466  +8.7626 20.7 Updated May 12.32 UT             2   0.00 26.6  1.167
ST26E34 100 2026 05 10.5  14.8812 +17.5381 22.7 Updated May 12.32 UT             2   0.00 28.1  1.980
6E94521  86 2026 05 10.4  19.4440 -58.6578 19.5 Updated May 12.37 UT            22   1.81 19.1  0.267
XA9ttXA  77 2026 05 08.8  15.1061  +1.8736 22.5 Updated May 12.19 UT            16   3.41 21.8  0.272
ST26E18 100 2026 05 09.4  15.4915 -14.4417 23.1 Updated May 11.31 UT             4   0.00 30.1  3.075
CELRZD2 100 2026 05 09.2  12.4787 +36.2080 22.2 Updated May 12.32 UT             8   0.10 22.7  3.093
TF26E23 100 2026 05 09.2  12.9332  -3.6464 17.9 Updated May 12.43 UT             2   0.00 19.6  3.224
ZTF10Dl 100 2026 05 08.3  18.8929 -15.5282 21.4 Updated May 12.32 UT             4   0.03 26.9  4.072
ST26E14 100 2026 05 08.4  13.3485  -3.1976 18.2 Updated May 12.32 UT             2   0.00 19.8  4.016
P22n0vC  24 2026 05 08.3  14.7870  +9.6795 22.3 Updated May 12.21 UT            28   3.86 19.9  0.242
P22n0fQ  97 2026 05 07.4  15.0790 +10.0455 22.7 Updated May 11.31 UT             3   0.04 24.4  5.033
ZTF10Di 100 2026 05 07.4  22.2133 -10.6122 23.2 Updated May 11.31 UT             4   0.02 27.4  5.048
S001563  73 2026 05 07.0  12.9940 -26.9730 21.6 Updated May 12.31 UT             3   0.03 18.9  5.364
P22mZLU  73 2026 05 06.3  11.8272 -15.7962 21.0 Updated May 11.60 UT            17   4.96 20.7  1.208
A11BRI6  35 2026 05 03.0  11.0496 -39.2146 19.0 Updated May 12.26 UT            64   9.09 19.9  0.335
C1EUYV5  35 2026 04 27.5  17.3039 +18.6400 21.7 Updated May 12.32 UT            30  13.80 12.6  1.172
