TF26E97 100 2026 05 15.3  15.4096  -8.9244 19.4 Added May 15.39 UT               2   0.00 27.4  0.105
ST26E76 100 2026 05 15.2  14.7352  +4.9976 19.9 Updated May 15.39 UT             4   0.02 26.9  0.181
ST26E75 100 2026 05 15.2  14.7116  -0.2936 18.8 Updated May 15.38 UT             4   0.01 25.6  0.208
6EE3C21  98 2026 05 15.2  15.5146 -23.4747 18.9 Updated May 15.44 UT            11   0.22 25.9  0.031
A11Cr0m 100 2026 05 15.0  15.9904 -52.6396 18.0 Updated May 15.37 UT            14   0.31 20.0  0.150
P12neKJ 100 2026 05 14.3  13.0201 -23.4521 20.9 Updated May 15.22 UT            10   0.88 20.3  0.230
P12neKs  97 2026 05 14.6  18.3490 +57.9709 20.4 Updated May 15.26 UT            10   0.48 15.2  0.391
P12nc1d 100 2026 05 14.5  16.9125  -5.2024 21.4 Updated May 15.33 UT            12   0.83 19.2  0.126
P12nc1c  96 2026 05 14.5  16.7980  -6.5947 21.8 Updated May 15.38 UT            21   0.90 20.1  0.064
RFD0300 100 2026 05 13.0  23.8679 -33.7482 24.7 Added May 14.52 UT               2   0.00 29.5  2.414
CEMAUH2 100 2026 05 14.4  16.4145  +0.8075 21.3 Updated May 14.46 UT             6   0.07 24.0  1.002
CEMAY32  86 2026 05 14.4  16.5759  +2.4302 20.3 Updated May 15.40 UT            35   1.00 23.8  0.054
ST26E61 100 2026 05 14.3  16.4075  +0.3970 21.6 Updated May 14.37 UT             6   0.05 28.7  1.078
ST26E57  98 2026 05 14.3  16.0533  -8.7627 19.2 Updated May 15.43 UT            12   1.14 28.0  0.027
CEM7YT2  79 2026 05 14.3  13.2375  -0.5974 20.0 Updated May 15.39 UT            36  16.91 22.0  0.196
ST26E52  76 2026 05 14.2  13.5553 +18.3177 20.3 Updated May 15.38 UT            28   1.01 26.1  0.188
MZ26075 100 2026 05 13.8  17.0008  +3.6202 19.9 Updated May 15.33 UT             3   0.01 25.5  1.622
A11CmCW 100 2026 05 13.3   5.5483 -74.5206 19.6 Updated May 15.33 UT             4   0.02 25.5  2.070
A11CmCS 100 2026 05 13.3  16.7867 -35.7883 19.5 Updated May 15.33 UT             4   0.04 25.5  2.128
OCA1642  84 2026 05 13.1  13.7480 -31.2344 19.4 Updated May 15.33 UT             3   0.02 13.1  2.316
A11Cmv6  84 2026 05 13.0   8.4553 -50.1019 19.0 Updated May 15.23 UT            19   2.04 19.1  0.353
CEM26R2  18 2026 05 12.4  16.5791 +15.4002 20.6 Updated May 15.33 UT            21   2.69 17.0  1.205
CEM1XD2  11 2026 05 12.3  14.4873 +17.3863 22.2 Updated May 15.17 UT            22   7.84 19.2  0.284
SO0005e 100 2026 05 11.7   0.1390  +5.9635 26.9 Updated May 14.35 UT             3   0.00 28.9  3.733
SO0005d 100 2026 05 11.7  19.1142 -24.5995 22.1 Updated May 14.34 UT             4   0.00 28.2  3.731
SO0005c 100 2026 05 11.7  22.6700 -29.6509 23.8 Updated May 14.34 UT             3   0.00 28.6  3.785
SO0005b 100 2026 05 11.6  22.9598  -8.3613 22.7 Updated May 14.34 UT             3   0.00 26.6  3.796
CELXZH2 100 2026 05 11.3  14.7383 +24.3885 22.2 Updated May 14.35 UT             3   0.01 25.0  4.096
6E94521  10 2026 05 10.4  19.7504 -65.6781 19.5 Updated May 15.42 UT            53   5.03 19.0  0.047
S001563  73 2026 05 07.0  12.9806 -27.1205 21.6 Updated May 14.34 UT             3   0.03 17.5  8.367
C1EUYV5  35 2026 04 27.5  17.2629 +18.8002 21.9 Updated May 14.43 UT            36 297.21 12.8  1.946
