A11CDyX 100 2026 05 18.0  10.7939 -33.3142 19.6 Added May 18.22 UT               4   0.02 21.1  0.546
P22nf7J 100 2026 05 17.6  16.3956 +33.4091 21.0 Updated May 18.37 UT             9  20.57 23.1  0.633
P22nf7G 100 2026 05 17.6  16.2102 +35.0136 22.1 Added May 17.77 UT               4   0.04 22.8  1.008
P22nf3F  32 2026 05 17.5  17.5993 +37.0400 21.4 Updated May 18.35 UT            12   0.81 19.0  0.311
CEMVK32 100 2026 05 17.4  17.0405 +11.8555 21.6 Updated May 18.33 UT            30   5.77 20.2  0.407
A11Cvk7 100 2026 05 16.9  13.6559 -72.4217 19.6 Updated May 18.37 UT             4   0.03 22.7  1.684
CEMRK82  84 2026 05 16.5  21.5752 -10.1269 21.5 Updated May 18.37 UT             3   0.01 17.3  2.148
A11Cswo 100 2026 05 16.0  17.1806 -23.3131 18.5 Updated May 18.37 UT             4   0.02 20.9  2.611
ZTF10Du 100 2026 05 15.3  16.9147 -36.5092 19.7 Updated May 18.37 UT             4   0.03 26.4  3.314
ST26E84  98 2026 05 15.4  15.4408 +10.7032 20.7 Updated May 18.37 UT             6   0.47 26.4  2.723
ST26E75  98 2026 05 15.2   2.5068 -23.1852 26.4 Updated May 18.37 UT             7   0.09 28.6  3.293
P12neKs  35 2026 05 14.6  18.2546 +57.7528 20.2 Updated May 18.33 UT            58   3.67 15.3  0.373
RFD0300 100 2026 05 13.0  19.2725 -43.9916 25.2 Updated May 18.38 UT             2   0.00 29.8  5.582
CEMAUH2 100 2026 05 14.4  16.0117 -12.1937 21.2 Updated May 18.39 UT             6   0.07 23.9  4.170
ST26E61 100 2026 05 14.3  16.7046  +0.7355 23.9 Updated May 18.39 UT             6   0.05 28.9  4.246
A11CmCW 100 2026 05 13.3   6.4283 -69.6664 21.1 Updated May 18.39 UT             4   0.02 25.6  5.238
C1EUYV5  35 2026 04 27.5  17.2186 +18.9540 21.9 Updated May 16.81 UT            36 300.17 12.8  2.151
