ST26EA1 100 2026 05 16.4  13.6361 +21.0558 19.0 Updated May 16.45 UT             6   0.04 24.3  0.039
6EF1B21  99 2026 05 16.2  15.2688 -17.9939 20.0 Added May 16.40 UT               3   0.01 21.4  0.298
C46AFY1  98 2026 05 16.4  15.4130  +4.3312 17.4 Updated May 16.47 UT            15   0.10 26.2  0.016
ST26E98  98 2026 05 16.3  17.8213 +13.8185 19.8 Updated May 16.45 UT            13   0.11 28.6  0.047
CEMK452  91 2026 05 16.3  14.2794  -4.6903 21.4 Updated May 16.34 UT             8   0.05 20.4  0.157
ST26E93  98 2026 05 16.2  15.1679 +10.8734 19.5 Updated May 16.37 UT            19   0.12 27.1  0.118
ST26E89  98 2026 05 16.2  13.8022  +9.3186 18.9 Updated May 16.31 UT            10   0.10 28.5  0.179
CEMEEG2 100 2026 05 16.2  12.3748  -7.4198 21.0 Updated May 16.29 UT            12   0.06 24.5  0.201
A11Cswo 100 2026 05 16.0  17.2923 -23.7737 18.8 Added May 16.13 UT               4   0.02 20.7  0.484
ZTF10Du 100 2026 05 15.3  15.8123 -31.6110 17.7 Added May 15.45 UT               4   0.03 26.1  1.188
ST26E84  98 2026 05 15.4  14.9883 +10.7846 20.1 Updated May 16.23 UT             6   0.47 26.4  0.597
ST26E76  86 2026 05 15.2  14.3503  +7.9016 21.9 Updated May 16.22 UT            17   0.93 30.7  0.320
ST26E75 100 2026 05 15.2  14.8239 -19.8575 18.2 Updated May 15.38 UT             4   0.01 25.6  1.250
6EE3C21  91 2026 05 15.2  15.7891 -20.0069 19.3 Updated May 16.23 UT            20   0.98 25.9  0.313
A11Cr0m  86 2026 05 15.0  16.0557 -50.6227 17.8 Updated May 16.31 UT            19   1.17 20.0  0.339
P12neKJ  83 2026 05 14.3  13.0073 -23.3643 20.9 Updated May 16.45 UT            25   2.06 20.3  0.089
P12neKs  93 2026 05 14.6  18.3186 +57.9074 20.3 Updated May 16.46 UT            30   1.68 15.4  0.234
P12nc1c  84 2026 05 14.5  16.7703  -6.2841 21.7 Updated May 16.36 UT            28   1.87 20.1  0.129
RFD0300 100 2026 05 13.0  19.3998 -44.3189 24.2 Updated May 16.38 UT             2   0.00 29.8  3.456
CEMAUH2 100 2026 05 14.4  16.2744  -3.7780 21.3 Updated May 16.38 UT             6   0.07 23.9  2.043
ST26E61 100 2026 05 14.3  16.5797  +0.6121 22.7 Updated May 16.38 UT             6   0.05 29.0  2.120
ST26E57  76 2026 05 14.3  17.2202 -14.6619 19.6 Updated May 16.40 UT            18   2.12 27.8  0.087
MZ26075 100 2026 05 13.8  16.7519  -1.9419 21.9 Updated May 16.37 UT             3   0.01 27.4  2.663
A11CmCW 100 2026 05 13.3   5.9736 -73.3257 20.3 Updated May 16.38 UT             4   0.02 24.8  3.111
A11CmCS 100 2026 05 13.3  17.0172 -33.1188 19.9 Updated May 16.38 UT             4   0.04 25.4  3.170
OCA1642  84 2026 05 13.1  13.7311 -31.2923 19.4 Updated May 16.37 UT             3   0.02 14.0  3.358
CEM26R2  10 2026 05 12.4  16.5597 +15.3368 20.6 Updated May 16.46 UT            32   4.64 17.0  0.303
CEM1XD2  16 2026 05 12.3  14.4659 +17.2298 22.2 Updated May 16.38 UT            22   7.84 19.2  1.325
SO0005e 100 2026 05 11.7   0.2619  +7.3413 27.6 Updated May 16.38 UT             3   0.00 29.4  4.774
SO0005d 100 2026 05 11.7  19.2002 -24.0387 22.5 Updated May 16.38 UT             4   0.00 28.1  4.773
SO0005c 100 2026 05 11.7  23.0065 -27.6741 24.6 Updated May 16.38 UT             3   0.00 28.4  4.827
SO0005b 100 2026 05 11.6  22.9921  -8.0027 23.2 Updated May 16.37 UT             3   0.00 26.6  4.838
S001563  73 2026 05 07.0  12.9821 -27.1588 21.6 Updated May 16.37 UT             3   0.03 18.3  9.408
C1EUYV5  35 2026 04 27.5  17.2484 +18.8525 21.9 Updated May 15.51 UT            36 299.14 12.8  1.055
