C1EYRR5 100 2026 05 23.4  15.8625  +2.9059 22.6 Updated May 23.48 UT            10   0.09 25.3  0.361
C1EYQL5 100 2026 05 23.4  15.8963  +1.7012 22.3 Updated May 23.48 UT             7   0.09 24.2  0.357
C1EYPU5  97 2026 05 23.4  15.8191  +2.9277 22.9 Updated May 23.49 UT             6   0.07 22.4  0.376
C1EYPT5 100 2026 05 23.4  15.8319  +2.5601 21.8 Updated May 23.79 UT            14   0.08 24.3  0.364
C46CN51 100 2026 05 23.4  17.2838 +22.1918 19.5 Updated May 23.46 UT            12   0.07 24.4  0.365
C1EYD55  66 2026 05 23.3  15.8196 -12.9438 22.1 Updated May 23.41 UT            10   0.06 19.4  0.435
C1EXH55 100 2026 05 23.3  13.9677  +5.0592 22.3 Updated May 23.37 UT            10   0.08 23.3  0.463
CENZ0T2  98 2026 05 23.3  16.0720 +59.9349 21.0 Updated May 23.37 UT            12   0.11 26.1  0.458
6EM3521 100 2026 05 23.1  13.1916 -12.7134 20.4 Updated May 23.51 UT            11   0.45 22.7  0.320
NAOCBPP  99 2026 05 20.7  14.8649 -19.2820 22.1 Updated May 22.70 UT             4   0.13 22.4  2.976
CZYNHKZ 100 2026 05 14.4  16.3727  +2.3348 21.8 Updated May 23.35 UT             4   0.02 22.7  9.439
C46CD31 100 2026 05 21.4   1.0525  -3.6455 25.5 Updated May 23.35 UT             7   0.05 28.6  2.383
ST26ED1  98 2026 05 21.2   1.5104 -15.3426 26.2 Updated May 23.35 UT            20   0.16 30.2  2.441
TF26EE0 100 2026 05 20.5  16.3791  +8.8166 23.8 Updated May 22.38 UT             4   0.02 28.7  3.342
ST26EC8  98 2026 05 20.4  20.6401 -29.4300 21.7 Updated May 23.35 UT             6   0.14 28.6  3.389
ST26EC7  98 2026 05 20.4   2.4224  -8.4041 29.2 Updated May 23.35 UT             6   0.11 30.3  3.395
ST26EC5 100 2026 05 20.3  15.5380 -16.8067 20.0 Updated May 22.38 UT             4   0.03 24.9  3.487
P12nffX  10 2026 05 20.5  16.3445 -20.9896 21.7 Updated May 22.44 UT            15   7.94 19.3  1.429
P12nfaz  38 2026 05 20.3  13.2337 -27.9783 22.0 Updated May 23.25 UT            12   2.87 18.4  0.634
NAOCAN7 100 2026 05 17.7  15.2784 -21.8408 20.8 Updated May 22.38 UT             4   0.10 19.7  5.974
KPMa1Ih  87 2026 05 18.1  11.1237 -27.2214 23.4 Updated May 22.38 UT             5   0.01 20.8  5.723
CEMVK32  55 2026 05 17.4  16.6237  +9.3518 21.6 Updated May 23.35 UT            47   9.02 20.1  2.368
P12neKs  35 2026 05 14.6  18.0873 +57.2208 19.9 Updated May 23.50 UT           149   8.88 15.1  0.374
