P22nf7J 100 2026 05 17.6  16.4142 +32.5266 21.3 Added May 17.77 UT               3   0.04 19.5  0.256
P22nf7G 100 2026 05 17.6  16.1917 +34.3448 22.1 Added May 17.77 UT               4   0.04 22.8  0.257
P12nf3G  82 2026 05 17.5  16.2566  -8.1718 21.6 Updated May 17.81 UT             4   1.16 20.1  0.360
P22nf3F  64 2026 05 17.5  17.5996 +36.9103 21.6 Updated May 17.78 UT             6   0.12 17.1  0.247
A11CvyY 100 2026 05 17.4  14.2161 -23.5614 19.5 Updated May 17.61 UT            13   0.23 23.3  0.265
CEMVK32  98 2026 05 17.4  17.1045 +12.2102 21.7 Updated May 17.51 UT            14   0.11 19.4  0.387
CEMVGV2  86 2026 05 17.3  16.0854 +12.7221 20.1 Updated May 17.85 UT            26   0.50 26.0  0.016
CEMV1Q2  98 2026 05 17.3  15.2461  +7.5180 21.0 Updated May 17.44 UT            16   0.13 26.3  0.429
CEMUUC2 100 2026 05 17.3  14.4680 +10.9369 20.5 Updated May 17.83 UT            18   0.18 25.6  0.396
A11Cvk7 100 2026 05 16.9  13.9130 -73.0195 19.6 Added May 16.99 UT               4   0.03 21.5  0.932
CEMRK82  84 2026 05 16.5  21.5539  -9.9808 21.6 Added May 16.49 UT               3   0.01 17.7  1.397
A11Cswo 100 2026 05 16.0  17.2215 -23.4732 18.5 Updated May 17.33 UT             4   0.02 22.1  1.859
ZTF10Du 100 2026 05 15.3  16.7770 -36.0266 19.1 Updated May 17.33 UT             4   0.03 26.4  2.563
ST26E84  98 2026 05 15.4  15.3090 +10.7530 20.5 Updated May 17.33 UT             6   0.47 26.4  1.972
ST26E75  98 2026 05 15.2   2.4833 -25.5105 25.5 Updated May 16.82 UT             7   0.09 28.6  2.541
P12neKs  91 2026 05 14.6  18.2776 +57.8114 20.3 Updated May 17.36 UT            48   2.50 15.4  0.789
RFD0300 100 2026 05 13.0  19.5930 -44.7492 24.9 Updated May 16.38 UT             2   0.00 29.8  4.831
CEMAUH2 100 2026 05 14.4  16.1058  -9.2245 21.2 Updated May 16.38 UT             6   0.07 23.9  3.418
ST26E61 100 2026 05 14.3  16.6747  +0.7126 23.6 Updated May 16.38 UT             6   0.05 29.0  3.495
MZ26075 100 2026 05 13.8  16.8079  -0.9007 22.6 Updated May 16.37 UT             3   0.01 27.4  4.038
A11CmCW 100 2026 05 13.3   6.2648 -71.7508 20.9 Updated May 16.38 UT             4   0.02 24.8  4.486
A11CmCS 100 2026 05 13.3  17.1961 -30.8535 20.4 Updated May 16.38 UT             4   0.04 25.4  4.545
OCA1642  84 2026 05 13.1  13.7093 -31.3670 19.4 Updated May 16.37 UT             3   0.02 14.0  4.733
S001563  73 2026 05 07.0  12.9800 -27.2183 21.7 Updated May 16.37 UT             3   0.03 18.3 10.783
C1EUYV5  35 2026 04 27.5  17.2292 +18.9190 21.9 Updated May 16.81 UT            36 300.17 12.8  1.400
