A11Cswo 100 2026 05 16.0  17.3079 -23.8326 18.9 Added May 16.13 UT               4   0.02 20.7  0.151
ZTF10Du 100 2026 05 15.3  15.4399 -29.2369 17.2 Added May 15.45 UT               4   0.03 26.1  0.854
ST26E84 100 2026 05 15.4  14.8889 +10.7342 20.0 Updated May 15.45 UT             4   0.03 24.4  0.708
ST26E76  98 2026 05 15.2  14.4230  +7.4328 21.4 Updated May 15.92 UT            11   0.67 30.6  0.239
ST26E75 100 2026 05 15.2  14.7838 -13.1783 18.3 Updated May 15.38 UT             4   0.01 25.6  0.917
6EE3C21 100 2026 05 15.2  15.7138 -20.9855 19.2 Updated May 15.97 UT            14   0.76 25.9  0.196
A11Cr0m 100 2026 05 15.0  16.0350 -51.2869 17.9 Updated May 15.37 UT            14   0.31 20.0  0.859
P12neKJ 100 2026 05 14.3  13.0113 -23.3929 20.9 Updated May 15.88 UT            13   1.51 20.1  0.307
P12neKs  57 2026 05 14.6  18.3284 +57.9287 20.2 Updated May 16.03 UT            16   1.43 15.5  0.149
P12nc1c  96 2026 05 14.5  16.7792  -6.3837 21.7 Updated May 15.38 UT            21   0.90 20.1  0.772
RFD0300 100 2026 05 13.0   0.1370 -31.4590 25.5 Added May 14.52 UT               2   0.00 29.5  3.122
CEMAUH2 100 2026 05 14.4  16.3182  -2.3583 21.3 Updated May 14.46 UT             6   0.07 24.0  1.710
ST26E61 100 2026 05 14.3  16.5407  +0.5678 22.3 Updated May 14.37 UT             6   0.05 28.7  1.786
ST26E57  98 2026 05 14.3  16.8722 -13.0430 19.6 Updated May 15.95 UT            15   1.67 28.0  0.209
MZ26075 100 2026 05 13.8  17.2620  +8.7546 20.2 Updated May 15.33 UT             3   0.01 25.5  2.330
A11CmCW 100 2026 05 13.3   5.9163 -72.9140 20.0 Updated May 15.33 UT             4   0.02 25.5  2.778
A11CmCS 100 2026 05 13.3  16.9431 -34.0349 19.8 Updated May 15.33 UT             4   0.04 25.5  2.836
OCA1642  84 2026 05 13.1  13.7366 -31.2746 19.4 Updated May 15.33 UT             3   0.02 13.1  3.025
CEM26R2  18 2026 05 12.4  16.5660 +15.3578 20.6 Updated May 15.33 UT            21   2.69 17.0  1.913
CEM1XD2  16 2026 05 12.3  14.4727 +17.2807 22.2 Updated May 15.17 UT            22   7.84 19.2  0.992
SO0005e 100 2026 05 11.7   0.1807  +6.4307 27.3 Updated May 14.35 UT             3   0.00 28.9  4.441
SO0005d 100 2026 05 11.7  19.1871 -24.1373 22.4 Updated May 14.34 UT             4   0.00 28.2  4.440
SO0005c 100 2026 05 11.7  22.8045 -28.8997 24.3 Updated May 14.34 UT             3   0.00 28.6  4.494
SO0005b 100 2026 05 11.6  23.0133  -7.8009 23.0 Updated May 14.34 UT             3   0.00 26.6  4.505
CELXZH2 100 2026 05 11.3  14.7216 +24.4444 22.2 Updated May 14.35 UT             3   0.01 25.0  4.804
S001563  73 2026 05 07.0  12.9785 -27.1530 21.6 Updated May 14.34 UT             3   0.03 17.5  9.075
C1EUYV5  35 2026 04 27.5  17.2531 +18.8359 21.9 Updated May 15.51 UT            36 299.14 12.8  0.721
