Sar2899 100 2026 05 22.0  16.4276 +12.0117 20.1 Added May 22.03 UT               3   0.00 28.0  0.043
CZYNHKZ  98 2026 05 14.4  16.3879  +2.5044 20.4 Updated May 21.93 UT             7   7.55 16.2  0.117
P22nfmx 100 2026 05 21.3  14.3710  +1.4829 21.0 Updated May 21.94 UT            15   0.72 24.6  0.118
C46CD31 100 2026 05 21.4  19.5257  -5.0342 18.8 Updated May 21.45 UT             5   0.05 28.5  0.592
ST26ED8  93 2026 05 21.3  17.8646 +12.3128 20.2 Updated May 21.95 UT            18   0.61 25.9  0.091
ST26ED1  98 2026 05 21.2  21.7625 -19.6361 18.9 Updated May 21.71 UT            20   0.16 30.2  0.650
TF26EE0 100 2026 05 20.5  16.4275  +8.7563 22.4 Updated May 20.74 UT             4   0.02 28.7  1.551
ST26EC8  98 2026 05 20.4  18.3137 -18.9979 19.9 Updated May 21.71 UT             6   0.14 28.6  1.597
ST26EC7  98 2026 05 20.4   2.2403  -8.2614 27.3 Updated May 21.71 UT             6   0.11 30.2  1.603
ST26EC5 100 2026 05 20.3  16.2174 -12.2066 19.1 Updated May 20.59 UT             4   0.03 24.6  1.696
P12nfgD  10 2026 05 20.4  15.9661  -7.4511 21.8 Updated May 21.76 UT            28 5292.06 20.0  0.621
P12nffX  10 2026 05 20.5  16.3770 -20.8200 21.6 Updated May 21.77 UT            12   6.91 18.9  0.665
P12nffV  45 2026 05 20.5  16.5026 -18.9346 20.6 Updated May 22.02 UT            19   2.70 20.3  0.026
P12nfaz  50 2026 05 20.3  13.2484 -28.3169 22.0 Updated May 21.47 UT             8   1.05 18.5  0.665
P22nfat  20 2026 05 20.4  16.1888 +21.4788 22.1 Updated May 21.73 UT            25 622.93 19.6  0.603
A11CGDI  84 2026 05 19.2  17.4032 -42.7359 18.5 Updated May 21.92 UT            30   2.72 21.3  0.122
NAOCAN7 100 2026 05 17.7  15.2765 -21.7977 20.8 Updated May 21.35 UT             4   0.10 19.6  4.182
KPMa1Ih  87 2026 05 18.1  11.1255 -26.4086 23.3 Updated May 21.35 UT             5   0.01 20.8  3.931
CEMVK32  35 2026 05 17.4  16.7607 +10.2144 21.6 Updated May 21.47 UT            47   9.02 20.1  0.576
P12neKs  35 2026 05 14.6  18.1463 +57.4294 20.0 Updated May 22.02 UT           121   7.45 15.2  0.016
