A11EBEK 100 2026 07 12.1  20.3784 -47.0540 19.2 Added July 12.36 UT              4   0.05 21.1  0.438
A11EvW3  98 2026 07 12.2  18.0982 -13.9779 19.5 Updated July 12.37 UT            9   0.20 28.1  0.260
P12o4vO 100 2026 07 11.6   6.9628 -14.7871 21.8 Updated July 12.08 UT            3   0.01 26.3  1.025
P12o4vF  86 2026 07 11.5  22.7020 -18.3357 22.0 Updated July 12.57 UT            7   1.01 19.4  0.070
P12o4vm  84 2026 07 11.5  22.4579 -18.1798 20.9 Updated July 12.57 UT            7   1.01 18.4  0.074
P12o4vl  97 2026 07 11.5  22.4140 -19.1240 20.7 Updated July 12.55 UT            7   1.00 18.5  0.081
P12o4vk  66 2026 07 11.5  22.3498 -20.7698 20.7 Updated July 12.55 UT           10  21.97 19.1  0.086
P12o4v9  98 2026 07 11.6  22.9661 -18.8386 20.9 Updated July 12.58 UT            8   1.00 21.3  0.063
ZTF10El 100 2026 07 11.3  23.9295  -3.1238 20.3 Added July 11.69 UT              4   0.02 27.9  1.286
ZTF10En 100 2026 07 11.4  20.7173 +17.0925 19.1 Added July 11.69 UT              2   0.00 23.7  1.222
S001621 100 2026 07 11.2  22.0065 -32.8481 20.1 Added July 11.59 UT              3   0.04 20.3  1.358
P12o2DL 100 2026 07 11.5  21.7545  +6.9948 21.5 Updated July 12.31 UT           13   0.82 22.2  0.319
P12o2DM  98 2026 07 11.5  21.7101  +2.9620 21.8 Updated July 12.55 UT           10   1.05 27.4  0.090
A11EvW0 100 2026 07 11.3  19.7380 -26.7269 19.2 Added July 11.32 UT              4   0.02 24.9  1.348
ST26G26 100 2026 07 10.5  20.4848  +2.3782 21.0 Updated July 12.25 UT            4   0.01 27.0  2.158
A11Evr9 100 2026 07 10.0  21.4088 -50.4565 18.1 Updated July 12.51 UT           11   2.35 24.2  0.238
TF26G22 100 2026 07 10.3  18.9655 +14.5690 19.9 Updated July 11.28 UT            2   0.94 25.8  1.388
ST26G18 100 2026 07 10.3   7.5662 +65.8853 24.2 Updated July 12.25 UT            4   0.02 26.1  2.293
ST26G17 100 2026 07 10.3   7.6606 -18.6706 27.7 Updated July 12.25 UT            2   0.00 28.8  2.336
CEQKE72  78 2026 07 10.3  16.2963 +11.0327 20.9 Updated July 12.28 UT           33   1.86 23.1  0.504
A11Evap  86 2026 07 09.9  19.8264 -35.9083 19.2 Updated July 11.90 UT           17   1.97 21.9  0.733
P12o0YY  99 2026 07 09.5  20.7335 -21.3111 20.9 Updated July 12.25 UT            6   0.08 18.9  3.081
CEQJF02  74 2026 07 09.3  23.0500 +13.6523 21.5 Updated July 12.54 UT           26   3.01 27.2  0.275
P12o0Y1 100 2026 07 08.5  20.2000 -29.4789 21.3 Updated July 12.25 UT           12  18.41 22.5  2.661
P12nXce  96 2026 07 08.5  21.7729 -34.4843 21.1 Updated July 12.31 UT           14   3.65 21.5  0.465
P12nXcA  68 2026 07 08.5  20.9791 -23.6196 19.5 Updated July 12.14 UT           21   3.51 22.8  0.610
A11EpSe  75 2026 07 08.2  19.6440 -29.6158 19.2 Updated July 11.89 UT           16   3.70 19.0  0.749
W2nCdO   79 2026 07 07.4  19.1556 -24.7548 23.9 Updated July 12.25 UT           11  19.01 26.6  3.201
ST26G01  98 2026 07 07.2  21.2030 -60.7975 22.0 Updated July 12.25 UT           14   0.10 27.0  5.274
P22nTNT  10 2026 07 06.5  18.2908 +17.2303 21.1 Updated July 12.14 UT           27   5.67 19.1  0.493
MAS0006  35 2026 06 19.3  18.3538 +23.9262 19.9 Updated July 12.38 UT          151  22.68  8.9  0.639
OMO0297  87 2026 06 25.8  23.7046  +3.9290 21.8 Updated July 12.25 UT           12  12.63 20.1  4.170
P22nJzF  35 2026 06 22.5  22.4904 +18.8315 21.5 Updated July 12.25 UT           23  25.46 14.1  2.617
