ST26EA7 100 2026 05 18.5  16.0866  +7.6635 16.9 Added May 18.76 UT               2   0.00 18.0  0.406
KPMa1Ih  82 2026 05 18.1  11.1358 -24.9255 23.2 Added May 18.68 UT               5   0.01 21.2  0.804
A11CDyX 100 2026 05 18.0  10.8086 -33.1345 19.7 Added May 18.22 UT               4   0.02 21.1  0.839
P22nf7G 100 2026 05 17.6  16.2175 +35.2729 22.1 Added May 17.77 UT               4   0.04 22.8  1.301
P22nf3F  32 2026 05 17.5  17.5990 +37.0892 21.4 Updated May 18.35 UT            12   0.81 19.0  0.604
CEMVK32 100 2026 05 17.4  17.0156 +11.7160 21.7 Updated May 18.33 UT            30   5.77 20.2  0.700
A11Cvk7 100 2026 05 16.9  13.5553 -72.1582 19.6 Updated May 18.37 UT             4   0.03 22.7  1.977
CEMRK82  84 2026 05 16.5  21.5835 -10.1844 21.5 Updated May 18.37 UT             3   0.01 17.3  2.441
A11Cswo 100 2026 05 16.0  17.1633 -23.2418 18.5 Updated May 18.37 UT             4   0.02 20.9  2.904
ST26E84  98 2026 05 15.4  15.4868 +10.6797 20.8 Updated May 18.37 UT             6   0.47 26.4  3.016
ST26E75  98 2026 05 15.2   2.5126 -22.6119 26.7 Updated May 18.37 UT             7   0.09 28.6  3.586
P12neKs  35 2026 05 14.6  18.2456 +57.7288 20.2 Updated May 18.80 UT            60   3.67 15.3  0.666
CEMAUH2 100 2026 05 14.4  15.9787 -13.2159 21.2 Updated May 18.39 UT             6   0.07 23.9  4.463
C1EUYV5  35 2026 04 27.5  17.2145 +18.9675 21.9 Updated May 16.81 UT            36 300.17 12.8  2.444
