6E94521 100 2026 05 10.4  19.3046 -54.2801 18.4 Added May 10.41 UT               3   0.01 20.8  0.190
CELUGR2  98 2026 05 10.3  15.0343 +31.5865 20.3 Updated May 10.42 UT            10   0.09 26.1  0.142
CELUGK2 100 2026 05 10.3  14.7991 +29.8615 21.6 Updated May 10.44 UT            11   0.10 23.4  0.129
ZTF10Do  98 2026 05 10.2  12.7716 -14.5051 18.7 Updated May 10.48 UT             6   0.23 26.6  0.104
ST26E26  98 2026 05 10.2  15.1718  -6.4913 19.7 Updated May 10.42 UT            10   0.17 29.2  0.146
ST26E25  98 2026 05 10.2  14.8349  -2.4927 20.3 Updated May 10.42 UT            13   0.17 28.7  0.151
CELU1Q2 100 2026 05 10.2  11.5827 +31.3871 22.1 Updated May 10.32 UT             7   0.11 25.8  0.253
ST26E24  98 2026 05 10.2  12.3018  -6.1584 18.9 Updated May 10.52 UT            13   0.29 29.1  0.089
P22n4ou  89 2026 05 09.4  14.7333  +7.5028 21.6 Updated May 10.23 UT            11   0.86 21.5  0.342
ZTF10Dn 100 2026 05 09.3  16.4634 -12.2389 18.8 Added May 9.51 UT                4   0.04 26.9  1.228
XA9ttXA  99 2026 05 08.8  15.1447  +1.7826 22.2 Updated May 10.41 UT             8   1.61 20.7  0.192
ST26E18 100 2026 05 09.4  15.6181 -15.9388 20.6 Added May 9.37 UT                4   0.00 28.7  1.198
CELT2A2  94 2026 05 09.3  13.6777 +35.5427 20.4 Updated May 10.36 UT            24   0.91 21.5  0.383
CELT0C2  93 2026 05 09.2  12.9008 +40.5728 20.9 Updated May 10.15 UT            16   0.89 22.9  0.423
CELRZD2 100 2026 05 09.2  12.5956 +35.0539 21.7 Updated May 9.36 UT              8   0.10 22.8  1.216
TF26E23 100 2026 05 09.2  13.0995  -4.7339 17.1 Updated May 10.56 UT             2   0.00 19.6  1.348
gb00845  77 2026 05 08.8  13.0327 -10.2776 20.1 Updated May 10.50 UT            51   1.53 23.9  0.229
P22n0x5  72 2026 05 08.5  15.3241 -15.0676 20.4 Updated May 10.09 UT            30   1.70 30.0  0.487
ZTF10Dl 100 2026 05 08.3  18.4288 -15.4750 20.1 Updated May 10.31 UT             4   0.03 27.0  2.196
ST26E14 100 2026 05 08.4  13.3913  -3.6450 17.9 Updated May 10.31 UT             2   0.00 21.3  2.140
P22n0vC  26 2026 05 08.3  14.8333  +9.9544 22.3 Updated May 10.26 UT            22   1.91 19.8  0.317
CELLEH2  86 2026 05 08.3  15.8257 -15.8816 22.6 Updated May 10.22 UT            12   1.86 32.6  0.408
CELHF72  75 2026 05 08.3  14.9773  -9.8606 21.3 Updated May 10.28 UT            30   1.97 24.6  0.292
P22n0gv  86 2026 05 07.6  17.1897 +48.0573 21.2 Updated May 10.42 UT            28   2.80 21.4  0.167
P22n0fQ  97 2026 05 07.4  15.0894  +9.8950 22.1 Updated May 9.34 UT              3   0.04 24.3  3.157
ZTF10Di 100 2026 05 07.4  21.9534 -11.4060 22.1 Updated May 9.34 UT              4   0.02 27.4  3.172
S001563  73 2026 05 07.0  13.0020 -26.8810 21.5 Updated May 9.33 UT              3   0.03 17.7  3.488
P22mZLU  93 2026 05 06.3  11.7543 -17.3244 20.9 Updated May 10.56 UT            10   1.71 20.6  2.583
A11BX2S 100 2026 05 05.2  19.2214  +1.4999 20.2 Updated May 9.33 UT              2   0.01 24.8  5.334
A11BRI6  53 2026 05 03.0  10.6471 -40.1829 18.8 Updated May 10.31 UT            50   5.00 19.9  2.547
ZTF10Df  98 2026 05 02.2  10.4185  +1.4449 23.5 Updated May 9.33 UT              9   0.68 26.6  7.721
C1EUYV5  91 2026 04 27.5  17.3290 +18.5335 21.8 Updated May 10.33 UT            24  12.79 12.7  0.306
