ST26E34 100 2026 05 10.5  14.8620 +17.6970 20.6 Added May 10.70 UT               2   0.00 26.4  0.730
ST26E31  86 2026 05 10.4  14.1826  -5.3041 18.7 Updated May 11.17 UT            19   0.71 25.9  0.035
ZTF10Dp 100 2026 05 10.2  11.6478  +8.7055 18.3 Added May 10.57 UT               4   0.03 21.9  0.948
6E94521  98 2026 05 10.4  19.3467 -55.7321 19.5 Updated May 11.16 UT             7   0.79 19.7  0.040
CELUGK2  88 2026 05 10.3  14.8059 +28.8062 21.6 Updated May 11.19 UT            18   0.84 24.4  0.012
ZTF10Do  98 2026 05 10.2  13.2194  -4.8563 18.4 Updated May 10.48 UT             6   0.23 26.6  0.730
CELU1Q2  98 2026 05 10.2  11.5848 +31.3420 21.6 Updated May 11.16 UT            11   0.95 26.2  0.037
ST26E24  98 2026 05 10.2   6.3342 -28.6419 20.4 Updated May 10.52 UT            13   0.29 29.1  0.715
ZTF10Dn 100 2026 05 09.3  16.7164 -12.6797 19.6 Added May 9.51 UT                4   0.04 26.9  1.855
XA9ttXA  99 2026 05 08.8  15.1320  +1.8160 22.4 Updated May 11.14 UT            11   2.36 21.1  0.072
ST26E18 100 2026 05 09.4  15.7514 -17.2425 21.2 Added May 9.37 UT                4   0.00 28.7  1.825
CELT2A2  72 2026 05 09.3  13.6117 +34.9919 20.3 Updated May 11.19 UT            35   1.90 21.5  0.010
CELT0C2  79 2026 05 09.2  12.7870 +42.6052 20.9 Updated May 11.05 UT            26   1.80 22.8  0.141
CELRZD2 100 2026 05 09.2  12.5529 +35.4869 21.9 Updated May 9.36 UT              8   0.10 22.8  1.843
TF26E23 100 2026 05 09.2  13.0326  -4.2977 17.4 Updated May 11.18 UT             2   0.00 19.6  1.974
ZTF10Dl 100 2026 05 08.3  18.6542 -15.5237 20.6 Updated May 10.31 UT             4   0.03 27.0  2.822
ST26E14 100 2026 05 08.4  13.3751  -3.4743 17.9 Updated May 10.31 UT             2   0.00 21.3  2.766
P22n0vC  26 2026 05 08.3  14.8178  +9.8654 22.3 Updated May 10.26 UT            22   1.91 19.8  0.943
CELLEH2  86 2026 05 08.3  15.8506 -16.2553 23.0 Updated May 10.22 UT            12   1.86 32.6  1.034
P22n0fQ  97 2026 05 07.4  15.0846  +9.9707 22.2 Updated May 9.34 UT              3   0.04 24.3  3.783
ZTF10Di 100 2026 05 07.4  22.1136 -10.9177 22.5 Updated May 9.34 UT              4   0.02 27.4  3.798
S001563  73 2026 05 07.0  12.9990 -26.9132 21.5 Updated May 9.33 UT              3   0.03 17.7  4.114
P22mZLU  93 2026 05 06.3  11.7782 -16.8169 20.9 Updated May 11.18 UT            10   1.71 20.6  3.210
A11BRI6  51 2026 05 03.0  10.7924 -39.8711 18.8 Updated May 10.91 UT            52   7.13 19.8  1.048
ZTF10Df  98 2026 05 02.2  10.4227  +1.4356 23.6 Updated May 9.33 UT              9   0.68 26.6  8.347
C1EUYV5  91 2026 04 27.5  17.3207 +18.5696 21.8 Updated May 10.33 UT            24  12.79 12.7  0.933
