TF26EE0 100 2026 05 20.5  16.5985  +8.4393 20.3 Updated May 20.74 UT             4   0.02 28.7  0.382
TF26ED8 100 2026 05 20.5  16.4753  +2.0022 18.2 Added May 20.66 UT               2   0.00 24.3  0.403
ST26EC8 100 2026 05 20.4  16.1066  -1.2892 18.6 Updated May 20.66 UT             4   0.02 27.1  0.429
ST26EC7 100 2026 05 20.4  23.2446  -3.5751 19.0 Updated May 20.60 UT             4   0.01 29.5  0.435
ST26EC5 100 2026 05 20.3  17.1765  -4.8893 19.0 Updated May 20.59 UT             4   0.03 24.6  0.528
P12nfgD  86 2026 05 20.4  15.9977  -7.2271 21.6 Updated May 20.69 UT             6   0.14 20.1  0.291
P12nffX  10 2026 05 20.5  16.3976 -20.7097 21.7 Updated May 20.69 UT             5   0.08 14.9  0.294
P12nfdO  94 2026 05 20.5  16.2643 -22.9412 21.6 Updated May 20.69 UT             5   0.09 28.9  0.295
P12nffV  69 2026 05 20.5  16.5081 -19.4286 20.6 Updated May 20.70 UT             6   0.09 18.0  0.292
P12nfdQ  98 2026 05 20.4  15.5944 -15.5570 19.6 Updated May 20.69 UT             5   0.12 27.9  0.296
P22nfcp 100 2026 05 20.4  16.9454  +3.8796 21.1 Updated May 20.70 UT             7   0.16 22.2  0.287
P22nfcS  83 2026 05 20.4  16.9173  +2.1890 20.6 Updated May 20.70 UT             7   0.16 17.4  0.287
P12nfck  98 2026 05 20.4  14.3076 -24.8123 19.1 Updated May 20.69 UT             6   0.11 26.1  0.376
P12nfaz  80 2026 05 20.3  13.2586 -28.5377 21.9 Updated May 20.70 UT             5   0.13 14.5  0.413
P22nfat  74 2026 05 20.4  16.2085 +21.3501 21.8 Updated May 20.69 UT             5   0.22 14.4  0.285
P22nfad 100 2026 05 20.4  16.9615 +19.8898 21.0 Updated May 20.69 UT             5   0.22 25.5  0.282
CEN5QX2  91 2026 05 19.4  16.2162 -14.8364 20.5 Updated May 20.52 UT            21   1.02 25.4  0.449
A11CGDH 100 2026 05 19.2  16.4130 -71.5828 18.8 Updated May 20.82 UT            10   1.57 21.9  0.074
A11CGDI  86 2026 05 19.2  17.2528 -44.3782 18.7 Updated May 20.63 UT            24   1.40 21.4  0.281
NAOCAN7 100 2026 05 17.7  15.2751 -21.7616 20.7 Updated May 20.34 UT             4   0.10 20.1  3.014
KPMa1Ih  87 2026 05 18.1  11.1282 -25.8673 23.2 Updated May 20.34 UT             5   0.01 20.8  2.763
A11CDyX  81 2026 05 18.0  10.9238 -31.6600 19.6 Updated May 20.78 UT            22   2.72 20.6  0.095
CEMVK32  35 2026 05 17.4  16.8536 +10.7769 21.6 Updated May 20.52 UT            41   7.48 20.1  0.953
ST26E75  98 2026 05 15.2   2.5341 -20.5612 27.9 Updated May 20.34 UT             7   0.09 28.6  5.545
P12neKs  35 2026 05 14.6  18.1840 +57.5506 20.0 Updated May 20.86 UT           103   6.28 15.2  0.014
