ST26E35 100 2026 05 11.2  13.1955  +6.3744 19.3 Updated May 11.26 UT            10   0.06 28.0  0.024
ST26E34 100 2026 05 10.5  14.8394 +18.6750 20.6 Added May 10.70 UT               2   0.00 26.4  0.813
ST26E31  86 2026 05 10.4  14.1083  -6.9741 18.9 Updated May 11.21 UT            27   0.75 26.1  0.078
ZTF10Dp 100 2026 05 10.2  11.6715  +8.0471 18.3 Added May 10.57 UT               4   0.03 21.9  1.031
6E94521 100 2026 05 10.4  19.3527 -55.9260 19.5 Updated May 11.16 UT             7   0.79 19.7  0.123
CELUGK2  93 2026 05 10.3  14.8067 +28.6645 21.6 Updated May 11.19 UT            21   0.85 24.4  0.089
ZTF10Do  98 2026 05 10.2  13.2850  -3.3995 18.3 Updated May 10.48 UT             6   0.23 26.6  0.814
CELU1Q2  98 2026 05 10.2  11.5850 +31.3350 21.5 Updated May 11.21 UT            13   0.99 26.1  0.080
ST26E24  98 2026 05 10.2   5.4285 -26.8670 21.5 Updated May 10.52 UT            13   0.29 29.1  0.798
ZTF10Dn 100 2026 05 09.3  16.7397 -12.7178 19.7 Added May 9.51 UT                4   0.04 26.9  1.938
XA9ttXA  87 2026 05 08.8  15.1303  +1.8196 22.6 Updated May 11.23 UT            13   2.46 21.8  0.056
ST26E18 100 2026 05 09.4  15.7647 -17.3702 21.3 Added May 9.37 UT                4   0.00 28.7  1.908
CELT0C2  79 2026 05 09.2  12.7710 +42.8799 20.9 Updated May 11.05 UT            26   1.80 22.8  0.224
CELRZD2 100 2026 05 09.2  12.5477 +35.5392 21.9 Updated May 9.36 UT              8   0.10 22.8  1.926
TF26E23 100 2026 05 09.2  13.0248  -4.2461 17.4 Updated May 11.26 UT             2   0.00 19.6  2.057
ZTF10Dl 100 2026 05 08.3  18.6777 -15.5259 20.7 Updated May 10.31 UT             4   0.03 27.0  2.906
ST26E14 100 2026 05 08.4  13.3730  -3.4514 17.9 Updated May 10.31 UT             2   0.00 21.3  2.849
P22n0vC  24 2026 05 08.3  14.8157  +9.8532 22.4 Updated May 11.21 UT            25   2.87 19.9  0.069
CELLEH2  86 2026 05 08.3  15.8532 -16.2956 23.1 Updated May 10.22 UT            12   1.86 32.6  1.117
P22n0fQ  97 2026 05 07.4  15.0840  +9.9799 22.2 Updated May 9.34 UT              3   0.04 24.3  3.867
ZTF10Di 100 2026 05 07.4  22.1308 -10.8640 22.6 Updated May 9.34 UT              4   0.02 27.4  3.882
S001563  73 2026 05 07.0  12.9987 -26.9174 21.5 Updated May 9.33 UT              3   0.03 17.7  4.197
P22mZLU  68 2026 05 06.3  11.7816 -16.7446 21.0 Updated May 11.26 UT            17   4.96 20.7  0.041
A11BRI6  51 2026 05 03.0  10.8109 -39.8285 18.8 Updated May 10.91 UT            52   7.13 19.8  1.132
ZTF10Df  98 2026 05 02.2  10.4233  +1.4343 23.7 Updated May 9.33 UT              9   0.68 26.6  8.431
C1EUYV5  35 2026 04 27.5  17.3196 +18.5743 21.7 Updated May 11.25 UT            27  13.54 12.6  0.265
