P12nfxd  98 2026 05 25.6  17.8395 +16.1035 21.8 Updated May 25.79 UT             6   1.15 22.5  0.278
P12nfwU  96 2026 05 25.5  16.9089 +14.3942 21.7 Updated May 25.79 UT             5   1.11 23.1  0.334
C1F32J5 100 2026 05 25.4  17.2113 +12.2343 22.0 Added May 25.48 UT               4   0.02 25.7  0.395
C1F3245  75 2026 05 25.4  17.0261 +10.6545 22.9 Added May 25.48 UT               4   0.02 16.9  0.397
SJA1250 100 2026 05 24.9  16.9070 +61.6360 20.3 Added May 25.42 UT               3   0.03 17.5  0.898
C1F2X35  91 2026 05 25.4  16.3498  +1.7329 21.9 Updated May 25.46 UT             8   0.09 21.4  0.407
C1F2HL5 100 2026 05 25.4  16.3253 -11.4576 22.4 Updated May 25.43 UT             8   0.07 25.5  0.442
C1F2HK5 100 2026 05 25.4  16.1980 -11.4561 21.8 Updated May 25.43 UT             8   0.07 22.8  0.444
C1F1TD5 100 2026 05 25.3  15.5769  +4.5491 22.0 Added May 25.33 UT               4   0.02 27.4  0.540
C03UYWZ 100 2026 05 23.4  16.7579 +10.5739 23.0 Added May 25.30 UT               4   0.02 25.5  2.402
A11CUyv  96 2026 05 24.1  17.5963 -57.2682 19.0 Updated May 25.44 UT            10   1.27 18.7  0.454
P12nfw2 100 2026 05 24.6  21.0290  -3.9474 21.4 Updated May 25.71 UT             5   1.00 19.3  0.273
NAOCLYL  85 2026 05 23.8  15.8985 -19.9625 21.6 Added May 24.59 UT               4   0.10 21.5  2.013
A11CQzo 100 2026 05 24.4  20.9198 -18.7286 19.4 Added May 24.51 UT               5   0.05 29.9  1.434
P12nfqd 100 2026 05 24.4  15.9388 -22.5961 20.5 Updated May 25.69 UT             9   1.06 21.5  0.395
oKr0080 100 2026 05 23.9  23.4860 +18.5367 20.2 Added May 24.47 UT               3   0.00 15.5  1.979
C1F1535  87 2026 05 24.4  16.7575  +6.3721 22.5 Updated May 25.30 UT            11   0.87 23.3  0.583
C1F0TQ5  89 2026 05 24.4  15.8826  -7.7354 21.7 Updated May 25.39 UT            15   2.93 24.3  0.604
C1F0EU5  87 2026 05 24.3  15.4216 -10.0870 22.1 Updated May 24.39 UT             8   0.07 14.8  1.478
C1F0295  90 2026 05 24.3  15.3257  -7.1957 22.1 Updated May 25.21 UT            17   0.88 22.2  0.672
6EN3D21 100 2026 05 24.2  16.5559 -79.4817 18.8 Updated May 25.35 UT             3   0.01 21.1  1.634
C1EYPU5 100 2026 05 23.4  15.8544  +3.2652 22.9 Updated May 25.26 UT            11   1.87 24.2  0.620
C1EYD55  69 2026 05 23.3  15.7587 -13.4218 22.1 Updated May 25.35 UT            12   0.95 20.1  1.590
NAOCBPP  99 2026 05 20.7  14.8946 -20.5879 22.2 Updated May 25.35 UT             4   0.13 22.4  5.019
C46CD31 100 2026 05 21.4   1.5152  -3.0456 27.4 Updated May 25.35 UT             7   0.05 28.6  4.426
ST26ED1  98 2026 05 21.2   1.7116 -14.6031 27.8 Updated May 25.35 UT            20   0.16 30.2  4.484
ST26EC8  98 2026 05 20.4  21.7119 -30.9521 23.1 Updated May 25.35 UT             6   0.14 28.6  5.432
ST26EC7  98 2026 05 20.4   2.4742  -8.3964 30.1 Updated May 25.35 UT             6   0.11 30.3  5.438
P12nfaz  43 2026 05 20.3  13.2189 -27.5926 21.9 Updated May 24.34 UT            12   2.87 18.3  2.677
NAOCAN7 100 2026 05 17.7  15.2828 -21.8987 21.0 Updated May 24.34 UT             4   0.10 19.9  8.017
KPMa1Ih  87 2026 05 18.1  11.1252 -28.0878 23.4 Updated May 24.34 UT             5   0.01 20.8  7.766
CEMVK32  53 2026 05 17.4  16.4761  +8.3750 21.7 Updated May 24.42 UT            50  11.97 20.1  1.464
P12neKs  35 2026 05 14.6  18.0185 +56.9479 19.9 Updated May 25.03 UT           167  10.45 15.1  0.849
