A11Cvk7 100 2026 05 16.9  14.2213 -73.5585 19.6 Added May 16.99 UT               4   0.03 21.5  0.141
CEMRK82  79 2026 05 16.5  21.5316  -9.8313 21.6 Added May 16.49 UT               3   0.01 17.7  0.605
6EF1B21  99 2026 05 16.2  15.2933 -17.8216 20.1 Added May 16.40 UT               3   0.01 21.4  0.881
ST26E98  88 2026 05 16.3  18.6328 +24.8963 20.9 Updated May 16.79 UT            17   1.12 29.0  0.606
CEMK452  79 2026 05 16.3  14.2882  -4.5934 21.5 Updated May 17.04 UT            16   0.75 22.2  0.038
ST26E89  84 2026 05 16.2  13.0655  -4.4974 16.9 Updated May 17.04 UT            61   0.79 28.9  0.069
CEMEEG2  91 2026 05 16.2  12.3542  -9.1273 20.9 Updated May 17.01 UT            20   0.77 24.5  0.102
A11Cswo 100 2026 05 16.0  17.2639 -23.6655 18.8 Added May 16.13 UT               4   0.02 20.7  1.068
ZTF10Du 100 2026 05 15.3  16.2556 -33.9850 18.4 Added May 15.45 UT               4   0.03 26.1  1.771
ST26E84  98 2026 05 15.4  15.1381 +10.7846 20.3 Updated May 16.23 UT             6   0.47 26.4  1.180
ST26E76  86 2026 05 15.2  14.2702  +8.4088 22.6 Updated May 16.22 UT            17   0.93 30.7  0.903
ST26E75  98 2026 05 15.2   2.4127 -31.8440 23.7 Updated May 16.82 UT             7   0.09 28.6  1.750
6EE3C21  72 2026 05 15.2  15.9001 -18.5283 19.5 Updated May 17.06 UT            34   1.85 25.8  0.022
A11Cr0m  74 2026 05 15.0  16.0922 -49.3916 17.8 Updated May 17.02 UT            23   2.03 20.1  0.061
P12neKs  91 2026 05 14.6  18.3014 +57.8684 20.2 Updated May 16.98 UT            39   2.40 15.3  0.099
P12nc1c  84 2026 05 14.5  16.7543  -6.1085 21.7 Updated May 16.36 UT            28   1.87 20.1  0.713
RFD0300 100 2026 05 13.0  19.4965 -44.5437 24.5 Updated May 16.38 UT             2   0.00 29.8  4.039
CEMAUH2 100 2026 05 14.4  16.2007  -6.1747 21.3 Updated May 16.38 UT             6   0.07 23.9  2.627
ST26E61 100 2026 05 14.3  16.6296  +0.6684 23.1 Updated May 16.38 UT             6   0.05 29.0  2.703
MZ26075 100 2026 05 13.8  16.7800  -1.4207 22.2 Updated May 16.37 UT             3   0.01 27.4  3.247
A11CmCW 100 2026 05 13.3   6.1244 -72.5538 20.6 Updated May 16.38 UT             4   0.02 24.8  3.695
A11CmCS 100 2026 05 13.3  17.1042 -32.0443 20.2 Updated May 16.38 UT             4   0.04 25.4  3.753
OCA1642  84 2026 05 13.1  13.7218 -31.3243 19.4 Updated May 16.37 UT             3   0.02 14.0  3.941
CEM26R2  10 2026 05 12.4  16.5487 +15.2981 20.7 Updated May 16.91 UT            35   5.35 17.1  0.166
CEM1XD2  16 2026 05 12.3  14.4541 +17.1391 22.2 Updated May 16.38 UT            22   7.84 19.2  1.909
SO0005e 100 2026 05 11.7   0.2833  +7.5740 27.9 Updated May 16.38 UT             3   0.00 29.4  5.358
SO0005d 100 2026 05 11.7  19.2389 -23.7831 22.8 Updated May 16.38 UT             4   0.00 28.1  5.356
SO0005c 100 2026 05 11.7  23.0747 -27.2456 24.8 Updated May 16.38 UT             3   0.00 28.4  5.410
S001563  73 2026 05 07.0  12.9811 -27.1842 21.6 Updated May 16.37 UT             3   0.03 18.3  9.992
C1EUYV5  35 2026 04 27.5  17.2403 +18.8811 21.9 Updated May 16.81 UT            36 300.17 12.8  0.608
