TF26E48 100 2026 05 10.5  15.0586 +17.9224 20.0 Added May 10.70 UT               2   0.00 25.9  0.421
ST26E34 100 2026 05 10.5  14.9496 +13.7836 20.2 Added May 10.70 UT               2   0.00 26.4  0.438
ST26E33  98 2026 05 10.5  15.0951  +5.9535 15.0 Added May 10.70 UT               2   0.00 14.1  0.438
ST26E31 100 2026 05 10.4  14.4282  +0.3912 18.5 Updated May 10.70 UT             4   0.02 24.3  0.435
ZTF10Dp 100 2026 05 10.2  11.5596 +11.1424 18.2 Added May 10.57 UT               4   0.03 21.9  0.656
6E94521 100 2026 05 10.4  19.3323 -55.1289 18.3 Added May 10.41 UT               3   0.01 20.8  0.524
CELUGR2  98 2026 05 10.3  14.9544 +33.6220 20.3 Updated May 10.42 UT            10   0.09 26.1  0.477
CELUGK2 100 2026 05 10.3  14.8016 +29.2755 21.6 Updated May 10.44 UT            11   0.10 23.4  0.463
ZTF10Do  98 2026 05 10.2  13.0013  -9.6412 18.5 Updated May 10.48 UT             6   0.23 26.6  0.439
ST26E26  98 2026 05 10.2  15.3108  -8.3764 20.3 Updated May 10.42 UT            10   0.17 29.2  0.480
ST26E25  98 2026 05 10.2  14.8810  -3.9679 20.7 Updated May 10.42 UT            13   0.17 28.7  0.485
CELU1Q2 100 2026 05 10.2  11.5820 +31.3692 22.3 Updated May 10.32 UT             7   0.11 25.8  0.588
ST26E24  98 2026 05 10.2  10.3634 -19.7645 18.4 Updated May 10.52 UT            13   0.29 29.1  0.423
P22n4ou  87 2026 05 09.4  14.7313  +7.4598 21.5 Updated May 10.69 UT            15   0.86 21.5  0.676
ZTF10Dn 100 2026 05 09.3  16.6189 -12.5160 19.3 Added May 9.51 UT                4   0.04 26.9  1.563
XA9ttXA  99 2026 05 08.8  15.1378  +1.8010 22.2 Updated May 10.41 UT             8   1.61 20.7  0.527
ST26E18 100 2026 05 09.4  15.6979 -16.7229 21.0 Added May 9.37 UT                4   0.00 28.7  1.533
CELT2A2  84 2026 05 09.3  13.6426 +35.2527 20.4 Updated May 10.82 UT            30   1.54 21.5  0.081
CELT0C2  86 2026 05 09.2  12.8415 +41.6516 21.0 Updated May 10.85 UT            18   1.59 22.9  0.058
CELRZD2 100 2026 05 09.2  12.5720 +35.2944 21.8 Updated May 9.36 UT              8   0.10 22.8  1.551
TF26E23 100 2026 05 09.2  13.0620  -4.4894 17.3 Updated May 10.89 UT             2   0.00 19.6  1.682
ZTF10Dl 100 2026 05 08.3  18.5614 -15.5096 20.4 Updated May 10.31 UT             4   0.03 27.0  2.531
ST26E14 100 2026 05 08.4  13.3827  -3.5540 17.9 Updated May 10.31 UT             2   0.00 21.3  2.474
P22n0vC  26 2026 05 08.3  14.8250  +9.9072 22.3 Updated May 10.26 UT            22   1.91 19.8  0.652
CELLEH2  86 2026 05 08.3  15.8402 -16.0985 22.9 Updated May 10.22 UT            12   1.86 32.6  0.742
P22n0fQ  97 2026 05 07.4  15.0868  +9.9369 22.2 Updated May 9.34 UT              3   0.04 24.3  3.492
ZTF10Di 100 2026 05 07.4  22.0466 -11.1246 22.3 Updated May 9.34 UT              4   0.02 27.4  3.507
S001563  73 2026 05 07.0  13.0004 -26.8983 21.5 Updated May 9.33 UT              3   0.03 17.7  3.822
P22mZLU  93 2026 05 06.3  11.7670 -17.0532 20.9 Updated May 10.89 UT            10   1.71 20.6  2.918
A11BRI6  53 2026 05 03.0  10.7263 -40.0184 18.8 Updated May 10.31 UT            50   5.00 19.9  2.882
ZTF10Df  98 2026 05 02.2  10.4208  +1.4400 23.6 Updated May 9.33 UT              9   0.68 26.6  8.056
C1EUYV5  91 2026 04 27.5  17.3246 +18.5528 21.8 Updated May 10.33 UT            24  12.79 12.7  0.641
