ST26EA7 100 2026 05 18.5  16.0925  +7.6964 16.9 Added May 18.76 UT               2   0.00 18.0  0.280
KPMa1Ih  82 2026 05 18.1  11.1363 -24.8635 23.2 Added May 18.68 UT               5   0.01 21.2  0.677
A11CDyX 100 2026 05 18.0  10.8023 -33.2112 19.6 Added May 18.22 UT               4   0.02 21.1  0.713
P22nf7G 100 2026 05 17.6  16.2144 +35.1612 22.1 Added May 17.77 UT               4   0.04 22.8  1.175
P22nf3F  32 2026 05 17.5  17.5991 +37.0681 21.4 Updated May 18.35 UT            12   0.81 19.0  0.478
CEMVK32 100 2026 05 17.4  17.0263 +11.7762 21.7 Updated May 18.33 UT            30   5.77 20.2  0.573
A11Cvk7 100 2026 05 16.9  13.5984 -72.2737 19.6 Updated May 18.37 UT             4   0.03 22.7  1.850
CEMRK82  84 2026 05 16.5  21.5799 -10.1596 21.5 Updated May 18.37 UT             3   0.01 17.3  2.315
A11Cswo 100 2026 05 16.0  17.1709 -23.2728 18.5 Updated May 18.37 UT             4   0.02 20.9  2.777
ZTF10Du 100 2026 05 15.3  16.9539 -36.6359 19.8 Updated May 18.37 UT             4   0.03 26.4  3.481
ST26E84  98 2026 05 15.4  15.4673 +10.6901 20.8 Updated May 18.37 UT             6   0.47 26.4  2.890
ST26E75  98 2026 05 15.2   2.5103 -22.8439 26.6 Updated May 18.37 UT             7   0.09 28.6  3.459
P12neKs  35 2026 05 14.6  18.2495 +57.7392 20.2 Updated May 18.33 UT            58   3.67 15.3  0.540
RFD0300 100 2026 05 13.0  19.2831 -44.0207 25.2 Updated May 18.38 UT             2   0.00 29.8  5.749
CEMAUH2 100 2026 05 14.4  15.9928 -12.7788 21.2 Updated May 18.39 UT             6   0.07 23.9  4.336
ST26E61 100 2026 05 14.3  16.7098  +0.7384 24.0 Updated May 18.39 UT             6   0.05 28.9  4.413
A11CmCW 100 2026 05 13.3   6.4451 -69.5400 21.2 Updated May 18.39 UT             4   0.02 25.6  5.404
C1EUYV5  35 2026 04 27.5  17.2162 +18.9617 21.9 Updated May 16.81 UT            36 300.17 12.8  2.318
