ST26EB8 100 2026 05 19.4  16.6979  +8.5334 19.5 Updated May 19.95 UT            11   0.49 25.4  0.172
CEN5QX2 100 2026 05 19.4  16.1389 -15.1194 20.5 Updated May 20.02 UT            15   0.54 25.2  0.180
A11CGDH 100 2026 05 19.2  16.2987 -72.1829 19.2 Updated May 20.02 UT             7   0.76 22.0  0.135
A11CGDI  98 2026 05 19.2  17.1536 -45.3738 18.8 Updated May 20.09 UT            15   0.88 21.5  0.049
NAOCAN7 100 2026 05 17.7  15.2741 -21.7416 20.6 Added May 19.07 UT               4   0.10 19.6  2.264
KPMa1Ih  87 2026 05 18.1  11.1310 -25.5126 23.2 Added May 18.68 UT               5   0.01 21.2  2.013
A11CDyX  93 2026 05 18.0  10.8788 -32.2256 19.7 Updated May 20.01 UT            15   1.92 20.7  0.146
CEMVK32  35 2026 05 17.4  16.9147 +11.1373 21.6 Updated May 19.63 UT            38   7.00 20.1  0.681
A11Cvk7 100 2026 05 16.9  13.1674 -70.9220 19.5 Updated May 18.37 UT             4   0.03 22.7  3.187
CEMRK82  84 2026 05 16.5  21.6177 -10.4271 21.5 Updated May 18.37 UT             3   0.01 17.3  3.651
A11Cswo 100 2026 05 16.0  17.0866 -22.9211 18.3 Updated May 18.37 UT             4   0.02 20.9  4.113
ST26E75  98 2026 05 15.2   2.5279 -21.1201 27.5 Updated May 18.37 UT             7   0.09 28.6  4.795
P12neKs  35 2026 05 14.6  18.2078 +57.6224 20.1 Updated May 20.03 UT            90   5.34 15.2  0.198
CEMAUH2 100 2026 05 14.4  15.8496 -17.1236 21.1 Updated May 18.39 UT             6   0.07 23.9  5.672
