A11EpSe  99 2026 07 08.2  19.6889 -30.3050 19.5 Added July 8.27 UT               4   0.04 18.6  0.073
W2nCdO   81 2026 07 07.4  19.0636 -24.0090 23.3 Updated July 8.05 UT            11  17.03 26.6  0.851
A11EpRZ 100 2026 07 07.9  19.7049 -57.3664 19.2 Updated July 8.07 UT             6   0.07 21.8  0.299
CEQJ2D2 100 2026 07 07.3  17.3698 +26.3115 21.0 Updated July 8.21 UT            13   0.88 24.5  0.087
ST26G01  98 2026 07 07.2  18.1026 -33.6351 19.1 Updated July 7.36 UT            14   0.10 27.0  0.941
P12nTOm  73 2026 07 06.5  20.4672  -0.5899 21.7 Updated July 8.26 UT            19   1.72 20.0  0.040
P22nTNT  10 2026 07 06.5  18.3334 +18.4584 20.9 Updated July 8.29 UT            15   1.68 18.8  0.155
P22nTLB  28 2026 07 06.3  17.7446  +8.6328 22.2 Updated July 8.15 UT            15   1.83 19.6  0.152
8N8R001 100 2026 07 05.9   5.2554  -0.9890 28.9 Updated July 7.23 UT             3   0.01 29.9  2.375
A11EfSk  86 2026 07 05.0  20.7600 -40.0709 18.3 Updated July 8.14 UT            21   2.91 21.5  0.360
MAS0006  35 2026 06 19.3  18.3818 +23.8454 20.1 Updated July 7.88 UT           112  17.75  9.1  1.243
CEQCZT2  84 2026 06 27.4  22.4221  +3.0541 20.8 Updated July 7.41 UT            37   9.97 20.6  0.880
OMO0297  89 2026 06 25.8  23.5605  +3.6226 22.0 Updated July 7.23 UT             8   4.31 20.2  8.157
P22nJzF  99 2026 06 22.5  22.5604 +19.0953 21.5 Updated July 7.23 UT            22  12.00 14.0 11.743
