ST26E50 100 2026 05 13.2  14.5531  -3.6634 19.4 Updated May 13.32 UT             6   0.06 20.9  0.135
A11Cmv6 100 2026 05 13.0   8.7139 -50.9202 19.1 Added May 13.18 UT               4   0.02 18.7  0.374
ST26E47  91 2026 05 12.4  15.1086 -19.7523 19.1 Updated May 13.33 UT            17   0.91 25.0  0.116
P22n55t  36 2026 05 12.4  15.0251 -13.5548 21.4 Updated May 13.34 UT            11   5.01 19.8  0.109
P22n52K  79 2026 05 12.4  15.1793 -11.7014 21.2 Updated May 13.39 UT            17   5.02 25.0  0.078
P22n4V7 100 2026 05 12.4  14.3991 -19.9044 21.8 Updated May 13.34 UT            12   0.95 21.1  0.105
P22n4V6  91 2026 05 12.4  13.9854 -22.8993 21.6 Updated May 13.32 UT            16   0.93 23.5  0.128
P22n4V9  95 2026 05 12.4  14.4211 -15.7206 21.8 Updated May 13.03 UT            11   0.63 24.7  0.420
CEM28F2 100 2026 05 12.4  17.7546 +17.4406 21.0 Updated May 13.37 UT            15   0.97 25.1  0.071
P22n4PC  67 2026 05 12.4  13.9707 -14.2669 20.7 Updated May 13.03 UT             8   0.65 21.2  0.429
P22n4PB  72 2026 05 12.3  13.6692  -9.5692 21.1 Updated May 13.33 UT            19  25.87 24.0  0.131
CEM26R2  25 2026 05 12.4  16.6155 +15.5023 20.6 Updated May 13.26 UT            16   1.45 17.0  0.448
CEM1XD2 100 2026 05 12.3  14.5291 +17.6672 22.1 Updated May 12.41 UT            11   0.11 17.1  1.028
CEM1R02  91 2026 05 12.3  13.5957 +16.9355 21.7 Updated May 13.19 UT            18   0.89 22.1  0.266
6EB3121  81 2026 05 12.0  10.3485 -13.4742 20.0 Updated May 13.28 UT            19   1.16 23.9  0.300
SO0005e 100 2026 05 11.7  23.6858  +0.7366 24.5 Updated May 13.34 UT             3   0.00 28.9  1.731
SO0005d 100 2026 05 11.7  18.5376 -27.7811 20.5 Updated May 13.34 UT             4   0.00 28.3  1.730
SO0005c 100 2026 05 11.7  21.8911 -33.2185 21.9 Updated May 13.34 UT             3   0.00 28.3  1.784
SO0005b 100 2026 05 11.6  22.4328 -13.6798 20.8 Updated May 13.33 UT             3   0.00 26.7  1.795
CELXZH2 100 2026 05 11.3  14.7757 +24.1710 22.6 Updated May 13.34 UT             3   0.01 22.1  2.094
ST26E34 100 2026 05 10.5  14.8647 +18.2943 23.6 Updated May 13.34 UT             2   0.00 28.1  2.981
6E94521  84 2026 05 10.4  19.5329 -61.0090 19.6 Updated May 13.15 UT            31   2.77 19.1  0.310
XA9ttXA  75 2026 05 08.8  15.0851  +1.9132 22.5 Updated May 13.17 UT            19   4.39 21.8  0.292
ST26E18 100 2026 05 09.4  15.4962 -14.4031 23.7 Updated May 13.34 UT             4   0.00 30.3  4.076
CELRZD2 100 2026 05 09.2  12.4299 +36.6761 22.4 Updated May 13.33 UT             8   0.10 22.9  4.094
ZTF10Dl 100 2026 05 08.3  19.0274 -15.5050 21.8 Updated May 13.34 UT             4   0.03 26.9  5.074
ST26E14 100 2026 05 08.4  13.3284  -2.9615 18.5 Updated May 13.34 UT             2   0.00 17.6  5.017
P22n0fQ  97 2026 05 07.4  15.0332 +10.6427 21.7 Updated May 13.34 UT             3   0.04 23.4  6.035
S001563  73 2026 05 07.0  12.9909 -27.0130 21.5 Updated May 13.34 UT             3   0.03 18.4  6.365
A11BRI6  47 2026 05 03.0  11.2285 -38.6779 19.1 Updated May 12.68 UT            76   9.17 19.9  1.259
C1EUYV5  35 2026 04 27.5  17.2903 +18.6950 21.8 Updated May 12.54 UT            33  15.04 12.7  0.934
