6EA3I21  52 2026 05 11.3  19.4295  -5.3843 17.0 Added May 11.37 UT               3   0.01 13.0  0.066
CELXZH2 100 2026 05 11.3  14.8149 +23.9531 22.7 Added May 11.37 UT               3   0.01 22.0  0.051
CELXRN2  98 2026 05 11.3  13.1889 +26.4021 20.9 Updated May 11.39 UT             7   0.11 18.4  0.017
TF26E51 100 2026 05 11.3  15.2083  +8.3392 19.2 Added May 11.28 UT               2   0.00 23.3  0.125
ST26E35 100 2026 05 11.2  13.2963  +3.8758 19.2 Updated May 11.26 UT            10   0.06 28.0  0.149
ST26E34 100 2026 05 10.5  14.8075 +20.0418 20.8 Added May 10.70 UT               2   0.00 26.4  0.938
ST26E31  84 2026 05 10.4  13.9964  -9.4603 19.0 Updated May 11.33 UT            34   0.85 26.2  0.105
ZTF10Dp 100 2026 05 10.2  11.7056  +7.0896 18.3 Added May 10.57 UT               4   0.03 21.9  1.156
6E94521 100 2026 05 10.4  19.3622 -56.2180 19.4 Updated May 11.30 UT            13   0.92 19.0  0.122
CELUGK2  93 2026 05 10.3  14.8079 +28.4518 21.6 Updated May 11.19 UT            21   0.85 24.4  0.214
ZTF10Do  98 2026 05 10.2  13.4261  -0.1673 18.2 Updated May 11.39 UT             9   0.74 26.8  0.428
CELU1Q2  98 2026 05 10.2  11.5852 +31.3240 21.5 Updated May 11.21 UT            13   0.99 26.1  0.205
ST26E24  98 2026 05 10.2   4.5182 -23.6660 22.9 Updated May 10.52 UT            13   0.29 29.1  0.923
ZTF10Dn 100 2026 05 09.3  16.7615 -12.7594 19.9 Updated May 11.31 UT             4   0.04 26.9  2.063
XA9ttXA  97 2026 05 08.8  15.1277  +1.8258 22.6 Updated May 11.23 UT            13   2.46 21.8  0.181
ST26E18 100 2026 05 09.4  15.4519 -14.0309 22.3 Updated May 11.31 UT             4   0.00 30.1  2.033
CELT0C2  79 2026 05 09.2  12.7464 +43.2937 20.9 Updated May 11.05 UT            26   1.80 22.8  0.349
CELRZD2 100 2026 05 09.2  12.5393 +35.6121 22.0 Updated May 11.31 UT             8   0.10 22.6  2.051
TF26E23 100 2026 05 09.2  13.0133  -4.1713 17.5 Updated May 11.39 UT             2   0.00 19.6  2.182
ZTF10Dl 100 2026 05 08.3  18.7108 -15.5282 20.8 Updated May 10.31 UT             4   0.03 27.0  3.031
ST26E14 100 2026 05 08.4  13.3697  -3.4170 17.9 Updated May 10.31 UT             2   0.00 21.3  2.974
P22n0vC  24 2026 05 08.3  14.8126  +9.8350 22.4 Updated May 11.21 UT            25   2.87 19.9  0.194
CELLEH2  86 2026 05 08.3  15.8592 -16.3785 23.2 Updated May 11.31 UT            13   1.86 32.7  1.242
P22n0fQ  97 2026 05 07.4  15.0853  +9.9618 22.5 Updated May 11.31 UT             3   0.04 24.4  3.992
ZTF10Di 100 2026 05 07.4  22.0564 -11.1042 22.6 Updated May 11.31 UT             4   0.02 27.4  4.007
S001563  73 2026 05 07.0  12.9969 -26.9235 21.5 Updated May 11.31 UT             3   0.03 17.9  4.322
P22mZLU  68 2026 05 06.3  11.7864 -16.6430 21.0 Updated May 11.39 UT            17   4.96 20.7  0.166
A11BRI6  51 2026 05 03.0  10.8381 -39.7642 18.8 Updated May 11.39 UT            55   7.13 19.8  1.257
ZTF10Df  98 2026 05 02.2  10.4241  +1.4323 23.7 Updated May 11.31 UT             9   0.68 26.6  8.556
C1EUYV5  35 2026 04 27.5  17.3179 +18.5815 21.7 Updated May 11.29 UT            30  13.80 12.6  0.130
