6EO3221 100 2026 05 25.0  11.1207 -41.7797 17.7 Added May 25.05 UT               3   0.01 17.9  0.069
A11CUyv 100 2026 05 24.1  17.6168 -57.9759 18.8 Added May 24.89 UT               4   0.03 19.4  0.905
A11CUyu  98 2026 05 24.4  18.7141  +8.7212 18.2 Updated May 25.06 UT            33   0.58 20.1  0.050
P12nfw2 100 2026 05 24.6  20.9869  -4.2588 21.2 Added May 24.67 UT               3   0.02 22.3  0.465
NAOCLYL  85 2026 05 23.8  15.8951 -20.7580 21.6 Added May 24.59 UT               4   0.10 21.5  1.221
A11CQzo 100 2026 05 24.4  19.2094 -18.7360 17.8 Added May 24.51 UT               5   0.05 29.9  0.643
P12nfqd 100 2026 05 24.4  15.9584 -23.4886 20.2 Added May 24.49 UT               4   0.03 21.2  0.635
oKr0080 100 2026 05 23.9  23.4831 +18.5133 20.3 Added May 24.47 UT               3   0.00 15.5  1.187
C1F15H5 100 2026 05 24.4  16.7584 +24.2484 21.5 Updated May 24.48 UT             8   0.03 24.6  0.600
C1F1535  84 2026 05 24.4  16.7560  +6.1466 22.6 Updated May 24.48 UT             8   0.05 20.2  0.603
C1F0TQ5 100 2026 05 24.4  15.9310  -6.6519 21.6 Updated May 24.48 UT            10   0.09 22.8  0.608
C1F0L35 100 2026 05 24.3  15.0665  +2.6158 22.4 Updated May 24.42 UT             8   0.08 21.9  0.660
C1F0EU5  82 2026 05 24.3  15.4382 -10.0906 22.1 Updated May 24.39 UT             8   0.07 14.8  0.687
C1F0295 100 2026 05 24.3  15.3407  -7.3611 22.1 Updated May 24.43 UT            12   0.12 21.6  0.642
6EN3D21 100 2026 05 24.2  16.6405 -79.0952 19.1 Added May 24.29 UT               3   0.01 19.2  0.842
C1EYRR5  91 2026 05 23.4  15.8789  +1.4441 22.4 Updated May 24.68 UT            18   1.10 25.0  0.598
C1EYQL5 100 2026 05 23.4  15.8206  +0.4894 22.0 Updated May 24.68 UT            12   1.10 24.3  0.598
C1EYPU5 100 2026 05 23.4  15.8411  +3.1425 22.8 Updated May 24.37 UT             9   0.64 24.0  1.059
C1EYPT5  89 2026 05 23.4  15.8125  +1.0992 21.8 Updated May 24.68 UT            19   1.10 24.2  0.598
C1EYD55  64 2026 05 23.3  15.7823 -13.2363 22.1 Updated May 24.30 UT            12   0.95 20.1  0.798
NAOCBPP 100 2026 05 20.7  14.8815 -20.0160 22.3 Updated May 24.34 UT             4   0.13 22.4  4.227
C46CD31 100 2026 05 21.4   1.4051  -3.1981 26.9 Updated May 23.35 UT             7   0.05 28.6  3.635
ST26ED1  98 2026 05 21.2   1.6640 -14.7887 27.4 Updated May 23.35 UT            20   0.16 30.2  3.693
TF26EE0 100 2026 05 20.5  16.3590  +8.8155 24.4 Updated May 24.34 UT             4   0.02 28.8  4.594
ST26EC8  98 2026 05 20.4  21.4034 -30.7169 22.6 Updated May 23.35 UT             6   0.14 28.6  4.640
ST26EC7  98 2026 05 20.4   2.4600  -8.4076 29.8 Updated May 23.35 UT             6   0.11 30.3  4.647
ST26EC5 100 2026 05 20.3  15.2757 -18.3992 20.7 Updated May 24.34 UT             4   0.03 24.8  4.739
P12nfaz  43 2026 05 20.3  13.2244 -27.7419 21.9 Updated May 24.34 UT            12   2.87 18.3  1.885
NAOCAN7 100 2026 05 17.7  15.2812 -21.8792 21.0 Updated May 24.34 UT             4   0.10 19.9  7.225
KPMa1Ih  87 2026 05 18.1  11.1243 -27.7540 23.4 Updated May 24.34 UT             5   0.01 20.8  6.975
CEMVK32  35 2026 05 17.4  16.5322  +8.7522 21.7 Updated May 24.42 UT            50  11.97 20.1  0.673
P12neKs  35 2026 05 14.6  18.0453 +57.0581 19.9 Updated May 25.03 UT           167  10.45 15.1  0.057
