6EO3221 100 2026 05 25.0  11.1641 -41.2944 17.5 Updated May 25.23 UT            15   0.17 23.4  0.078
A11CUyv  96 2026 05 24.1  17.6115 -57.8442 18.8 Updated May 25.10 UT             7   0.92 17.9  0.177
A11CUyu  96 2026 05 24.4  18.6688  +8.1816 18.1 Updated May 25.13 UT            36   0.66 20.1  0.127
P12nfw2 100 2026 05 24.6  20.9978  -4.1855 21.2 Added May 24.67 UT               3   0.02 22.3  0.632
NAOCLYL  85 2026 05 23.8  15.8958 -20.5903 21.6 Added May 24.59 UT               4   0.10 21.5  1.388
A11CQzo 100 2026 05 24.4  19.7122 -19.1032 18.2 Added May 24.51 UT               5   0.05 29.9  0.809
P12nfqd 100 2026 05 24.4  15.9542 -23.2942 20.5 Updated May 25.14 UT             7   0.71 21.4  0.121
oKr0080 100 2026 05 23.9  23.4837 +18.5182 20.3 Added May 24.47 UT               3   0.00 15.5  1.354
C1F15H5 100 2026 05 24.4  16.7253 +24.4866 21.6 Updated May 24.48 UT             8   0.03 24.6  0.767
C1F1535  84 2026 05 24.4  16.7559  +6.1921 22.6 Updated May 24.48 UT             8   0.05 20.2  0.769
C1F0TQ5 100 2026 05 24.4  15.9209  -6.8658 21.7 Updated May 24.48 UT            10   0.09 22.8  0.774
C1F0L35  94 2026 05 24.3  15.0640  +2.6391 22.4 Updated May 25.23 UT            11   0.88 22.3  0.028
C1F0EU5  82 2026 05 24.3  15.4347 -10.0898 22.1 Updated May 24.39 UT             8   0.07 14.8  0.853
C1F0295  85 2026 05 24.3  15.3375  -7.3237 22.1 Updated May 25.21 UT            17   0.88 22.2  0.047
6EN3D21 100 2026 05 24.2  16.6188 -79.1687 19.1 Added May 24.29 UT               3   0.01 19.2  1.009
C1EYPU5 100 2026 05 23.4  15.8439  +3.1696 22.8 Updated May 24.37 UT             9   0.64 24.0  1.226
C1EYPT5  72 2026 05 23.4  15.8101  +0.9180 21.8 Updated May 25.24 UT            25   1.85 24.2  0.016
C1EYD55  64 2026 05 23.3  15.7774 -13.2752 22.1 Updated May 24.30 UT            12   0.95 20.1  0.965
NAOCBPP 100 2026 05 20.7  14.8838 -20.1160 22.3 Updated May 24.34 UT             4   0.13 22.4  4.394
C46CD31 100 2026 05 21.4   1.4319  -3.1618 27.0 Updated May 23.35 UT             7   0.05 28.6  3.801
ST26ED1  98 2026 05 21.2   1.6759 -14.7436 27.5 Updated May 23.35 UT            20   0.16 30.2  3.859
TF26EE0 100 2026 05 20.5  16.3575  +8.8125 24.5 Updated May 24.34 UT             4   0.02 28.8  4.760
ST26EC8  98 2026 05 20.4  21.4759 -30.7863 22.7 Updated May 23.35 UT             6   0.14 28.6  4.807
ST26EC7  98 2026 05 20.4   2.4635  -8.4059 29.9 Updated May 23.35 UT             6   0.11 30.3  4.813
ST26EC5 100 2026 05 20.3  15.2463 -18.5718 20.7 Updated May 24.34 UT             4   0.03 24.8  4.906
P12nfaz  43 2026 05 20.3  13.2232 -27.7104 21.9 Updated May 24.34 UT            12   2.87 18.3  2.052
NAOCAN7 100 2026 05 17.7  15.2816 -21.8833 21.0 Updated May 24.34 UT             4   0.10 19.9  7.392
KPMa1Ih  87 2026 05 18.1  11.1244 -27.8248 23.4 Updated May 24.34 UT             5   0.01 20.8  7.141
CEMVK32  35 2026 05 17.4  16.5203  +8.6726 21.7 Updated May 24.42 UT            50  11.97 20.1  0.839
P12neKs  35 2026 05 14.6  18.0397 +57.0354 19.9 Updated May 25.03 UT           167  10.45 15.1  0.224
