P12nfw2 100 2026 05 24.6  20.9634  -4.4155 21.3 Added May 24.67 UT               3   0.02 22.3  0.089
NAOCLYL  80 2026 05 23.8  15.8935 -21.1368 21.5 Added May 24.59 UT               4   0.10 21.5  0.845
A11CQzo 100 2026 05 24.4  17.7271 -15.8994 16.9 Added May 24.51 UT               5   0.05 29.9  0.266
P12nfqd 100 2026 05 24.4  15.9675 -23.8896 20.2 Added May 24.49 UT               4   0.03 21.2  0.258
oKr0080 100 2026 05 23.9  23.4816 +18.5019 20.3 Added May 24.47 UT               3   0.00 15.5  0.811
C1F15H5 100 2026 05 24.4  16.8365 +23.6740 21.4 Updated May 24.48 UT             8   0.03 24.6  0.224
P22nfp8 100 2026 05 24.4  15.8769  +1.5308 20.3 Updated May 24.69 UT             6   0.10 22.9  0.221
C1F1535  84 2026 05 24.4  16.7563  +6.0434 22.6 Updated May 24.48 UT             8   0.05 20.2  0.226
C1F0TQ5 100 2026 05 24.4  15.9540  -6.1651 21.6 Updated May 24.48 UT            10   0.09 22.8  0.231
CEP5GZ2 100 2026 05 24.4  15.8931  +1.9070 20.5 Updated May 24.68 UT            13   0.09 25.7  0.222
C1F0L35 100 2026 05 24.3  15.0723  +2.5648 22.3 Updated May 24.42 UT             8   0.08 21.9  0.284
ST26EG3  98 2026 05 24.3  17.5387  -3.1809 19.7 Updated May 24.57 UT            14   0.21 27.5  0.151
C1F0EU5  82 2026 05 24.3  15.4461 -10.0924 22.1 Updated May 24.39 UT             8   0.07 14.8  0.310
C1F0295 100 2026 05 24.3  15.3477  -7.4364 22.1 Updated May 24.43 UT            12   0.12 21.6  0.266
CEP1CX2 100 2026 05 24.3  15.0345  +1.6397 20.8 Updated May 24.43 UT            20   0.14 24.9  0.274
6EN3D21 100 2026 05 24.2  16.6882 -78.9270 19.1 Added May 24.29 UT               3   0.01 19.2  0.466
CEP0PP2  98 2026 05 24.2  14.9020  -6.5436 20.5 Updated May 24.40 UT            15   0.16 28.5  0.300
C1EYRR5  91 2026 05 23.4  15.8740  +1.8818 22.4 Updated May 24.68 UT            18   1.10 25.0  0.221
C1EYQL5 100 2026 05 23.4  15.8424  +0.8401 22.0 Updated May 24.68 UT            12   1.10 24.3  0.221
C1EYPU5 100 2026 05 23.4  15.8346  +3.0801 22.8 Updated May 24.37 UT             9   0.64 24.0  0.683
C1EYPT5  89 2026 05 23.4  15.8180  +1.5199 21.7 Updated May 24.68 UT            19   1.10 24.2  0.221
C1EYD55  64 2026 05 23.3  15.7935 -13.1483 22.1 Updated May 24.30 UT            12   0.95 20.1  0.421
C1EXH55  93 2026 05 23.3  14.0214  +5.8933 22.5 Updated May 24.21 UT            20   0.91 23.7  0.509
6EM3521  79 2026 05 23.1  13.1462 -11.1029 20.2 Updated May 24.29 UT            29   1.14 22.4  0.507
NAOCBPP 100 2026 05 20.7  14.8762 -19.7880 22.3 Updated May 24.34 UT             4   0.13 22.4  3.851
C46CD31 100 2026 05 21.4   1.3327  -3.2941 26.6 Updated May 23.35 UT             7   0.05 28.6  3.258
ST26ED1  98 2026 05 21.2   1.6322 -14.9077 27.1 Updated May 23.35 UT            20   0.16 30.2  3.316
TF26EE0 100 2026 05 20.5  16.3626  +8.8209 24.2 Updated May 24.34 UT             4   0.02 28.8  4.217
ST26EC8  98 2026 05 20.4  21.2188 -30.4992 22.4 Updated May 23.35 UT             6   0.14 28.6  4.264
ST26EC7  98 2026 05 20.4   2.4511  -8.4099 29.7 Updated May 23.35 UT             6   0.11 30.3  4.270
ST26EC5 100 2026 05 20.3  15.3478 -17.9701 20.5 Updated May 24.34 UT             4   0.03 24.8  4.362
P12nfaz  43 2026 05 20.3  13.2271 -27.8129 21.9 Updated May 24.34 UT            12   2.87 18.3  1.509
NAOCAN7 100 2026 05 17.7  15.2805 -21.8697 20.9 Updated May 24.34 UT             4   0.10 19.9  6.849
KPMa1Ih  87 2026 05 18.1  11.1240 -27.5932 23.4 Updated May 24.34 UT             5   0.01 20.8  6.598
CEMVK32  35 2026 05 17.4  16.5594  +8.9322 21.7 Updated May 24.42 UT            50  11.97 20.1  0.296
P12neKs  35 2026 05 14.6  18.0580 +57.1085 19.9 Updated May 24.37 UT           161   9.46 15.1  0.669
