SE0003A 100 2026 07 18.9  21.0052 +27.4875 18.9 Added July 19.07 UT              3   0.10 25.6  0.099
P12orqV  78 2026 07 18.5  21.3530  -3.3951 20.9 Updated July 18.90 UT            6   0.07 19.4  0.579
P12orqU  66 2026 07 18.5  21.3009  -3.3136 21.3 Updated July 18.91 UT            4   0.06 18.6  0.581
P12orpW 100 2026 07 18.5  21.6496  -4.4110 20.8 Added July 18.74 UT              3   0.06 20.7  0.578
P12orbt  91 2026 07 18.4  17.2926 +29.7079 20.0 Updated July 19.09 UT           17   0.63 23.1  0.073
P12orbb  99 2026 07 18.4  19.1782 +43.2276 21.7 Updated July 18.59 UT            5   0.15 22.1  0.591
ST26G68 100 2026 07 18.4  17.9993 +25.6507 17.3 Added July 18.38 UT              2   0.00 17.0  0.759
TF26G47 100 2026 07 18.2  17.8180 +23.3752 20.8 Added July 18.31 UT              2   0.00 24.5  0.885
ST26G65 100 2026 07 18.2  17.6509 +24.6359 20.7 Added July 18.30 UT              2   0.00 24.0  0.900
orA4607 100 2026 07 17.9  16.9537 +67.2923 20.3 Updated July 18.22 UT            3   0.01 19.6  1.174
ZTF10Ev 100 2026 07 17.4   9.1539 -56.5499 22.9 Added July 18.15 UT              4   0.00 27.7  1.728
RMM2026  35 2026 07 06.3  19.8292 -22.3369 21.8 Updated July 18.48 UT           31  26.84 19.0  0.788
ST26G54 100 2026 07 17.3  18.3166 +14.2607 20.0 Updated July 17.72 UT            5   0.05 21.1  1.743
oNj0343 100 2026 07 15.8  23.4735  +3.0048 21.7 Added July 17.29 UT              3   0.07 19.1  3.263
A11EQsq 100 2026 07 15.9  16.9916 -65.9117 22.4 Added July 17.27 UT              4   0.02 28.3  3.233
A11EQfd  72 2026 07 16.4  20.5434  -2.7376 19.8 Updated July 19.03 UT           48   2.73 26.8  0.099
ZTF10Er  98 2026 07 16.3   5.1099 -38.3498 24.2 Updated July 18.51 UT            8   0.11 30.3  2.746
P12ooQQ  82 2026 07 16.6  20.9766  +2.3002 21.1 Updated July 18.26 UT           11   1.91 21.2  0.877
P22ooQq 100 2026 07 16.6   2.0030 +11.9438 21.7 Updated July 17.54 UT            7   0.94 19.8  1.602
P22ooPS 100 2026 07 16.5  10.6038 -26.5445 22.6 Updated July 18.23 UT            3   0.02 25.3  2.603
P22ooOw 100 2026 07 16.3  17.6755 +55.7148 22.2 Updated July 18.52 UT           15   2.03 21.0  0.769
P12ooOy  10 2026 07 16.3  15.1194 +18.4359 22.4 Updated July 19.02 UT           21 4795.84 22.4  0.752
ST26G49 100 2026 07 16.4   1.4101 -35.2042 21.1 Updated July 18.23 UT            4   0.04 27.5  2.716
X89848   77 2026 07 14.8  22.0936 -13.1257 19.7 Updated July 17.24 UT            3   0.03 15.6  4.340
P12onSk 100 2026 07 15.5  22.3348 -32.7144 21.1 Updated July 17.53 UT            9   2.00 20.6  1.613
P12onSj  93 2026 07 15.5  22.8107 -29.2662 21.0 Updated July 17.53 UT            9   2.00 18.8  1.610
ZTF10Ep 100 2026 07 15.3   4.4862  +1.2960 24.5 Updated July 17.24 UT            4   0.04 27.0  3.746
P12onRT  91 2026 07 15.4  20.4563 -39.1785 19.7 Updated July 17.93 UT           16   2.48 20.9  1.209
W2onRQ  100 2026 07 15.4  20.0408 -18.3815 20.8 Updated July 17.23 UT            4   0.00 26.7  3.700
ST26G39  10 2026 07 15.2  17.8075 +43.5504 22.3 Updated July 18.52 UT           28   3.12 26.0  0.781
P12onNw  35 2026 07 14.3  17.4926  -1.6020 20.7 Updated July 18.92 UT           30   6.62 12.3  0.248
TF26G22 100 2026 07 10.3   2.6688 -35.1682 22.7 Updated July 17.24 UT            2   0.00 25.3  8.820
P22nJzF  35 2026 06 22.5  22.3757 +18.3340 21.5 Updated July 17.24 UT           28 300.05 14.2  3.685
