ST26E35 100 2026 05 11.2  13.1610  +7.2217 19.4 Updated May 11.22 UT             8   0.03 28.1  0.014
ST26E34 100 2026 05 10.5  14.8506 +18.1930 20.6 Added May 10.70 UT               2   0.00 26.4  0.772
ST26E31  86 2026 05 10.4  14.1455  -6.1399 18.9 Updated May 11.21 UT            27   0.75 26.1  0.037
ZTF10Dp 100 2026 05 10.2  11.6597  +8.3743 18.3 Added May 10.57 UT               4   0.03 21.9  0.990
6E94521 100 2026 05 10.4  19.3497 -55.8290 19.5 Updated May 11.16 UT             7   0.79 19.7  0.081
CELUGK2  88 2026 05 10.3  14.8063 +28.7354 21.6 Updated May 11.19 UT            21   0.85 24.4  0.047
ZTF10Do  98 2026 05 10.2  13.2520  -4.1327 18.3 Updated May 10.48 UT             6   0.23 26.6  0.772
CELU1Q2  98 2026 05 10.2  11.5849 +31.3386 21.5 Updated May 11.21 UT            13   0.99 26.1  0.039
ST26E24  98 2026 05 10.2   5.8471 -27.8602 21.0 Updated May 10.52 UT            13   0.29 29.1  0.757
ZTF10Dn 100 2026 05 09.3  16.7282 -12.6991 19.7 Added May 9.51 UT                4   0.04 26.9  1.897
XA9ttXA  87 2026 05 08.8  15.1311  +1.8175 22.6 Updated May 11.23 UT            13   2.46 21.8  0.014
ST26E18 100 2026 05 09.4  15.7582 -17.3073 21.3 Added May 9.37 UT                4   0.00 28.7  1.866
CELT0C2  79 2026 05 09.2  12.7790 +42.7424 20.9 Updated May 11.05 UT            26   1.80 22.8  0.183
CELRZD2 100 2026 05 09.2  12.5503 +35.5132 21.9 Updated May 9.36 UT              8   0.10 22.8  1.884
TF26E23 100 2026 05 09.2  13.0287  -4.2717 17.4 Updated May 11.22 UT             2   0.00 19.6  2.016
ZTF10Dl 100 2026 05 08.3  18.6661 -15.5249 20.7 Updated May 10.31 UT             4   0.03 27.0  2.864
ST26E14 100 2026 05 08.4  13.3741  -3.4628 17.9 Updated May 10.31 UT             2   0.00 21.3  2.808
P22n0vC  24 2026 05 08.3  14.8167  +9.8592 22.4 Updated May 11.21 UT            25   2.87 19.9  0.028
CELLEH2  86 2026 05 08.3  15.8519 -16.2756 23.1 Updated May 10.22 UT            12   1.86 32.6  1.076
P22n0fQ  97 2026 05 07.4  15.0843  +9.9754 22.2 Updated May 9.34 UT              3   0.04 24.3  3.825
ZTF10Di 100 2026 05 07.4  22.1223 -10.8905 22.6 Updated May 9.34 UT              4   0.02 27.4  3.840
S001563  73 2026 05 07.0  12.9989 -26.9153 21.5 Updated May 9.33 UT              3   0.03 17.7  4.156
P22mZLU  93 2026 05 06.3  11.7798 -16.7831 20.9 Updated May 11.22 UT            10   1.71 20.6  3.252
A11BRI6  51 2026 05 03.0  10.8017 -39.8499 18.8 Updated May 10.91 UT            52   7.13 19.8  1.090
ZTF10Df  98 2026 05 02.2  10.4230  +1.4349 23.6 Updated May 9.33 UT              9   0.68 26.6  8.389
C1EUYV5  96 2026 04 27.5  17.3201 +18.5720 21.8 Updated May 10.33 UT            24  12.79 12.7  0.974
