A11Cr0m  98 2026 05 15.0  15.9773 -53.0164 18.0 Updated May 15.18 UT             8   0.18 20.1  0.075
P12neKJ  95 2026 05 14.3  13.0228 -23.4695 20.9 Updated May 15.22 UT            10   0.88 20.3  0.021
P12neKs  97 2026 05 14.6  18.3550 +57.9825 20.1 Updated May 15.07 UT             6   0.48 14.5  0.182
P12nc1w  96 2026 05 14.5  16.2276  -5.1000 20.6 Updated May 15.02 UT            14   0.65 24.9  0.226
P12nc1d 100 2026 05 14.5  16.9172  -5.2624 21.5 Updated May 15.17 UT             6   0.67 19.1  0.081
P12nc1c 100 2026 05 14.5  16.8034  -6.6563 21.9 Updated May 15.15 UT             9   0.65 20.1  0.099
RFD0300 100 2026 05 13.0  23.7494 -34.6788 24.4 Added May 14.52 UT               2   0.00 29.5  2.206
CEMAUH2 100 2026 05 14.4  16.4438  +1.7710 21.3 Updated May 14.46 UT             6   0.07 24.0  0.793
CEMAY32  93 2026 05 14.4  16.6175  +2.8977 20.3 Updated May 15.20 UT            17   0.80 23.8  0.041
ST26E61 100 2026 05 14.3  16.3455  +0.3156 21.3 Updated May 14.37 UT             6   0.05 28.7  0.870
CEM9MQ2  98 2026 05 14.3  15.2747  -6.0478 19.7 Updated May 14.41 UT             8   0.09 28.6  0.832
ST26E57 100 2026 05 14.3  15.7865  -7.4256 19.1 Updated May 14.33 UT             8   0.05 27.0  0.908
CEM7YT2  91 2026 05 14.3  13.2536  +0.2130 20.0 Updated May 15.19 UT            31   0.92 22.0  0.050
ST26E52  86 2026 05 14.2  13.5708 +14.8496 20.2 Updated May 15.18 UT            27   0.92 26.1  0.064
MZ26075 100 2026 05 13.8  16.9758  +3.1815 19.7 Added May 14.13 UT               3   0.01 25.1  1.413
A11CmCW 100 2026 05 13.3   5.3062 -76.0422 19.5 Added May 13.75 UT               4   0.02 24.5  1.861
A11CmCS 100 2026 05 13.3  16.7403 -36.2580 19.4 Added May 13.75 UT               4   0.04 25.4  1.920
OCA1642  84 2026 05 13.1  13.7515 -31.2146 19.4 Added May 13.56 UT               3   0.02 13.4  2.108
A11Cmv6  84 2026 05 13.0   8.4824 -50.1946 19.0 Updated May 15.23 UT            19   2.04 19.1  0.145
P22n4PC  60 2026 05 12.4  13.9665 -12.8759 20.6 Updated May 14.21 UT            17   1.83 21.0  1.043
CEM26R2  18 2026 05 12.4  16.5830 +15.4120 20.6 Updated May 14.25 UT            21   2.69 17.0  0.996
CEM1XD2  11 2026 05 12.3  14.4916 +17.4167 22.2 Updated May 15.17 UT            22   7.84 19.2  0.075
SO0005e 100 2026 05 11.7   0.1234  +5.7878 26.8 Updated May 14.35 UT             3   0.00 28.9  3.524
SO0005d 100 2026 05 11.7  19.0872 -24.7661 21.9 Updated May 14.34 UT             4   0.00 28.2  3.523
SO0005c 100 2026 05 11.7  22.6196 -29.9222 23.7 Updated May 14.34 UT             3   0.00 28.6  3.577
SO0005b 100 2026 05 11.6  22.9400  -8.5674 22.5 Updated May 14.34 UT             3   0.00 26.6  3.588
CELXZH2 100 2026 05 11.3  14.7429 +24.3709 22.3 Updated May 14.35 UT             3   0.01 25.0  3.887
6E94521  10 2026 05 10.4  19.7247 -65.1962 19.5 Updated May 15.20 UT            47   4.82 19.0  0.049
S001563  73 2026 05 07.0  12.9813 -27.1108 21.6 Updated May 14.34 UT             3   0.03 17.5  8.158
C1EUYV5  35 2026 04 27.5  17.2658 +18.7895 21.9 Updated May 14.43 UT            36 297.21 12.8  1.737
