Sar2899  98 2026 05 22.0  16.2794 +11.9222 20.6 Updated May 22.23 UT            16   0.24 29.8  0.011
CZYNHKZ 100 2026 05 14.4  16.3851  +2.5122 21.4 Updated May 22.04 UT             4   0.02 22.8  7.856
P22nfmx  84 2026 05 21.3  14.4028  +1.5100 21.1 Updated May 22.19 UT            21   0.99 24.6  0.058
C46CD31 100 2026 05 21.4  21.0894  -5.8406 19.6 Updated May 21.45 UT             5   0.05 28.5  0.800
ST26ED8  86 2026 05 21.3  17.8014 +14.1200 20.3 Updated May 22.23 UT            24   0.89 25.9  0.022
ST26ED1  98 2026 05 21.2  23.7817 -19.5080 21.2 Updated May 21.71 UT            20   0.16 30.2  0.858
TF26EE0 100 2026 05 20.5  16.4166  +8.7736 22.6 Updated May 20.74 UT             4   0.02 28.7  1.759
ST26EC8  98 2026 05 20.4  18.6826 -21.3123 20.1 Updated May 21.71 UT             6   0.14 28.6  1.806
ST26EC7  98 2026 05 20.4   2.2848  -8.3024 27.6 Updated May 21.71 UT             6   0.11 30.2  1.812
ST26EC5 100 2026 05 20.3  16.0951 -13.0733 19.2 Updated May 20.59 UT             4   0.03 24.6  1.904
P12nfgD  10 2026 05 20.4  15.9605  -7.4916 21.8 Updated May 22.22 UT            30 5292.85 20.0  0.043
P12nffX  10 2026 05 20.5  16.3733 -20.8397 21.6 Updated May 21.77 UT            12   6.91 18.9  0.873
P12nffV  45 2026 05 20.5  16.5015 -18.8459 20.6 Updated May 22.02 UT            19   2.70 20.3  0.234
P12nfaz  48 2026 05 20.3  13.2466 -28.2776 22.0 Updated May 22.18 UT            10   1.84 18.4  0.074
P22nfat  20 2026 05 20.4  16.1852 +21.5004 22.1 Updated May 21.73 UT            25 622.93 19.6  0.812
NAOCAN7 100 2026 05 17.7  15.2767 -21.8034 20.8 Updated May 21.35 UT             4   0.10 19.6  4.390
KPMa1Ih  87 2026 05 18.1  11.1251 -26.5029 23.3 Updated May 21.35 UT             5   0.01 20.8  4.140
CEMVK32  35 2026 05 17.4  16.7444 +10.1140 21.6 Updated May 21.47 UT            47   9.02 20.1  0.784
P12neKs  35 2026 05 14.6  18.1395 +57.4066 20.0 Updated May 22.02 UT           121   7.45 15.2  0.224
