A11D0Xd 100 2026 05 30.0  19.6283 -42.8616 18.8 Updated May 31.41 UT             4   0.01 23.9  1.484
NAOCYLA 100 2026 05 27.7  16.2018 -20.3717 20.8 Updated May 31.41 UT             4   0.13 22.4  3.658
C07PYDZ 100 2026 05 27.2  14.3123 +47.9729 21.6 Updated May 31.40 UT             4   0.02 19.9  4.323
A11CWPw 100 2026 05 26.6   6.9084 +28.8607 25.1 Updated May 31.41 UT             4   0.02 28.9  4.949
C1F4195 100 2026 05 26.4  16.1816 +12.8429 23.4 Updated May 31.41 UT             7   0.07 27.6  5.076
C1F3245  48 2026 05 25.4  16.9009 +10.0776 22.5 Updated May 31.41 UT            11   1.00 20.2  5.080
C1F2HL5 100 2026 05 25.4  17.0298 -12.8774 22.5 Updated May 31.41 UT             8   0.07 25.5  6.102
NAOCLYL  80 2026 05 23.8  15.9232 -14.6111 22.1 Updated May 31.41 UT             4   0.10 22.0  7.672
A11CQzo 100 2026 05 24.4  22.6348 -15.1762 23.3 Updated May 31.41 UT             5   0.05 29.9  7.094
oKr0080 100 2026 05 23.9  23.4996 +18.7012 20.1 Updated May 31.41 UT             3   0.00 17.4  7.639
6EN3D21 100 2026 05 24.2  16.3032 -80.4868 19.9 Updated May 31.41 UT             3   0.01 22.4  7.294
NAOCBPP  99 2026 05 20.7  14.9856 -23.9399 22.5 Updated May 31.41 UT             4   0.13 22.5 10.679
P12nfaz  43 2026 05 20.3  13.1898 -26.5383 22.1 Updated May 31.41 UT            12   2.87 18.4  8.337
