P22orOo 100 2026 07 19.4  19.6323 -21.9276 21.5 Added July 19.41 UT              4   0.01 14.4  0.075
ST26G77 100 2026 07 19.4  21.2852  -1.4701 16.8 Added July 19.38 UT              2   0.00 14.6  0.084
ST26G73  98 2026 07 19.2  20.2155 -12.8934 19.5 Updated July 19.45 UT            8   0.21 24.6  0.023
TF26G51 100 2026 07 19.2  20.0077  -5.0954 18.6 Added July 19.28 UT              2   0.00 17.2  0.218
ST26G72  98 2026 07 19.2  19.8989  -4.7114 19.5 Updated July 19.39 UT           12   0.17 27.4  0.072
SE0003A  98 2026 07 18.9  20.9268 +28.0624 19.7 Updated July 19.35 UT           12   0.57 26.4  0.115
P12orqV  78 2026 07 18.5  21.3536  -3.4243 20.9 Updated July 18.90 UT            6   0.07 19.4  0.912
P12orqU  66 2026 07 18.5  21.3003  -3.2850 21.3 Updated July 18.91 UT            4   0.06 18.6  0.914
P12orpW 100 2026 07 18.5  21.6617  -4.3603 20.8 Added July 18.74 UT              3   0.06 20.7  0.911
P12orbt  91 2026 07 18.4  17.2482 +28.8972 19.9 Updated July 19.09 UT           17   0.63 23.1  0.406
P12orbb  99 2026 07 18.4  19.1876 +43.2489 21.7 Updated July 18.59 UT            5   0.15 22.1  0.924
ST26G68 100 2026 07 18.4  17.9905 +25.6219 17.3 Added July 18.38 UT              2   0.00 17.0  1.093
TF26G47 100 2026 07 18.2  17.5918 +24.2274 21.1 Added July 18.31 UT              2   0.00 24.5  1.218
ST26G65 100 2026 07 18.2  17.2897 +26.0812 20.9 Added July 18.30 UT              2   0.00 24.0  1.233
orA4607 100 2026 07 17.9  16.9415 +67.6639 20.4 Updated July 19.24 UT            3   0.01 20.3  1.507
ZTF10Ev 100 2026 07 17.4   9.6613 -58.2200 26.1 Updated July 19.24 UT            4   0.00 30.0  2.061
RMM2026  35 2026 07 06.3  19.8247 -22.3547 21.8 Updated July 18.48 UT           31  26.84 19.0  1.122
ST26G54  95 2026 07 17.3  18.3163 +14.2306 19.5 Updated July 19.30 UT            5   1.97 14.8  0.161
oNj0343 100 2026 07 15.8  23.4607  +2.8711 21.6 Updated July 19.25 UT            3   0.07 18.4  3.597
A11EQsq 100 2026 07 15.9  17.0114 -65.9640 22.5 Updated July 19.24 UT            4   0.02 28.4  3.566
A11EQfd  10 2026 07 16.4  20.6381  -1.1325 20.0 Updated July 19.40 UT           55   3.09 26.8  0.079
ZTF10Er  98 2026 07 16.3   5.2229 -37.3818 24.5 Updated July 18.51 UT            8   0.11 30.3  3.080
P12ooQQ  87 2026 07 16.6  20.9782  +2.3205 21.1 Updated July 18.26 UT           11   1.91 21.2  1.210
P22ooQq 100 2026 07 16.6   2.0147 +12.2515 21.6 Updated July 19.24 UT            7   0.94 19.3  1.935
P22ooPS 100 2026 07 16.5  10.3182 -28.7278 22.2 Updated July 19.25 UT            3   0.02 25.0  2.936
P22ooOw 100 2026 07 16.3  17.6688 +55.7752 22.2 Updated July 18.52 UT           15   2.03 21.0  1.102
P12ooOy  10 2026 07 16.3  15.1119 +18.4840 22.4 Updated July 19.02 UT           21 4795.84 22.4  1.086
ST26G49 100 2026 07 16.4   1.6677 -34.6844 21.5 Updated July 19.24 UT            4   0.04 27.5  3.049
X89848   77 2026 07 14.8  22.0931 -13.1350 19.6 Updated July 19.24 UT            3   0.03 15.0  4.673
P12onSk 100 2026 07 15.5  22.3379 -32.7765 21.1 Updated July 19.24 UT            9   2.00 20.7  1.946
P12onSj  93 2026 07 15.5  22.8150 -29.3427 21.1 Updated July 19.25 UT            9   2.00 19.0  1.943
ZTF10Ep 100 2026 07 15.3   4.6074  +1.8994 24.8 Updated July 19.24 UT            4   0.04 26.9  4.080
P12onRT  91 2026 07 15.4  20.4592 -39.0911 19.7 Updated July 19.24 UT           16   2.48 20.9  1.542
W2onRQ  100 2026 07 15.4  20.1357  -1.9679 19.8 Updated July 19.38 UT            8   3.95 25.6  0.084
ST26G39  10 2026 07 15.2  17.7785 +44.2728 22.4 Updated July 18.52 UT           28   3.12 26.0  1.115
P12onNw  35 2026 07 14.3  17.4896  -1.5832 20.7 Updated July 19.28 UT           32   6.62 12.3  0.581
TF26G22 100 2026 07 10.3   7.7055 -18.5247 29.4 Updated July 19.25 UT            2   0.00 27.4  9.153
P22nJzF  35 2026 06 22.5  22.3695 +18.3050 21.5 Updated July 19.24 UT           28 300.05 14.2  4.018
