P22nfmx 100 2026 05 21.3  14.2792  +1.3951 21.0 Added May 21.42 UT               3   0.03 23.1  0.094
C46CD31 100 2026 05 21.4  16.2782  -1.0497 18.5 Added May 21.41 UT               3   0.01 27.7  0.050
CENGF22 100 2026 05 21.3  15.4289 -16.9118 20.4 Updated May 21.41 UT             8   0.07 25.2  0.041
ST26ED8 100 2026 05 21.3  18.0505  +6.8011 19.9 Updated May 21.38 UT             4   0.02 22.5  0.089
ST26ED7 100 2026 05 21.3  17.7695  +7.7402 19.1 Updated May 21.38 UT             8   0.05 25.9  0.074
6EK3F21  20 2026 05 21.3  17.2241 -23.5944 16.5 Added May 21.31 UT               3   0.01 16.7  0.177
ST26ED4 100 2026 05 21.3  16.0155  +8.3793 19.3 Updated May 21.35 UT             8   0.07 27.5  0.101
ST26ED1  98 2026 05 21.2  15.3391  +7.4298 18.9 Updated May 21.40 UT            17   0.14 29.9  0.080
TF26EE0 100 2026 05 20.5  16.4760  +8.6720 21.6 Updated May 20.74 UT             4   0.02 28.7  0.966
TF26ED8 100 2026 05 20.5  16.7600  -0.1774 18.3 Added May 20.66 UT               2   0.00 24.3  0.986
ST26EC8 100 2026 05 20.4  17.2782 -11.5864 18.5 Updated May 20.66 UT             4   0.02 27.1  1.013
ST26EC7 100 2026 05 20.4   2.1173  -8.2020 25.8 Updated May 20.60 UT             4   0.01 29.5  1.019
ST26EC5 100 2026 05 20.3  16.6310  -9.1521 19.0 Updated May 20.59 UT             4   0.03 24.6  1.111
P12nfgD  46 2026 05 20.4  15.9819  -7.3384 22.0 Updated May 21.44 UT            12   0.98 20.3  0.036
P12nffX  10 2026 05 20.5  16.3875 -20.7647 21.7 Updated May 21.37 UT             9   0.87 18.6  0.080
P12nfdO  94 2026 05 20.5  16.2623 -23.2443 22.1 Updated May 20.69 UT             5   0.09 28.9  0.878
P12nffV  39 2026 05 20.5  16.5055 -19.1826 20.6 Updated May 21.40 UT            10   0.91 20.2  0.051
P12nfdQ  86 2026 05 20.4  15.1588 -12.9236 19.1 Updated May 21.35 UT            21   0.86 28.1  0.148
P22nfcS  71 2026 05 20.4  16.9124  +2.0479 20.7 Updated May 21.34 UT            15   6.92 20.6  0.136
P12nfaz  80 2026 05 20.3  13.2529 -28.4273 21.9 Updated May 20.70 UT             5   0.13 14.5  0.996
P22nfat  44 2026 05 20.4  16.1988 +21.4160 21.9 Updated May 21.44 UT             9   1.07 19.3  0.019
A11CGDH 100 2026 05 19.2  16.5057 -71.0441 18.7 Updated May 21.04 UT            13   1.72 21.9  0.509
A11CGDI  84 2026 05 19.2  17.3286 -43.5716 18.7 Updated May 21.20 UT            27   1.72 21.4  0.537
NAOCAN7 100 2026 05 17.7  15.2758 -21.7817 20.7 Updated May 21.35 UT             4   0.10 19.6  3.597
KPMa1Ih  87 2026 05 18.1  11.1266 -26.1410 23.3 Updated May 21.35 UT             5   0.01 20.8  3.347
CEMVK32  55 2026 05 17.4  16.8068 +10.4961 21.6 Updated May 20.52 UT            41   7.48 20.1  1.536
ST26E75  98 2026 05 15.2   2.5381 -20.2128 28.0 Updated May 21.35 UT             7   0.09 28.5  6.129
P12neKs  35 2026 05 14.6  18.1652 +57.4915 20.0 Updated May 21.30 UT           115   6.48 15.2  0.399
