CELXRN2 100 2026 05 11.3  13.1922 +26.3800 21.1 Added May 11.30 UT               3   0.02 22.5  0.067
TF26E51 100 2026 05 11.3  15.1996  +8.2970 19.2 Added May 11.28 UT               2   0.00 23.3  0.083
ST26E35 100 2026 05 11.2  13.2631  +4.7013 19.2 Updated May 11.26 UT            10   0.06 28.0  0.107
ST26E34 100 2026 05 10.5  14.8179 +19.5989 20.7 Added May 10.70 UT               2   0.00 26.4  0.897
ST26E31  84 2026 05 10.4  14.0337  -8.6348 19.0 Updated May 11.33 UT            34   0.85 26.2  0.063
ZTF10Dp 100 2026 05 10.2  11.6944  +7.4048 18.3 Added May 10.57 UT               4   0.03 21.9  1.115
6E94521 100 2026 05 10.4  19.3591 -56.1207 19.4 Updated May 11.30 UT            13   0.92 19.0  0.080
CELUGK2  93 2026 05 10.3  14.8075 +28.5227 21.6 Updated May 11.19 UT            21   0.85 24.4  0.172
ZTF10Do  98 2026 05 10.2  13.3519  -1.9055 18.3 Updated May 10.48 UT             6   0.23 26.6  0.897
CELU1Q2  98 2026 05 10.2  11.5852 +31.3277 21.5 Updated May 11.21 UT            13   0.99 26.1  0.164
ST26E24  98 2026 05 10.2   4.7727 -24.7054 22.4 Updated May 10.52 UT            13   0.29 29.1  0.882
ZTF10Dn 100 2026 05 09.3  16.7513 -12.7429 19.9 Updated May 11.31 UT             4   0.04 26.9  2.022
XA9ttXA  97 2026 05 08.8  15.1285  +1.8237 22.6 Updated May 11.23 UT            13   2.46 21.8  0.139
ST26E18 100 2026 05 09.4  15.4496 -14.0072 22.3 Updated May 11.31 UT             4   0.00 30.1  1.991
CELT0C2  79 2026 05 09.2  12.7547 +43.1555 20.9 Updated May 11.05 UT            26   1.80 22.8  0.308
CELRZD2 100 2026 05 09.2  12.5418 +35.5870 22.0 Updated May 11.31 UT             8   0.10 22.6  2.009
TF26E23 100 2026 05 09.2  13.0171  -4.1959 17.4 Updated May 11.35 UT             2   0.00 19.6  2.141
ZTF10Dl 100 2026 05 08.3  18.7000 -15.5275 20.8 Updated May 10.31 UT             4   0.03 27.0  2.989
ST26E14 100 2026 05 08.4  13.3708  -3.4285 17.9 Updated May 10.31 UT             2   0.00 21.3  2.933
P22n0vC  24 2026 05 08.3  14.8137  +9.8411 22.4 Updated May 11.21 UT            25   2.87 19.9  0.153
CELLEH2  86 2026 05 08.3  15.8580 -16.3595 23.2 Updated May 11.31 UT            13   1.86 32.7  1.201
P22n0fQ  97 2026 05 07.4  15.0856  +9.9579 22.5 Updated May 11.31 UT             3   0.04 24.4  3.950
ZTF10Di 100 2026 05 07.4  22.0484 -11.1290 22.6 Updated May 11.31 UT             4   0.02 27.4  3.965
S001563  73 2026 05 07.0  12.9971 -26.9214 21.5 Updated May 11.31 UT             3   0.03 17.9  4.281
P22mZLU  68 2026 05 06.3  11.7848 -16.6769 21.0 Updated May 11.35 UT            17   4.96 20.7  0.124
A11BRI6  51 2026 05 03.0  10.8291 -39.7856 18.8 Updated May 10.91 UT            52   7.13 19.8  1.215
ZTF10Df  98 2026 05 02.2  10.4238  +1.4329 23.7 Updated May 11.31 UT             9   0.68 26.6  8.514
C1EUYV5  35 2026 04 27.5  17.3185 +18.5791 21.7 Updated May 11.29 UT            30  13.80 12.6  0.089
