C1F44U5  98 2026 05 27.3  16.1713 +42.2223 21.7 Updated May 28.23 UT            11   0.89 25.3  0.034
CEP5YT2  98 2026 05 27.2  14.2744 +38.1980 21.4 Updated May 28.19 UT            11   0.93 25.0  0.067
A11CWPw 100 2026 05 26.6  23.0232  -9.7658 18.4 Added May 26.81 UT               4   0.02 28.7  1.667
C1F4195 100 2026 05 26.4  16.1417 +10.1041 22.6 Updated May 26.45 UT             7   0.07 27.6  1.794
P12nfxd 100 2026 05 25.6  17.8008 +17.1391 21.9 Updated May 26.45 UT            14   2.00 22.6  1.808
C1F32J5 100 2026 05 25.4  17.1819 +17.0498 22.0 Updated May 27.70 UT            11   1.88 23.6  0.909
C1F3245  48 2026 05 25.4  16.9745 +10.4436 22.6 Updated May 26.78 UT            11   1.00 20.2  1.798
SJA1250 100 2026 05 24.9  16.7567 +60.6648 20.2 Updated May 27.36 UT             3   0.03 17.1  3.276
C1F2HL5 100 2026 05 25.4  16.6182 -12.0721 22.4 Updated May 27.35 UT             8   0.07 26.0  2.820
C1F1TD5 100 2026 05 25.3  15.8494  +4.4773 24.9 Updated May 26.35 UT             4   0.02 33.6  2.918
C03UYWZ  98 2026 05 23.4  16.7215 +15.4649 22.2 Updated May 27.70 UT            13   5.98 23.1  1.820
P12nfw2  95 2026 05 24.6  21.1641  -2.9691 21.7 Updated May 27.69 UT            14   3.01 20.3  0.641
NAOCLYL  85 2026 05 23.8  15.9088 -17.6998 21.8 Updated May 26.35 UT             4   0.10 21.7  4.390
A11CQzo 100 2026 05 24.4  22.2395 -16.3206 21.8 Updated May 26.35 UT             5   0.05 29.8  3.812
oKr0080 100 2026 05 23.9  23.4950 +18.6071 20.4 Updated May 27.35 UT             3   0.00 18.0  4.357
C1F1535  97 2026 05 24.4  16.7580  +7.0382 22.3 Updated May 26.35 UT            11   0.87 23.3  2.961
6EN3D21 100 2026 05 24.2  16.1231 -80.5498 18.7 Updated May 27.35 UT             3   0.01 20.4  4.012
C1EYPU5 100 2026 05 23.4  15.8955  +3.5907 22.8 Updated May 26.35 UT            11   1.87 24.1  2.998
NAOCBPP  99 2026 05 20.7  14.9310 -22.0268 22.3 Updated May 27.35 UT             4   0.13 22.3  7.397
ST26EC8  98 2026 05 20.4  22.2322 -30.9678 24.0 Updated May 27.35 UT             6   0.14 28.6  7.810
P12nfaz  43 2026 05 20.3  13.2045 -27.1461 22.0 Updated May 26.35 UT            12   2.87 18.3  5.055
NAOCAN7 100 2026 05 17.7  15.2907 -21.9629 21.0 Updated May 26.35 UT             4   0.10 19.7 10.395
KPMa1Ih  87 2026 05 18.1  11.1314 -29.1482 23.5 Updated May 26.35 UT             5   0.01 20.9 10.144
CEMVK32  51 2026 05 17.4  16.3157  +7.2557 21.8 Updated May 27.66 UT            59  13.11 20.1  2.705
