SO0006A 100 2026 05 22.7  21.5557 -36.4626 19.2 Added May 22.70 UT               4   0.01 23.9  0.514
ST26EE4  98 2026 05 22.3  18.4956 +19.7889 21.3 Updated May 22.46 UT            18   0.13 29.0  0.746
CENU0L2  98 2026 05 22.2  14.1452  -2.6309 22.1 Updated May 22.37 UT             9   0.13 27.4  0.835
NAOCBPP  99 2026 05 20.7  14.8560 -18.8742 22.1 Updated May 22.70 UT             4   0.13 22.4  2.351
8N2S001  88 2026 05 22.0  17.6802 +13.3030 19.4 Updated May 23.19 UT            18   1.14 22.7  0.015
CZYNHKZ 100 2026 05 14.4  16.3532  +2.3130 21.4 Updated May 22.04 UT             4   0.02 22.8  8.814
C46CD31 100 2026 05 21.4   0.1578  -4.6547 23.5 Updated May 21.45 UT             5   0.05 28.5  1.758
ST26ED1  98 2026 05 21.2   1.3227 -15.9702 25.2 Updated May 21.71 UT            20   0.16 30.2  1.816
TF26EE0 100 2026 05 20.5  16.3906  +8.8100 23.4 Updated May 22.38 UT             4   0.02 28.7  2.717
ST26EC8  98 2026 05 20.4  20.0385 -27.6809 21.1 Updated May 21.71 UT             6   0.14 28.6  2.764
ST26EC7  98 2026 05 20.4   2.3901  -8.3880 28.7 Updated May 21.71 UT             6   0.11 30.2  2.770
ST26EC5 100 2026 05 20.3  15.7335 -15.5531 19.6 Updated May 22.38 UT             4   0.03 24.9  2.862
P12nffX  10 2026 05 20.5  16.3559 -20.9303 21.7 Updated May 22.44 UT            15   7.94 19.3  0.804
P12nfaz  53 2026 05 20.3  13.2386 -28.0963 22.0 Updated May 22.18 UT            10   1.84 18.4  1.033
NAOCAN7 100 2026 05 17.7  15.2775 -21.8247 20.7 Updated May 22.38 UT             4   0.10 19.7  5.349
KPMa1Ih  87 2026 05 18.1  11.1240 -26.9426 23.3 Updated May 22.38 UT             5   0.01 20.8  5.098
CEMVK32  55 2026 05 17.4  16.6707  +9.6524 21.6 Updated May 21.47 UT            47   9.02 20.1  1.743
P12neKs  35 2026 05 14.6  18.1080 +57.2967 20.0 Updated May 23.09 UT           130   8.50 15.1  0.124
