A11Cvk7 100 2026 05 16.9  14.1715 -73.4815 19.6 Added May 16.99 UT               4   0.03 21.5  0.266
CEMRK82  79 2026 05 16.5  21.5351  -9.8547 21.6 Added May 16.49 UT               3   0.01 17.7  0.730
6EF1B21 100 2026 05 16.2  15.2985 -17.7845 20.1 Added May 16.40 UT               3   0.01 21.4  1.006
ST26E98  88 2026 05 16.3  18.7932 +26.7965 21.0 Updated May 16.79 UT            17   1.12 29.0  0.731
CEMK452  84 2026 05 16.3  14.2900  -4.5737 21.5 Updated May 17.04 UT            16   0.75 22.2  0.163
CEMEEG2  86 2026 05 16.2  12.3497  -9.5006 20.9 Updated May 17.19 UT            24   0.99 24.5  0.012
A11Cswo 100 2026 05 16.0  17.2576 -23.6414 18.7 Added May 16.13 UT               4   0.02 20.7  1.193
ZTF10Du 100 2026 05 15.3  16.3274 -34.3243 18.6 Added May 15.45 UT               4   0.03 26.1  1.896
ST26E84  98 2026 05 15.4  15.1673 +10.7818 20.4 Updated May 16.23 UT             6   0.47 26.4  1.305
ST26E76  86 2026 05 15.2  14.2578  +8.4867 22.7 Updated May 16.22 UT            17   0.93 30.7  1.028
ST26E75  98 2026 05 15.2   2.4313 -30.2439 24.1 Updated May 16.82 UT             7   0.09 28.6  1.875
P12neKs  91 2026 05 14.6  18.2976 +57.8597 20.2 Updated May 17.12 UT            42   2.46 15.3  0.164
P12nc1c  84 2026 05 14.5  16.7509  -6.0707 21.7 Updated May 16.36 UT            28   1.87 20.1  0.838
RFD0300 100 2026 05 13.0  19.5140 -44.5823 24.6 Updated May 16.38 UT             2   0.00 29.8  4.164
CEMAUH2 100 2026 05 14.4  16.1854  -6.6718 21.3 Updated May 16.38 UT             6   0.07 23.9  2.752
ST26E61 100 2026 05 14.3  16.6381  +0.6774 23.2 Updated May 16.38 UT             6   0.05 29.0  2.828
MZ26075 100 2026 05 13.8  16.7850  -1.3264 22.3 Updated May 16.37 UT             3   0.01 27.4  3.372
A11CmCW 100 2026 05 13.3   6.1505 -72.4107 20.6 Updated May 16.38 UT             4   0.02 24.8  3.820
A11CmCS 100 2026 05 13.3  17.1204 -31.8378 20.2 Updated May 16.38 UT             4   0.04 25.4  3.878
OCA1642  84 2026 05 13.1  13.7198 -31.3311 19.4 Updated May 16.37 UT             3   0.02 14.0  4.066
CEM26R2  10 2026 05 12.4  16.5463 +15.2895 20.7 Updated May 16.91 UT            35   5.35 17.1  0.291
CEM1XD2  16 2026 05 12.3  14.4516 +17.1194 22.2 Updated May 16.38 UT            22   7.84 19.2  2.034
S001563  73 2026 05 07.0  12.9809 -27.1897 21.7 Updated May 16.37 UT             3   0.03 18.3 10.117
C1EUYV5  35 2026 04 27.5  17.2385 +18.8871 21.9 Updated May 16.81 UT            36 300.17 12.8  0.733
