P12o0YY  94 2026 07 09.5  20.8448 -22.6035 21.0 Updated July 9.68 UT             6   0.08 18.4  0.414
C46H6E1 100 2026 07 09.4  22.7208  -2.7586 18.8 Updated July 9.72 UT            15   0.30 25.1  0.257
CEQJFF2  96 2026 07 09.3  21.1160 +14.2176 20.9 Updated July 9.95 UT            14   0.60 28.2  0.018
CEQJF02 100 2026 07 09.3  21.9344 +15.0292 20.5 Updated July 9.43 UT             7   0.08 26.9  0.536
ST26G12  86 2026 07 09.3  20.9508  -0.8089 19.7 Updated July 9.94 UT            29   0.63 26.6  0.025
ST26G11  88 2026 07 09.3  21.4054 +10.8628 19.8 Updated July 9.95 UT            19   0.65 26.1  0.014
A11EshI  74 2026 07 08.9  20.1949 -20.2022 19.0 Updated July 9.95 UT            26   1.00 21.9  0.015
P12o0Y2  95 2026 07 08.5  20.8425 -32.6987 21.1 Updated July 9.49 UT             6   0.95 22.0  0.526
P12o0Y1 100 2026 07 08.5  20.3898 -30.2164 21.3 Updated July 9.50 UT             6   0.96 22.4  0.530
P12nXcB  70 2026 07 08.5  21.3458 -31.1862 21.6 Updated July 9.64 UT             7   1.02 20.6  0.435
P12nXce 100 2026 07 08.5  21.9541 -31.3202 21.2 Updated July 9.54 UT             9   1.02 21.5  0.431
P12nXcA  90 2026 07 08.5  21.1439 -27.9291 20.4 Updated July 9.53 UT            13   1.02 22.9  0.438
P12nXcf 100 2026 07 08.5  20.9911 -20.5436 21.3 Updated July 9.49 UT            11   0.92 24.0  0.521
P12nX9q  74 2026 07 08.4  16.4646  -6.9838 20.5 Updated July 9.95 UT            25   1.56 22.7  0.024
A11Eq8v 100 2026 07 07.9  20.6072 -51.3587 19.5 Added July 8.30 UT               6   0.07 24.2  1.968
A11EpSe  97 2026 07 08.2  19.6722 -30.0521 19.5 Updated July 9.08 UT            10   0.83 19.3  0.949
W2nCdO   79 2026 07 07.4  19.1030 -24.3351 23.5 Updated July 9.49 UT            14  19.01 26.6  0.534
A11EpRZ 100 2026 07 07.9  20.1522 -56.3426 19.0 Updated July 9.09 UT            12   1.13 23.1  0.911
ST26G01  98 2026 07 07.2  19.6492 -53.1873 20.5 Updated July 9.23 UT            14   0.10 27.0  2.607
P22nTNT  10 2026 07 06.5  18.3163 +18.0066 21.0 Updated July 9.42 UT            24   2.71 19.0  0.785
P22nTLB  16 2026 07 06.3  17.7160  +8.1646 22.2 Updated July 9.42 UT            20   2.87 19.6  0.778
8N8R001 100 2026 07 05.9   5.2929  -2.6215 29.1 Updated July 9.23 UT             3   0.01 29.3  4.042
MAS0006  35 2026 06 19.3  18.3710 +23.8790 20.0 Updated July 9.32 UT           131  19.71  9.0  0.948
OMO0297  87 2026 06 25.8  23.6166  +3.7521 21.9 Updated July 8.46 UT            12  12.63 20.1  1.503
P22nJzF  35 2026 06 22.5  22.5341 +18.9998 21.6 Updated July 8.59 UT            21  24.01 14.1  1.401
