C1F44U5  98 2026 05 27.3  16.0233 +43.1069 21.7 Updated May 27.45 UT             8   0.11 25.0  0.013
CEP5YT2 100 2026 05 27.2  14.2008 +38.3107 21.7 Updated May 27.32 UT             7   0.05 21.5  0.151
A11CWPw 100 2026 05 26.6  22.0515 -16.5818 18.0 Added May 26.81 UT               4   0.02 28.7  0.872
P12nfxy 100 2026 05 26.6  17.4850  +4.2450 20.8 Updated May 27.30 UT             9   0.90 24.5  0.159
C1F4195 100 2026 05 26.4  16.1277  +9.0884 22.3 Updated May 26.45 UT             7   0.07 27.6  0.999
C1F4075  98 2026 05 26.4  16.0526 +26.4020 22.2 Updated May 27.43 UT            11   1.05 25.2  0.042
P12nfxd 100 2026 05 25.6  17.8138 +16.8110 21.9 Updated May 26.45 UT            14   2.00 22.6  1.014
C1F32J5 100 2026 05 25.4  17.1912 +15.4632 22.1 Updated May 27.37 UT             9   1.88 23.7  0.114
C1F3245  48 2026 05 25.4  16.9920 +10.5191 22.6 Updated May 26.78 UT            11   1.00 20.2  1.003
SJA1250 100 2026 05 24.9  16.8059 +60.9975 20.2 Updated May 27.36 UT             3   0.03 17.1  2.482
C1F2HL5 100 2026 05 25.4  16.5213 -11.8716 22.4 Updated May 27.35 UT             8   0.07 26.0  2.025
C1F1TD5 100 2026 05 25.3  15.8152  +4.5702 24.4 Updated May 26.35 UT             4   0.02 33.6  2.124
C03UYWZ 100 2026 05 23.4  16.7307 +14.0514 22.3 Updated May 27.18 UT             9   2.98 23.2  1.026
P12nfw2 100 2026 05 24.6  21.1187  -3.2993 21.7 Updated May 27.35 UT             8   1.73 20.4  1.130
NAOCLYL  85 2026 05 23.8  15.9054 -18.4493 21.8 Updated May 26.35 UT             4   0.10 21.7  3.596
A11CQzo 100 2026 05 24.4  22.0172 -16.8725 21.2 Updated May 26.35 UT             5   0.05 29.8  3.018
oKr0080 100 2026 05 23.9  23.4924 +18.5852 20.4 Updated May 27.35 UT             3   0.00 18.0  3.562
C1F1535  97 2026 05 24.4  16.7580  +6.8153 22.3 Updated May 26.35 UT            11   0.87 23.3  2.167
C1F0EU5  85 2026 05 24.3  15.3903 -10.0907 22.0 Updated May 27.36 UT            13   1.97 19.9  1.164
C1F0295  90 2026 05 24.3  15.2960  -6.8759 22.1 Updated May 27.35 UT            20   1.78 22.2  1.361
6EN3D21 100 2026 05 24.2  16.2858 -80.1787 18.8 Updated May 27.35 UT             3   0.01 20.4  3.217
C1EYPU5 100 2026 05 23.4  15.8816  +3.4898 22.8 Updated May 26.35 UT            11   1.87 24.1  2.203
NAOCBPP  99 2026 05 20.7  14.9187 -21.5537 22.3 Updated May 27.35 UT             4   0.13 22.3  6.602
ST26EC8  98 2026 05 20.4  22.0979 -31.0058 23.8 Updated May 27.35 UT             6   0.14 28.6  7.015
P12nfaz  43 2026 05 20.3  13.2090 -27.2949 22.0 Updated May 26.35 UT            12   2.87 18.3  4.260
NAOCAN7 100 2026 05 17.7  15.2885 -21.9434 21.0 Updated May 26.35 UT             4   0.10 19.7  9.600
KPMa1Ih  87 2026 05 18.1  11.1288 -28.8186 23.5 Updated May 26.35 UT             5   0.01 20.9  9.350
CEMVK32  53 2026 05 17.4  16.3679  +7.6270 21.8 Updated May 27.35 UT            52  11.97 20.1  3.048
