CZYNHKZ  98 2026 05 14.4  16.3893  +2.5119 20.4 Updated May 21.93 UT             7   7.55 16.2  0.075
P22nfmx  96 2026 05 21.3  14.3645  +1.4772 21.0 Updated May 21.94 UT            15   0.72 24.6  0.076
C46CD31 100 2026 05 21.4  19.2027  -4.7572 18.7 Updated May 21.45 UT             5   0.05 28.5  0.550
ST26ED8  93 2026 05 21.3  17.8774 +11.9419 20.2 Updated May 21.95 UT            18   0.61 25.9  0.049
ST26ED1  98 2026 05 21.2  21.0594 -18.4696 18.4 Updated May 21.71 UT            20   0.16 30.2  0.608
TF26EE0 100 2026 05 20.5  16.4300  +8.7523 22.3 Updated May 20.74 UT             4   0.02 28.7  1.509
ST26EC8  98 2026 05 20.4  18.2374 -18.4891 19.8 Updated May 21.71 UT             6   0.14 28.6  1.556
ST26EC7  98 2026 05 20.4   2.2295  -8.2512 27.2 Updated May 21.71 UT             6   0.11 30.2  1.562
ST26EC5 100 2026 05 20.3  16.2433 -12.0210 19.1 Updated May 20.59 UT             4   0.03 24.6  1.654
P12nfgD  10 2026 05 20.4  15.9673  -7.4431 21.8 Updated May 21.76 UT            28 5292.06 20.0  0.579
P12nffX  10 2026 05 20.5  16.3778 -20.8160 21.6 Updated May 21.77 UT            12   6.91 18.9  0.623
P12nffV  47 2026 05 20.5  16.5028 -18.9524 20.5 Updated May 21.76 UT            16   2.09 20.3  0.591
P12nfaz  50 2026 05 20.3  13.2488 -28.3248 22.0 Updated May 21.47 UT             8   1.05 18.5  0.623
P22nfat  20 2026 05 20.4  16.1895 +21.4745 22.1 Updated May 21.73 UT            25 622.93 19.6  0.562
A11CGDI  84 2026 05 19.2  17.3980 -42.7963 18.5 Updated May 21.92 UT            30   2.72 21.3  0.080
NAOCAN7 100 2026 05 17.7  15.2764 -21.7966 20.8 Updated May 21.35 UT             4   0.10 19.6  4.140
KPMa1Ih  87 2026 05 18.1  11.1255 -26.3896 23.3 Updated May 21.35 UT             5   0.01 20.8  3.890
CEMVK32  35 2026 05 17.4  16.7639 +10.2345 21.6 Updated May 21.47 UT            47   9.02 20.1  0.534
P12neKs  35 2026 05 14.6  18.1476 +57.4339 20.0 Updated May 21.47 UT           118   6.83 15.2  0.585
