C1EYRR5 100 2026 05 23.4  15.8648  +2.7100 22.6 Updated May 23.48 UT            10   0.09 25.3  0.527
C1EYQL5 100 2026 05 23.4  15.8859  +1.5381 22.3 Updated May 23.48 UT             7   0.09 24.2  0.524
C1EYPU5  97 2026 05 23.4  15.8217  +2.9570 22.9 Updated May 23.49 UT             6   0.07 22.4  0.542
C1EYPT5 100 2026 05 23.4  15.8291  +2.3541 21.8 Updated May 23.79 UT            14   0.08 24.3  0.531
C1EYD55  66 2026 05 23.3  15.8145 -12.9828 22.1 Updated May 23.41 UT            10   0.06 19.4  0.602
C1EXH55 100 2026 05 23.3  13.9776  +5.2167 22.3 Updated May 23.37 UT            10   0.08 23.3  0.630
6EM3521  91 2026 05 23.1  13.1830 -12.4114 20.0 Updated May 23.93 UT            22   0.86 22.3  0.078
NAOCBPP  99 2026 05 20.7  14.8672 -19.3898 22.1 Updated May 22.70 UT             4   0.13 22.4  3.142
CZYNHKZ 100 2026 05 14.4  16.3686  +2.3057 21.8 Updated May 23.35 UT             4   0.02 22.7  9.606
C46CD31 100 2026 05 21.4   1.1243  -3.5580 25.8 Updated May 23.35 UT             7   0.05 28.6  2.550
ST26ED1  98 2026 05 21.2   1.5415 -15.2341 26.4 Updated May 23.35 UT            20   0.16 30.2  2.608
TF26EE0 100 2026 05 20.5  16.3767  +8.8169 23.9 Updated May 22.38 UT             4   0.02 28.7  3.509
ST26EC8  98 2026 05 20.4  20.7703 -29.7219 21.9 Updated May 23.35 UT             6   0.14 28.6  3.556
ST26EC7  98 2026 05 20.4   2.4291  -8.4067 29.3 Updated May 23.35 UT             6   0.11 30.3  3.562
ST26EC5 100 2026 05 20.3  15.4931 -17.0871 20.1 Updated May 22.38 UT             4   0.03 24.9  3.654
P12nffX  10 2026 05 20.5  16.3414 -21.0054 21.7 Updated May 22.44 UT            15   7.94 19.3  1.596
P12nfaz  38 2026 05 20.3  13.2324 -27.9468 22.0 Updated May 23.25 UT            12   2.87 18.4  0.800
NAOCAN7 100 2026 05 17.7  15.2787 -21.8451 20.8 Updated May 22.38 UT             4   0.10 19.7  6.140
KPMa1Ih  87 2026 05 18.1  11.1237 -27.2951 23.4 Updated May 22.38 UT             5   0.01 20.8  5.890
CEMVK32  55 2026 05 17.4  16.6113  +9.2718 21.6 Updated May 23.35 UT            47   9.02 20.1  2.534
P12neKs  35 2026 05 14.6  18.0817 +57.1999 19.9 Updated May 23.97 UT           154   9.38 15.1  0.038
