SO0005c 100 2026 05 11.7  17.4432 -30.3432 18.5 Added May 12.05 UT               3   0.00 28.5  0.408
SO0005b 100 2026 05 11.6  20.4531 -28.9340 17.0 Added May 12.04 UT               3   0.00 26.6  0.418
CELY6P2  94 2026 05 11.4  17.0201 +18.4407 20.7 Updated May 12.03 UT            11   0.59 25.8  0.053
ST26E38  98 2026 05 11.3  17.5149  +6.5847 20.1 Updated May 12.00 UT             9   0.66 26.9  0.086
C469HY1  88 2026 05 11.4  17.4603 +13.3845 18.3 Updated May 12.03 UT            23   0.62 25.7  0.047
6EA3I21  62 2026 05 11.3  19.4307  -5.2461 17.0 Added May 11.37 UT               3   0.01 13.0  0.733
CELXZH2 100 2026 05 11.3  14.8013 +24.0288 22.7 Added May 11.37 UT               3   0.01 22.0  0.718
CELXRN2 100 2026 05 11.3  13.1433 +26.7923 21.0 Updated May 11.92 UT            13   0.63 22.1  0.162
TF26E51 100 2026 05 11.3  15.3422  +8.9809 19.3 Added May 11.28 UT               2   0.00 23.3  0.792
ST26E34 100 2026 05 10.5  14.6674 +25.7330 21.4 Added May 10.70 UT               2   0.00 26.4  1.605
6E94521 100 2026 05 10.4  19.4134 -57.7767 19.4 Updated May 11.30 UT            13   0.92 19.0  0.788
CELUGK2  93 2026 05 10.3  14.8142 +27.3121 21.5 Updated May 11.19 UT            21   0.85 24.4  0.880
ZTF10Do  98 2026 05 10.2  14.1259 +15.1147 18.3 Updated May 11.58 UT            11   1.27 27.1  0.561
CELU1Q2  98 2026 05 10.2  11.5869 +31.2564 21.3 Updated May 11.21 UT            13   0.99 26.1  0.872
ST26E24  98 2026 05 10.2   2.9740 -15.0204 26.4 Updated May 10.52 UT            13   0.29 29.1  1.590
ZTF10Dn 100 2026 05 09.3  16.8874 -12.9559 20.5 Updated May 11.31 UT             4   0.04 26.9  2.730
XA9ttXA  97 2026 05 08.8  15.1139  +1.8572 22.6 Updated May 11.23 UT            13   2.46 21.8  0.848
ST26E18 100 2026 05 09.4  15.4803 -14.3249 22.8 Updated May 11.31 UT             4   0.00 30.1  2.700
CELRZD2 100 2026 05 09.2  12.5017 +35.9799 22.2 Updated May 11.31 UT             8   0.10 22.6  2.718
TF26E23 100 2026 05 09.2  12.9593  -3.8172 17.7 Updated May 12.06 UT             2   0.00 19.6  2.849
ZTF10Dl 100 2026 05 08.3  18.8522 -15.5263 21.2 Updated May 10.31 UT             4   0.03 27.0  3.697
ST26E14 100 2026 05 08.4  13.3523  -3.2320 17.9 Updated May 10.31 UT             2   0.00 21.3  3.641
P22n0vC  24 2026 05 08.3  14.7962  +9.7365 22.4 Updated May 11.21 UT            25   2.87 19.9  0.861
CELLEH2  86 2026 05 08.3  15.8750 -16.6245 23.6 Updated May 11.82 UT            14   1.86 32.7  1.909
P22n0fQ  97 2026 05 07.4  15.0812 +10.0185 22.6 Updated May 11.31 UT             3   0.04 24.4  4.658
ZTF10Di 100 2026 05 07.4  22.1652 -10.7651 23.0 Updated May 11.31 UT             4   0.02 27.4  4.673
S001563  73 2026 05 07.0  12.9938 -26.9569 21.5 Updated May 11.31 UT             3   0.03 17.9  4.989
P22mZLU  68 2026 05 06.3  11.8124 -16.1011 21.0 Updated May 11.60 UT            17   4.96 20.7  0.833
A11BRI6  35 2026 05 03.0  10.9766 -39.4145 19.0 Updated May 12.03 UT            60   8.46 19.9  0.594
C1EUYV5  35 2026 04 27.5  17.3090 +18.6191 21.7 Updated May 11.29 UT            30  13.80 12.6  0.797
