P12nc1w 100 2026 05 14.5  16.2166  -5.7593 20.9 Added May 14.58 UT               4   0.04 23.6  0.132
P12nc1d 100 2026 05 14.5  16.9307  -5.4268 21.3 Added May 14.58 UT               3   0.04 22.8  0.126
P12nc1c 100 2026 05 14.5  16.8187  -6.8267 21.8 Added May 14.58 UT               4   0.04 22.6  0.128
RFD0300 100 2026 05 13.0  23.2149 -38.3255 23.4 Added May 14.52 UT               2   0.00 29.5  1.621
P12nc08 100 2026 05 14.4  15.9935 -18.5830 21.0 Added May 14.52 UT               3   0.02 17.5  0.183
CEMAUH2 100 2026 05 14.4  16.5285  +4.5484 21.3 Updated May 14.46 UT             6   0.07 24.0  0.209
CEMAY32 100 2026 05 14.4  16.7442  +4.3153 20.3 Updated May 14.47 UT             9   0.07 23.8  0.186
C46A061  98 2026 05 14.4  15.0517  -5.4579 18.1 Updated May 14.61 UT            19   0.16 30.5  0.110
CEMANR2 100 2026 05 14.4  16.3661  +3.8147 19.8 Updated May 14.46 UT            10   0.09 20.9  0.192
C469ZZ1  98 2026 05 14.4  14.0830  +8.7382 17.6 Updated May 14.50 UT            21   0.13 26.9  0.162
ST26E67  98 2026 05 14.3  16.0480  +0.0950 19.6 Updated May 14.64 UT             9   0.30 30.0  0.029
CEMA5R2 100 2026 05 14.3  15.5244  +6.5899 20.1 Updated May 14.48 UT            14   0.08 23.8  0.237
ST26E61 100 2026 05 14.3  16.0343  -0.0989 20.2 Updated May 14.37 UT             6   0.05 28.7  0.285
CEM9MQ2  98 2026 05 14.3  14.8677  +1.8627 20.4 Updated May 14.41 UT             8   0.09 28.6  0.247
CEM9DH2 100 2026 05 14.3  14.9603  +1.0294 20.7 Updated May 14.42 UT            10   0.10 24.3  0.240
CEM9AR2  98 2026 05 14.3  14.8978  +1.6566 21.5 Updated May 14.40 UT             8   0.09 26.1  0.256
ST26E59 100 2026 05 14.3  15.2113  -1.3075 20.0 Updated May 14.38 UT            14   0.07 26.8  0.278
ST26E57 100 2026 05 14.3  15.0697  -3.0804 19.2 Updated May 14.33 UT             8   0.05 27.0  0.324
CEM83E2 100 2026 05 14.3  14.0217  +0.9877 20.6 Updated May 14.36 UT             6   0.09 24.4  0.299
CEM7YT2 100 2026 05 14.3  13.2995  +2.5114 20.0 Updated May 14.36 UT             8   0.09 21.7  0.295
ST26E52 100 2026 05 14.2  13.6103  +5.6251 19.9 Updated May 14.38 UT             9   0.09 25.9  0.312
MZ26075 100 2026 05 13.8  16.6961  -2.4227 19.5 Added May 14.13 UT               3   0.01 25.1  0.829
A11CmCW 100 2026 05 13.3   4.5694 -77.6892 19.0 Added May 13.75 UT               4   0.02 24.5  1.276
A11CmCS 100 2026 05 13.3  16.5368 -38.3103 19.1 Added May 13.75 UT               4   0.04 25.4  1.335
OCA1642  84 2026 05 13.1  13.7610 -31.1827 19.4 Added May 13.56 UT               3   0.02 13.4  1.523
P22nay8  22 2026 05 13.4  15.7517  -2.0153 21.8 Updated May 14.59 UT            16  18.97 20.1  0.162
P22nawA  78 2026 05 13.4  15.1864  -3.1434 21.2 Updated May 14.59 UT            33  16.14 24.7  0.202
A11Cmv6 100 2026 05 13.0   8.5585 -50.4457 18.8 Updated May 14.10 UT            10   0.91 18.6  0.687
P22n4V7  84 2026 05 12.4  14.3619 -19.4749 22.0 Updated May 14.51 UT            29   2.05 21.3  0.211
P22n4V6  79 2026 05 12.4  13.9127 -22.9973 21.7 Updated May 14.50 UT            37   2.01 23.6  0.253
P22n4PC  55 2026 05 12.4  13.9677 -13.3278 20.6 Updated May 14.21 UT            17   1.83 21.0  0.458
CEM26R2  13 2026 05 12.4  16.5937 +15.4437 20.6 Updated May 14.25 UT            21   2.69 17.0  0.412
CEM1XD2  13 2026 05 12.3  14.5038 +17.5005 22.2 Updated May 14.22 UT            20   6.88 19.2  0.442
SO0005e 100 2026 05 11.7   0.0672  +5.1489 26.3 Updated May 14.35 UT             3   0.00 28.9  2.940
SO0005d 100 2026 05 11.7  18.9923 -25.3391 21.6 Updated May 14.34 UT             4   0.00 28.2  2.938
SO0005c 100 2026 05 11.7  22.4373 -30.8547 23.2 Updated May 14.34 UT             3   0.00 28.6  2.992
SO0005b 100 2026 05 11.6  22.8700  -9.2959 22.1 Updated May 14.34 UT             3   0.00 26.6  3.003
CELXZH2 100 2026 05 11.3  14.7556 +24.3183 22.3 Updated May 14.35 UT             3   0.01 25.0  3.303
ST26E34 100 2026 05 10.5  14.8645 +18.5054 24.3 Updated May 14.35 UT             2   0.00 28.6  4.190
6E94521  10 2026 05 10.4  19.6567 -63.8372 19.5 Updated May 14.42 UT            44   4.03 19.0  0.254
CELRZD2 100 2026 05 09.2  12.3948 +37.0044 22.8 Updated May 14.34 UT             8   0.10 23.0  5.302
ST26E14 100 2026 05 08.4  13.3144  -2.7846 18.2 Updated May 14.35 UT             2   0.00 17.3  6.226
P22n0fQ  97 2026 05 07.4  15.0155 +10.8528 21.7 Updated May 13.34 UT             3   0.04 23.4  7.243
S001563  73 2026 05 07.0  12.9833 -27.0835 21.5 Updated May 14.34 UT             3   0.03 17.5  7.574
C1EUYV5  35 2026 04 27.5  17.2738 +18.7592 21.9 Updated May 14.43 UT            36 297.21 12.8  1.153
