ST26E86  98 2026 05 15.4   3.3807 -18.3203 26.1 Updated May 15.58 UT             6   0.11 33.1  0.320
ZTF10Du 100 2026 05 15.3  14.8517 -24.7513 16.7 Added May 15.45 UT               4   0.03 26.1  0.479
ST26E84 100 2026 05 15.4  14.7652 +10.7106 19.9 Updated May 15.45 UT             4   0.03 24.4  0.333
TF26E97  98 2026 05 15.3  15.7347 -15.0703 18.9 Updated May 15.57 UT             4   0.12 27.4  0.325
ST26E76  98 2026 05 15.2  14.5561  +6.5918 20.7 Updated May 15.44 UT             6   0.20 30.7  0.339
ST26E75 100 2026 05 15.2  14.7435  -6.0905 18.5 Updated May 15.38 UT             4   0.01 25.6  0.542
6EE3C21 100 2026 05 15.2  15.6161 -22.2248 19.0 Updated May 15.44 UT            11   0.22 25.9  0.364
A11Cr0m 100 2026 05 15.0  16.0114 -52.0161 17.9 Updated May 15.37 UT            14   0.31 20.0  0.484
P12neKJ 100 2026 05 14.3  13.0159 -23.4241 20.9 Updated May 15.22 UT            10   0.88 20.3  0.563
P12neKs  97 2026 05 14.6  18.3394 +57.9515 20.4 Updated May 15.26 UT            10   0.48 15.2  0.724
P12nc1c  96 2026 05 14.5  16.7892  -6.4957 21.7 Updated May 15.38 UT            21   0.90 20.1  0.397
RFD0300 100 2026 05 13.0   0.0145 -32.5315 25.1 Added May 14.52 UT               2   0.00 29.5  2.747
CEMAUH2 100 2026 05 14.4  16.3686  -0.7039 21.3 Updated May 14.46 UT             6   0.07 24.0  1.335
CEMAY32  79 2026 05 14.4  16.5129  +1.7207 20.4 Updated May 15.51 UT            37   1.08 23.8  0.306
ST26E61 100 2026 05 14.3  16.4813  +0.4926 22.0 Updated May 14.37 UT             6   0.05 28.7  1.411
ST26E57  98 2026 05 14.3  16.4499 -10.9117 19.4 Updated May 15.43 UT            12   1.14 28.0  0.360
ST26E52  76 2026 05 14.2  13.5288 +23.9842 20.4 Updated May 15.38 UT            28   1.01 26.1  0.521
MZ26075 100 2026 05 13.8  17.1270  +6.1153 20.1 Updated May 15.33 UT             3   0.01 25.5  1.955
A11CmCW 100 2026 05 13.3   5.7492 -73.6988 19.8 Updated May 15.33 UT             4   0.02 25.5  2.403
A11CmCS 100 2026 05 13.3  16.8667 -34.9076 19.7 Updated May 15.33 UT             4   0.04 25.5  2.461
OCA1642  84 2026 05 13.1  13.7426 -31.2534 19.4 Updated May 15.33 UT             3   0.02 13.1  2.650
A11Cmv6  84 2026 05 13.0   8.4118 -49.9496 19.0 Updated May 15.23 UT            19   2.04 19.1  0.687
CEM26R2  18 2026 05 12.4  16.5730 +15.3806 20.6 Updated May 15.33 UT            21   2.69 17.0  1.538
CEM1XD2  11 2026 05 12.3  14.4804 +17.3370 22.2 Updated May 15.17 UT            22   7.84 19.2  0.617
SO0005e 100 2026 05 11.7   0.1604  +6.2048 27.1 Updated May 14.35 UT             3   0.00 28.9  4.066
SO0005d 100 2026 05 11.7  19.1516 -24.3642 22.2 Updated May 14.34 UT             4   0.00 28.2  4.065
SO0005c 100 2026 05 11.7  22.7395 -29.2682 24.0 Updated May 14.34 UT             3   0.00 28.6  4.119
SO0005b 100 2026 05 11.6  22.9872  -8.0740 22.8 Updated May 14.34 UT             3   0.00 26.6  4.130
CELXZH2 100 2026 05 11.3  14.7306 +24.4157 22.2 Updated May 14.35 UT             3   0.01 25.0  4.429
6E94521  10 2026 05 10.4  19.7933 -66.4463 19.5 Updated May 15.42 UT            53   5.03 19.0  0.381
S001563  73 2026 05 07.0  12.9796 -27.1358 21.6 Updated May 14.34 UT             3   0.03 17.5  8.700
C1EUYV5  35 2026 04 27.5  17.2583 +18.8171 21.9 Updated May 15.51 UT            36 299.14 12.8  0.346
