P22nfmx 100 2026 05 21.3  14.2856  +1.4013 21.0 Added May 21.42 UT               3   0.03 23.1  0.135
C46CD31 100 2026 05 21.4  16.4215  -1.2272 18.7 Updated May 21.45 UT             5   0.05 28.5  0.049
CENGF22 100 2026 05 21.3  15.4293 -17.0706 20.4 Updated May 21.41 UT             8   0.07 25.2  0.083
ST26ED8 100 2026 05 21.3  18.0374  +7.2275 20.1 Updated May 21.47 UT             8   0.08 25.9  0.079
ST26ED7  98 2026 05 21.3  17.7753  +8.3818 19.2 Updated May 21.47 UT            12   0.14 26.0  0.027
6EK3F21  20 2026 05 21.3  17.2238 -23.5992 16.5 Added May 21.31 UT               3   0.01 16.7  0.219
ST26ED4 100 2026 05 21.3  15.9538  +9.4607 19.3 Updated May 21.35 UT             8   0.07 27.5  0.143
ST26ED1  98 2026 05 21.2  15.4612  +6.8049 18.7 Updated May 21.40 UT            17   0.14 29.9  0.122
TF26EE0 100 2026 05 20.5  16.4712  +8.6807 21.6 Updated May 20.74 UT             4   0.02 28.7  1.007
TF26ED8 100 2026 05 20.5  16.7801  -0.3314 18.3 Added May 20.66 UT               2   0.00 24.3  1.028
ST26EC8 100 2026 05 20.4  17.3679 -12.3214 18.6 Updated May 20.66 UT             4   0.02 27.1  1.054
ST26EC7 100 2026 05 20.4   2.1468  -8.2288 26.0 Updated May 20.60 UT             4   0.01 29.5  1.060
ST26EC5 100 2026 05 20.3  16.5976  -9.4053 19.0 Updated May 20.59 UT             4   0.03 24.6  1.153
P12nfgD  46 2026 05 20.4  15.9808  -7.3464 22.0 Updated May 21.44 UT            12   0.98 20.3  0.078
P12nffX  10 2026 05 20.5  16.3867 -20.7687 21.7 Updated May 21.37 UT             9   0.87 18.6  0.122
P12nfdO  94 2026 05 20.5  16.2622 -23.2611 22.2 Updated May 20.69 UT             5   0.09 28.9  0.920
P12nffV  39 2026 05 20.5  16.5053 -19.1650 20.6 Updated May 21.40 UT            10   0.91 20.2  0.092
P12nfdQ  86 2026 05 20.4  15.1070 -12.5952 19.0 Updated May 21.35 UT            21   0.86 28.1  0.189
P12nfaz  50 2026 05 20.3  13.2532 -28.4194 22.0 Updated May 21.47 UT             8   1.05 18.5  0.122
P22nfat  44 2026 05 20.4  16.1981 +21.4206 21.9 Updated May 21.47 UT            15   1.07 19.5  0.060
A11CGDI  84 2026 05 19.2  17.3340 -43.5130 18.7 Updated May 21.20 UT            27   1.72 21.4  0.579
NAOCAN7 100 2026 05 17.7  15.2758 -21.7828 20.7 Updated May 21.35 UT             4   0.10 19.6  3.639
KPMa1Ih  87 2026 05 18.1  11.1266 -26.1603 23.3 Updated May 21.35 UT             5   0.01 20.8  3.388
CEMVK32  35 2026 05 17.4  16.8035 +10.4761 21.6 Updated May 21.47 UT            47   9.02 20.1  0.033
ST26E75  98 2026 05 15.2   2.5383 -20.1916 28.0 Updated May 21.35 UT             7   0.09 28.5  6.170
P12neKs  35 2026 05 14.6  18.1639 +57.4872 20.0 Updated May 21.47 UT           118   6.83 15.2  0.083
