CZYNHKZ  98 2026 05 14.4  16.3907  +2.5194 20.4 Updated May 21.93 UT             7   7.55 16.2  0.033
P22nfmx  96 2026 05 21.3  14.3580  +1.4714 21.0 Updated May 21.94 UT            15   0.72 24.6  0.034
C46CD31 100 2026 05 21.4  18.8865  -4.4529 18.6 Updated May 21.45 UT             5   0.05 28.5  0.508
ST26ED8  88 2026 05 21.3  17.8904 +11.5644 20.2 Updated May 21.90 UT            17   0.56 25.9  0.061
ST26ED1  98 2026 05 21.2  20.2652 -16.4230 18.0 Updated May 21.71 UT            20   0.16 30.2  0.566
TF26EE0 100 2026 05 20.5  16.4325  +8.7481 22.3 Updated May 20.74 UT             4   0.02 28.7  1.467
ST26EC8  98 2026 05 20.4  18.1602 -17.9651 19.8 Updated May 21.71 UT             6   0.14 28.6  1.514
ST26EC7  98 2026 05 20.4   2.2179  -8.2402 27.1 Updated May 21.71 UT             6   0.11 30.2  1.520
ST26EC5 100 2026 05 20.3  16.2697 -11.8309 19.1 Updated May 20.59 UT             4   0.03 24.6  1.612
P12nfgD  10 2026 05 20.4  15.9684  -7.4350 21.8 Updated May 21.76 UT            28 5292.06 20.0  0.537
P12nffX  10 2026 05 20.5  16.3785 -20.8121 21.6 Updated May 21.77 UT            12   6.91 18.9  0.581
P12nffV  47 2026 05 20.5  16.5030 -18.9701 20.5 Updated May 21.76 UT            16   2.09 20.3  0.550
P12nfaz  50 2026 05 20.3  13.2491 -28.3326 22.0 Updated May 21.47 UT             8   1.05 18.5  0.582
P22nfat  20 2026 05 20.4  16.1902 +21.4701 22.1 Updated May 21.73 UT            25 622.93 19.6  0.520
A11CGDI  74 2026 05 19.2  17.3927 -42.8567 18.5 Updated May 21.92 UT            30   2.72 21.3  0.039
NAOCAN7 100 2026 05 17.7  15.2764 -21.7955 20.8 Updated May 21.35 UT             4   0.10 19.6  4.099
KPMa1Ih  87 2026 05 18.1  11.1256 -26.3707 23.3 Updated May 21.35 UT             5   0.01 20.8  3.848
CEMVK32  35 2026 05 17.4  16.7672 +10.2546 21.6 Updated May 21.47 UT            47   9.02 20.1  0.493
P12neKs  35 2026 05 14.6  18.1490 +57.4384 20.0 Updated May 21.47 UT           118   6.83 15.2  0.543
