TF26EE0 100 2026 05 20.5  16.5053  +8.6180 21.2 Updated May 20.74 UT             4   0.02 28.7  0.757
TF26ED8 100 2026 05 20.5  16.6591  +0.5967 18.3 Added May 20.66 UT               2   0.00 24.3  0.778
ST26EC8 100 2026 05 20.4  16.8382  -7.8471 18.4 Updated May 20.66 UT             4   0.02 27.1  0.804
ST26EC7 100 2026 05 20.4   1.8896  -7.9784 24.8 Updated May 20.60 UT             4   0.01 29.5  0.810
ST26EC5 100 2026 05 20.3  16.8085  -7.7901 19.0 Updated May 20.59 UT             4   0.03 24.6  0.903
P12nfgD  86 2026 05 20.4  15.9878  -7.2978 21.6 Updated May 20.69 UT             6   0.14 20.1  0.666
P12nffX  10 2026 05 20.5  16.3908 -20.7445 21.7 Updated May 20.69 UT             5   0.08 14.9  0.669
P12nfdO  94 2026 05 20.5  16.2629 -23.1521 22.0 Updated May 20.69 UT             5   0.09 28.9  0.670
P12nffV  69 2026 05 20.5  16.5060 -19.2713 20.6 Updated May 20.70 UT             6   0.09 18.0  0.667
P12nfdQ  98 2026 05 20.4  15.3637 -14.1918 19.4 Updated May 20.98 UT            13   0.53 28.1  0.266
P22nfcS  83 2026 05 20.4  16.9143  +2.0993 20.6 Updated May 21.23 UT             9   0.47 20.5  0.352
P12nfck  98 2026 05 20.4  14.4686 -22.4332 19.0 Updated May 20.69 UT             6   0.11 26.1  0.751
P12nfaz  80 2026 05 20.3  13.2549 -28.4667 21.9 Updated May 20.70 UT             5   0.13 14.5  0.788
P22nfat  74 2026 05 20.4  16.2018 +21.3942 21.8 Updated May 20.69 UT             5   0.22 14.4  0.660
A11CGDH 100 2026 05 19.2  16.4722 -71.2441 18.8 Updated May 21.04 UT            13   1.72 21.9  0.301
A11CGDI  84 2026 05 19.2  17.3017 -43.8629 18.7 Updated May 21.20 UT            27   1.72 21.4  0.329
NAOCAN7 100 2026 05 17.7  15.2755 -21.7715 20.7 Updated May 20.34 UT             4   0.10 20.1  3.389
KPMa1Ih  87 2026 05 18.1  11.1272 -26.0434 23.2 Updated May 20.34 UT             5   0.01 20.8  3.138
CEMVK32  55 2026 05 17.4  16.8234 +10.5964 21.6 Updated May 20.52 UT            41   7.48 20.1  1.328
ST26E75  98 2026 05 15.2   2.5365 -20.3404 28.0 Updated May 20.34 UT             7   0.09 28.6  5.920
P12neKs  35 2026 05 14.6  18.1719 +57.5129 20.0 Updated May 21.05 UT           106   6.45 15.2  0.218
