ST26G26 100 2026 07 10.5  20.4308  +8.8707 19.4 Updated July 10.83 UT            4   0.01 26.8  0.491
ZTF10Ek 100 2026 07 10.3  17.5684  +7.9984 19.5 Updated July 10.79 UT            5   0.99 24.8  0.661
OCA1648  99 2026 07 10.2  19.2357 -31.6465 18.8 Added July 10.46 UT              3   0.02 17.3  0.753
A11Evr9 100 2026 07 10.0  22.5917 -55.4629 18.4 Added July 10.39 UT              7   0.03 23.3  0.885
TF26G22 100 2026 07 10.3  20.8120  +8.5805 19.6 Added July 10.37 UT              2   0.00 25.3  0.653
ST26G18 100 2026 07 10.3  21.2832 +29.2747 19.9 Updated July 10.38 UT            4   0.02 25.7  0.627
ST26G17 100 2026 07 10.3  20.8765  +7.7574 20.0 Added July 10.37 UT              2   0.00 26.3  0.669
CEQKE72  97 2026 07 10.3  16.2340 +11.5260 21.1 Updated July 10.91 UT            7   0.64 22.5  0.056
A11Evap 100 2026 07 09.9  19.8028 -38.7678 19.4 Updated July 10.95 UT           10   0.95 21.8  0.079
P12o0YY  99 2026 07 09.5  20.8047 -22.1395 21.0 Updated July 9.68 UT             6   0.08 18.4  1.414
CEQJF02  98 2026 07 09.3  22.4673 +14.5398 20.9 Updated July 10.34 UT           11   0.63 27.2  0.987
P12o0Y1 100 2026 07 08.5  20.3182 -29.9478 21.3 Updated July 10.65 UT           12  18.41 22.4  0.994
P12nXce 100 2026 07 08.5  21.8879 -32.5274 21.1 Updated July 9.54 UT             9   1.02 21.5  1.431
P12nXcA  80 2026 07 08.5  21.0928 -26.6087 20.0 Updated July 10.49 UT           15   1.76 22.7  0.697
P12nXcf 100 2026 07 08.5  20.9716 -18.9063 21.3 Updated July 10.65 UT           17   1.02 24.0  1.427
A11Eq8v 100 2026 07 07.9  21.9896 -39.2575 18.5 Updated July 10.15 UT           10   2.05 25.4  0.988
A11EpSe 100 2026 07 08.2  19.6617 -29.8922 19.3 Updated July 10.23 UT           10   0.83 19.2  1.948
W2nCdO   79 2026 07 07.4  19.1240 -24.5057 23.7 Updated July 9.49 UT            14  19.01 26.6  1.534
ST26G01  98 2026 07 07.2  20.3625 -57.6263 21.2 Updated July 9.23 UT            14   0.10 27.0  3.607
P22nTNT  10 2026 07 06.5  18.3065 +17.7230 21.0 Updated July 9.42 UT            24   2.71 19.0  1.785
P22nTLB  21 2026 07 06.3  17.6993  +7.8762 22.2 Updated July 9.42 UT            20   2.87 19.6  1.778
8N8R001 100 2026 07 05.9   5.2928  -2.4297 29.5 Updated July 9.23 UT             3   0.01 29.3  5.042
MAS0006  35 2026 06 19.3  18.3645 +23.8976 20.0 Updated July 10.32 UT          137  20.67  9.0  0.981
OMO0297  87 2026 06 25.8  23.6499  +3.8228 21.9 Updated July 10.23 UT           12  12.63 20.1  2.503
P22nJzF  35 2026 06 22.5  22.5180 +18.9390 21.6 Updated July 10.42 UT           23  25.46 14.1  0.950
