CELY6P2 100 2026 05 11.4  17.0120 +18.3058 21.0 Updated May 11.47 UT             8   0.05 23.0  0.557
ST26E38  98 2026 05 11.3  17.4835  +6.6695 20.1 Updated May 12.00 UT             9   0.66 26.9  0.045
C469HY1  88 2026 05 11.4  17.4026 +12.1770 18.2 Updated May 12.00 UT            20   0.59 25.6  0.032
6EA3I21  62 2026 05 11.3  19.4306  -5.2548 17.0 Added May 11.37 UT               3   0.01 13.0  0.691
CELXZH2 100 2026 05 11.3  14.8022 +24.0243 22.7 Added May 11.37 UT               3   0.01 22.0  0.676
CELXRN2 100 2026 05 11.3  13.1462 +26.7681 21.0 Updated May 11.92 UT            13   0.63 22.1  0.121
TF26E51 100 2026 05 11.3  15.3341  +8.9426 19.3 Added May 11.28 UT               2   0.00 23.3  0.750
ST26E34 100 2026 05 10.5  14.6749 +25.4409 21.4 Added May 10.70 UT               2   0.00 26.4  1.563
6E94521 100 2026 05 10.4  19.4101 -57.6791 19.4 Updated May 11.30 UT            13   0.92 19.0  0.747
CELUGK2  93 2026 05 10.3  14.8138 +27.3836 21.5 Updated May 11.19 UT            21   0.85 24.4  0.839
ZTF10Do  98 2026 05 10.2  14.0774 +14.1104 18.2 Updated May 11.58 UT            11   1.27 27.1  0.519
CELU1Q2  98 2026 05 10.2  11.5867 +31.2611 21.3 Updated May 11.21 UT            13   0.99 26.1  0.830
ST26E24  98 2026 05 10.2   3.0131 -15.2867 26.3 Updated May 10.52 UT            13   0.29 29.1  1.548
ZTF10Dn 100 2026 05 09.3  16.8812 -12.9464 20.4 Updated May 11.31 UT             4   0.04 26.9  2.688
XA9ttXA  97 2026 05 08.8  15.1148  +1.8553 22.6 Updated May 11.23 UT            13   2.46 21.8  0.806
ST26E18 100 2026 05 09.4  15.4789 -14.3102 22.8 Updated May 11.31 UT             4   0.00 30.1  2.658
CELRZD2 100 2026 05 09.2  12.5039 +35.9586 22.1 Updated May 11.31 UT             8   0.10 22.6  2.676
TF26E23 100 2026 05 09.2  12.9623  -3.8373 17.7 Updated May 12.01 UT             2   0.00 19.6  2.807
ZTF10Dl 100 2026 05 08.3  18.8448 -15.5269 21.2 Updated May 10.31 UT             4   0.03 27.0  3.656
ST26E14 100 2026 05 08.4  13.3534  -3.2437 17.9 Updated May 10.31 UT             2   0.00 21.3  3.599
P22n0vC  24 2026 05 08.3  14.7972  +9.7427 22.4 Updated May 11.21 UT            25   2.87 19.9  0.819
CELLEH2  86 2026 05 08.3  15.8742 -16.6108 23.6 Updated May 11.82 UT            14   1.86 32.7  1.867
P22n0fQ  97 2026 05 07.4  15.0814 +10.0153 22.6 Updated May 11.31 UT             3   0.04 24.4  4.617
ZTF10Di 100 2026 05 07.4  22.1594 -10.7836 23.0 Updated May 11.31 UT             4   0.02 27.4  4.632
S001563  73 2026 05 07.0  12.9940 -26.9548 21.5 Updated May 11.31 UT             3   0.03 17.9  4.947
P22mZLU  68 2026 05 06.3  11.8108 -16.1349 21.0 Updated May 11.60 UT            17   4.96 20.7  0.791
A11BRI6  51 2026 05 03.0  10.9683 -39.4366 18.9 Updated May 11.97 UT            58   7.13 19.8  1.882
C1EUYV5  35 2026 04 27.5  17.3095 +18.6168 21.7 Updated May 11.29 UT            30  13.80 12.6  0.755
