ST26EE8  98 2026 05 22.2  15.4125 +12.1648 18.7 Updated May 22.69 UT             5   0.22 27.0  0.230
MKp7968  95 2026 05 17.7  14.1220  +5.3466 21.7 Added May 22.41 UT               6   4.04 23.0  0.998
C46CH71 100 2026 05 22.3  15.1866 +25.2741 19.6 Updated May 22.39 UT             8   0.04 23.6  0.312
C46CH41 100 2026 05 22.3  15.6474 +18.0101 19.7 Updated May 22.46 UT            12   0.10 25.7  0.250
ST26EE4  98 2026 05 22.3  18.2893 +17.4386 20.6 Updated May 22.46 UT            18   0.13 29.0  0.246
ST26EE3  98 2026 05 22.3  16.4022  +8.0410 19.6 Updated May 22.47 UT            12   0.21 28.4  0.238
CENWC52  98 2026 05 22.3  15.7285  -3.0510 20.1 Updated May 22.49 UT            15   0.18 27.7  0.218
CENU0L2  98 2026 05 22.2  14.0493  -3.3946 21.8 Updated May 22.37 UT             9   0.13 27.4  0.335
CENV8M2  98 2026 05 22.3  15.6349  +4.9701 17.7 Updated May 22.42 UT            19   0.12 31.1  0.299
NAOCBPP 100 2026 05 20.7  14.8385 -18.5633 21.3 Updated May 22.68 UT             9   0.13 21.3  1.851
8N2S001 100 2026 05 22.0  17.7729 +15.5672 19.1 Added May 22.24 UT               3   0.01 24.4  0.649
Sar2899  98 2026 05 22.0  16.0311 +11.5582 20.8 Updated May 22.45 UT            24   0.46 29.6  0.255
CZYNHKZ 100 2026 05 14.4  16.3698  +2.4183 21.4 Updated May 22.04 UT             4   0.02 22.8  8.314
C46CD31 100 2026 05 21.4  23.2212  -5.3942 21.8 Updated May 21.45 UT             5   0.05 28.5  1.258
ST26ED8  79 2026 05 21.3  17.6682 +17.8147 20.3 Updated May 22.42 UT            39   1.08 25.8  0.288
ST26ED1  98 2026 05 21.2   0.9619 -17.0565 23.9 Updated May 21.71 UT            20   0.16 30.2  1.316
TF26EE0 100 2026 05 20.5  16.4038  +8.7955 23.0 Updated May 22.38 UT             4   0.02 28.7  2.217
ST26EC8  98 2026 05 20.4  19.4037 -25.1225 20.6 Updated May 21.71 UT             6   0.14 28.6  2.264
ST26EC7  98 2026 05 20.4   2.3484  -8.3569 28.2 Updated May 21.71 UT             6   0.11 30.2  2.270
ST26EC5 100 2026 05 20.3  15.9287 -14.2490 19.4 Updated May 22.38 UT             4   0.03 24.9  2.362
P12nfgD  10 2026 05 20.4  15.9481  -7.5811 21.8 Updated May 22.22 UT            30 5292.85 20.0  0.501
P12nffX  10 2026 05 20.5  16.3650 -20.8828 21.7 Updated May 22.44 UT            15   7.94 19.3  0.304
P12nffV  45 2026 05 20.5  16.4991 -18.6497 20.5 Updated May 22.27 UT            23   2.72 20.2  0.667
P12nfaz  48 2026 05 20.3  13.2427 -28.1909 22.0 Updated May 22.18 UT            10   1.84 18.4  0.533
P22nfat  20 2026 05 20.4  16.1773 +21.5462 22.1 Updated May 22.47 UT            25 623.97 19.7  0.232
NAOCAN7 100 2026 05 17.7  15.2768 -21.8116 20.7 Updated May 22.38 UT             4   0.10 19.7  4.849
KPMa1Ih  87 2026 05 18.1  11.1245 -26.7170 23.3 Updated May 22.38 UT             5   0.01 20.8  4.598
CEMVK32  55 2026 05 17.4  16.7089  +9.8932 21.6 Updated May 21.47 UT            47   9.02 20.1  1.243
P12neKs  35 2026 05 14.6  18.1245 +57.3550 20.0 Updated May 22.02 UT           121   7.45 15.2  0.682
