A11CUyv 100 2026 05 24.1  17.6206 -58.1334 18.8 Added May 24.89 UT               4   0.03 19.4  0.737
A11CUyu 100 2026 05 24.4  18.7575  +9.2439 18.3 Added May 24.89 UT               4   0.03 19.4  0.423
P12nfw2 100 2026 05 24.6  20.9762  -4.3302 21.3 Added May 24.67 UT               3   0.02 22.3  0.297
NAOCLYL  85 2026 05 23.8  15.8944 -20.9271 21.6 Added May 24.59 UT               4   0.10 21.5  1.053
A11CQzo 100 2026 05 24.4  18.6034 -17.8884 17.4 Added May 24.51 UT               5   0.05 29.9  0.474
P12nfqd 100 2026 05 24.4  15.9625 -23.6675 20.2 Added May 24.49 UT               4   0.03 21.2  0.467
oKr0080 100 2026 05 23.9  23.4824 +18.5082 20.3 Added May 24.47 UT               3   0.00 15.5  1.019
C1F15H5 100 2026 05 24.4  16.7927 +23.9983 21.5 Updated May 24.48 UT             8   0.03 24.6  0.432
P22nfp8 100 2026 05 24.4  15.8446  +1.1141 20.3 Updated May 24.69 UT             6   0.10 22.9  0.430
C1F1535  84 2026 05 24.4  16.7561  +6.1006 22.6 Updated May 24.48 UT             8   0.05 20.2  0.435
C1F0TQ5 100 2026 05 24.4  15.9412  -6.4352 21.6 Updated May 24.48 UT            10   0.09 22.8  0.440
CEP5GZ2 100 2026 05 24.4  15.9428  +1.5504 20.4 Updated May 24.68 UT            13   0.09 25.7  0.430
C1F0L35 100 2026 05 24.3  15.0690  +2.5932 22.4 Updated May 24.42 UT             8   0.08 21.9  0.492
ST26EG3  98 2026 05 24.3  17.6740  -4.6857 19.7 Updated May 24.57 UT            14   0.21 27.5  0.359
C1F0EU5  82 2026 05 24.3  15.4417 -10.0914 22.1 Updated May 24.39 UT             8   0.07 14.8  0.519
C1F0295 100 2026 05 24.3  15.3438  -7.3945 22.1 Updated May 24.43 UT            12   0.12 21.6  0.474
CEP1CX2 100 2026 05 24.3  15.0232  +0.9409 20.9 Updated May 24.43 UT            20   0.14 24.9  0.483
6EN3D21 100 2026 05 24.2  16.6620 -79.0205 19.1 Added May 24.29 UT               3   0.01 19.2  0.674
CEP0PP2  98 2026 05 24.2  15.0200  -7.2643 20.3 Updated May 24.40 UT            15   0.16 28.5  0.508
C1EYRR5  91 2026 05 23.4  15.8767  +1.6393 22.4 Updated May 24.68 UT            18   1.10 25.0  0.430
C1EYQL5 100 2026 05 23.4  15.8302  +0.6447 22.0 Updated May 24.68 UT            12   1.10 24.3  0.430
C1EYPU5 100 2026 05 23.4  15.8382  +3.1148 22.8 Updated May 24.37 UT             9   0.64 24.0  0.891
C1EYPT5  89 2026 05 23.4  15.8149  +1.2851 21.8 Updated May 24.68 UT            19   1.10 24.2  0.430
C1EYD55  64 2026 05 23.3  15.7873 -13.1970 22.1 Updated May 24.30 UT            12   0.95 20.1  0.630
C1EXH55  93 2026 05 23.3  14.0336  +6.0800 22.5 Updated May 24.21 UT            20   0.91 23.7  0.717
6EM3521  79 2026 05 23.1  13.1353 -10.7094 20.2 Updated May 24.29 UT            29   1.14 22.4  0.715
NAOCBPP 100 2026 05 20.7  14.8791 -19.9145 22.3 Updated May 24.34 UT             4   0.13 22.4  4.059
C46CD31 100 2026 05 21.4   1.3750  -3.2383 26.8 Updated May 23.35 UT             7   0.05 28.6  3.467
ST26ED1  98 2026 05 21.2   1.6508 -14.8386 27.3 Updated May 23.35 UT            20   0.16 30.2  3.525
TF26EE0 100 2026 05 20.5  16.3605  +8.8181 24.3 Updated May 24.34 UT             4   0.02 28.8  4.426
ST26EC8  98 2026 05 20.4  21.3248 -30.6315 22.5 Updated May 23.35 UT             6   0.14 28.6  4.472
ST26EC7  98 2026 05 20.4   2.4562  -8.4089 29.8 Updated May 23.35 UT             6   0.11 30.3  4.478
ST26EC5 100 2026 05 20.3  15.3068 -18.2148 20.6 Updated May 24.34 UT             4   0.03 24.8  4.571
P12nfaz  43 2026 05 20.3  13.2256 -27.7736 21.9 Updated May 24.34 UT            12   2.87 18.3  1.717
NAOCAN7 100 2026 05 17.7  15.2809 -21.8750 20.9 Updated May 24.34 UT             4   0.10 19.9  7.057
KPMa1Ih  87 2026 05 18.1  11.1241 -27.6824 23.4 Updated May 24.34 UT             5   0.01 20.8  6.806
CEMVK32  35 2026 05 17.4  16.5443  +8.8325 21.7 Updated May 24.42 UT            50  11.97 20.1  0.505
P12neKs  35 2026 05 14.6  18.0510 +57.0808 19.9 Updated May 24.37 UT           161   9.46 15.1  0.877
