SO0006A 100 2026 05 22.7  21.3350 -36.1666 19.2 Added May 22.70 UT               4   0.01 23.9  0.389
MKp7968  83 2026 05 17.7  14.1195  +5.5924 21.9 Updated May 22.83 UT             8  26.24 23.2  1.373
ST26EE4  98 2026 05 22.3  18.4536 +19.3196 21.1 Updated May 22.46 UT            18   0.13 29.0  0.621
CENU0L2  98 2026 05 22.2  14.1238  -2.8013 22.0 Updated May 22.37 UT             9   0.13 27.4  0.710
CENV8M2  88 2026 05 22.3   0.9291 +24.7171 22.4 Updated May 22.95 UT            18   0.58 31.2  0.215
NAOCBPP  99 2026 05 20.7  14.8543 -18.7919 22.1 Updated May 22.70 UT             4   0.13 22.4  2.226
8N2S001  98 2026 05 22.0  17.7041 +13.9408 19.5 Updated May 23.04 UT             7   0.99 22.4  0.041
CZYNHKZ 100 2026 05 14.4  16.3573  +2.3396 21.4 Updated May 22.04 UT             4   0.02 22.8  8.689
C46CD31 100 2026 05 21.4  23.9919  -4.8076 23.1 Updated May 21.45 UT             5   0.05 28.5  1.633
ST26ED8  72 2026 05 21.3  17.5649 +20.5589 20.4 Updated May 23.06 UT            48   1.69 25.8  0.056
ST26ED1  98 2026 05 21.2   1.2612 -16.1664 25.0 Updated May 21.71 UT            20   0.16 30.2  1.691
TF26EE0 100 2026 05 20.5  16.3935  +8.8073 23.3 Updated May 22.38 UT             4   0.02 28.7  2.592
ST26EC8  98 2026 05 20.4  19.8941 -27.1641 21.0 Updated May 21.71 UT             6   0.14 28.6  2.639
ST26EC7  98 2026 05 20.4   2.3814  -8.3820 28.6 Updated May 21.71 UT             6   0.11 30.2  2.645
ST26EC5 100 2026 05 20.3  15.7786 -15.2562 19.6 Updated May 22.38 UT             4   0.03 24.9  2.737
P12nffX  10 2026 05 20.5  16.3582 -20.9184 21.7 Updated May 22.44 UT            15   7.94 19.3  0.679
P12nffV  45 2026 05 20.5  16.4971 -18.4884 20.4 Updated May 22.98 UT            25   3.65 20.2  0.111
P12nfaz  48 2026 05 20.3  13.2396 -28.1200 22.0 Updated May 22.18 UT            10   1.84 18.4  0.908
NAOCAN7 100 2026 05 17.7  15.2773 -21.8214 20.7 Updated May 22.38 UT             4   0.10 19.7  5.224
KPMa1Ih  87 2026 05 18.1  11.1241 -26.8864 23.3 Updated May 22.38 UT             5   0.01 20.8  4.973
CEMVK32  55 2026 05 17.4  16.6802  +9.7126 21.6 Updated May 21.47 UT            47   9.02 20.1  1.618
P12neKs  35 2026 05 14.6  18.1122 +57.3115 20.0 Updated May 22.98 UT           124   8.40 15.1  0.104
