C46D641 100 2026 05 27.3  14.5364 +22.5079 20.4 Added May 27.47 UT               4   0.01 20.7  0.701
C1F44U5 100 2026 05 27.3  16.1353 +42.4281 21.7 Updated May 27.45 UT             8   0.11 25.0  0.599
CEP5YT2 100 2026 05 27.2  14.2405 +38.2200 21.8 Updated May 27.32 UT             7   0.05 21.5  0.737
A11CWPw 100 2026 05 26.6  22.7522 -11.7853 18.3 Added May 26.81 UT               4   0.02 28.7  1.459
P12nfxy 100 2026 05 26.6  17.4238  +3.4000 20.8 Updated May 27.30 UT             9   0.90 24.5  0.745
C1F4195 100 2026 05 26.4  16.1382  +9.8553 22.5 Updated May 26.45 UT             7   0.07 27.6  1.586
P12nfxd 100 2026 05 25.6  17.8042 +17.0548 21.9 Updated May 26.45 UT            14   2.00 22.6  1.600
C1F32J5 100 2026 05 25.4  17.1844 +16.6353 22.0 Updated May 27.70 UT            11   1.88 23.6  0.701
C1F3245  48 2026 05 25.4  16.9791 +10.4639 22.6 Updated May 26.78 UT            11   1.00 20.2  1.589
SJA1250 100 2026 05 24.9  16.7695 +60.7529 20.2 Updated May 27.36 UT             3   0.03 17.1  3.068
C1F2HL5 100 2026 05 25.4  16.5929 -12.0201 22.4 Updated May 27.35 UT             8   0.07 26.0  2.611
C1F1TD5 100 2026 05 25.3  15.8418  +4.4989 24.8 Updated May 26.35 UT             4   0.02 33.6  2.710
C03UYWZ  98 2026 05 23.4  16.7240 +15.0946 22.2 Updated May 27.70 UT            13   5.98 23.1  1.612
P12nfw2  95 2026 05 24.6  21.1522  -3.0559 21.7 Updated May 27.69 UT            14   3.01 20.3  0.433
NAOCLYL  85 2026 05 23.8  15.9079 -17.8952 21.8 Updated May 26.35 UT             4   0.10 21.7  4.182
A11CQzo 100 2026 05 24.4  22.1905 -16.4474 21.7 Updated May 26.35 UT             5   0.05 29.8  3.604
oKr0080 100 2026 05 23.9  23.4943 +18.6015 20.4 Updated May 27.35 UT             3   0.00 18.0  4.149
C1F1535  97 2026 05 24.4  16.7580  +6.9797 22.3 Updated May 26.35 UT            11   0.87 23.3  2.753
6EN3D21 100 2026 05 24.2  16.1682 -80.4525 18.7 Updated May 27.35 UT             3   0.01 20.4  3.803
C1EYPU5 100 2026 05 23.4  15.8918  +3.5650 22.8 Updated May 26.35 UT            11   1.87 24.1  2.790
NAOCBPP  99 2026 05 20.7  14.9277 -21.9036 22.3 Updated May 27.35 UT             4   0.13 22.3  7.188
ST26EC8  98 2026 05 20.4  22.1999 -30.9797 24.0 Updated May 27.35 UT             6   0.14 28.6  7.602
P12nfaz  43 2026 05 20.3  13.2057 -27.1851 22.0 Updated May 26.35 UT            12   2.87 18.3  4.846
NAOCAN7 100 2026 05 17.7  15.2901 -21.9578 21.0 Updated May 26.35 UT             4   0.10 19.7 10.186
KPMa1Ih  87 2026 05 18.1  11.1306 -29.0622 23.5 Updated May 26.35 UT             5   0.01 20.9  9.936
CEMVK32  51 2026 05 17.4  16.3293  +7.3528 21.8 Updated May 27.66 UT            59  13.11 20.1  2.497
