C469P61 100 2026 05 12.4  15.5441  -7.6630 18.6 Added May 12.39 UT               3   0.01 27.7  0.021
A11CdJC  86 2026 05 12.3  18.0306 -31.3706 18.4 Added May 12.37 UT               4   0.02 13.3  0.121
CEM1YU2 100 2026 05 12.3  15.2240 +13.5707 20.6 Updated May 12.38 UT             8   0.06 27.9  0.017
CEM20F2 100 2026 05 12.3  14.8123 +17.8318 21.9 Updated May 12.38 UT             8   0.05 27.0  0.024
ST26E46 100 2026 05 12.3  16.5931 -18.0929 18.8 Updated May 12.39 UT       S     7   0.07 32.8  0.013
CEM1XD2  67 2026 05 12.3  14.5516 +17.8014 21.9 Added May 12.33 UT               3   0.02 16.1  0.081
CEM1TL2 100 2026 05 12.3  14.0399 +13.7795 21.8 Updated May 12.36 UT             8   0.05 21.2  0.049
ST26E41  98 2026 05 12.3  15.1696 -16.9784 19.5 Updated May 12.40 UT            12   0.11 28.7  0.007
CEM1R02 100 2026 05 12.3  13.6726 +16.8879 21.6 Updated May 12.34 UT             8   0.06 21.2  0.058
ST26E39 100 2026 05 12.2  13.1047 -18.4925 19.4 Updated May 12.26 UT            10   0.07 23.5  0.136
6EB3121 100 2026 05 12.0  10.2886  -8.3155 20.0 Updated May 12.18 UT             9   0.19 23.7  0.235
SO0005e 100 2026 05 11.7  20.9889 -26.2989 19.8 Added May 12.10 UT               3   0.00 28.8  0.688
SO0005d 100 2026 05 11.7  17.5646 -31.5693 18.7 Added May 12.10 UT               4   0.00 27.8  0.687
SO0005c 100 2026 05 11.7  19.0474 -35.8494 19.5 Added May 12.05 UT               3   0.00 28.5  0.741
SO0005b 100 2026 05 11.6  21.6378 -20.8609 18.5 Added May 12.04 UT               3   0.00 26.6  0.752
C469HY1  91 2026 05 11.4  17.9713 +23.3387 18.6 Updated May 12.32 UT            40   0.92 25.7  0.082
CELXZH2 100 2026 05 11.3  14.7946 +24.0642 22.7 Added May 11.37 UT               3   0.01 22.0  1.051
CELXRN2  89 2026 05 11.3  13.1197 +26.9875 21.1 Updated May 12.27 UT            32   0.90 22.3  0.223
TF26E51 100 2026 05 11.3  15.3435  +8.7537 20.7 Updated May 12.32 UT             2   0.00 26.6  1.125
ST26E34 100 2026 05 10.5  14.8827 +17.4713 22.7 Updated May 12.32 UT             2   0.00 28.1  1.938
6E94521  86 2026 05 10.4  19.4406 -58.5600 19.5 Updated May 12.37 UT            22   1.81 19.1  0.225
XA9ttXA  77 2026 05 08.8  15.1070  +1.8718 22.5 Updated May 12.19 UT            16   3.41 21.8  0.231
ST26E18 100 2026 05 09.4  15.4903 -14.4299 23.0 Updated May 11.31 UT             4   0.00 30.1  3.033
CELRZD2 100 2026 05 09.2  12.4808 +36.1878 22.2 Updated May 12.32 UT             8   0.10 22.7  3.051
TF26E23 100 2026 05 09.2  12.9360  -3.6645 17.8 Updated May 12.39 UT             2   0.00 19.6  3.182
ZTF10Dl 100 2026 05 08.3  18.8868 -15.5289 21.3 Updated May 12.32 UT             4   0.03 26.9  4.031
ST26E14 100 2026 05 08.4  13.3494  -3.2072 18.2 Updated May 12.32 UT             2   0.00 19.8  3.974
P22n0vC  24 2026 05 08.3  14.7880  +9.6859 22.3 Updated May 12.21 UT            28   3.86 19.9  0.200
P22n0fQ  97 2026 05 07.4  15.0792 +10.0427 22.7 Updated May 11.31 UT             3   0.04 24.4  4.992
ZTF10Di 100 2026 05 07.4  22.2083 -10.6281 23.2 Updated May 11.31 UT             4   0.02 27.4  5.007
S001563  73 2026 05 07.0  12.9941 -26.9710 21.6 Updated May 12.31 UT             3   0.03 18.9  5.322
P22mZLU  73 2026 05 06.3  11.8256 -15.8301 21.0 Updated May 11.60 UT            17   4.96 20.7  1.166
A11BRI6  35 2026 05 03.0  11.0416 -39.2368 19.0 Updated May 12.26 UT            64   9.09 19.9  0.293
C1EUYV5  35 2026 04 27.5  17.3045 +18.6377 21.7 Updated May 12.32 UT            30  13.80 12.6  1.130
