A11D0Xd 100 2026 05 30.0  19.6014 -42.8492 18.2 Added May 30.31 UT               4   0.01 22.7  1.149
NAOCYLA 100 2026 05 27.7  16.1900 -20.3106 20.8 Updated May 30.38 UT             4   0.13 22.3  3.323
C07PYDZ 100 2026 05 27.2  14.3125 +48.0138 21.6 Updated May 30.37 UT             4   0.02 20.0  3.989
A11CWPw 100 2026 05 26.6   6.7134 +29.0874 25.2 Updated May 30.37 UT             4   0.02 28.9  4.614
C1F4195 100 2026 05 26.4  16.1778 +12.7266 23.2 Updated May 30.38 UT             7   0.07 27.5  4.741
P12nfxd 100 2026 05 25.6  17.7515 +18.2036 22.0 Updated May 30.38 UT            14   2.00 22.6  4.756
C1F3245  48 2026 05 25.4  16.9084 +10.1180 22.6 Updated May 30.37 UT            11   1.00 20.3  4.745
C1F2HL5 100 2026 05 25.4  16.9586 -12.7484 22.6 Updated May 30.38 UT             8   0.07 26.3  5.767
P12nfw2  83 2026 05 24.6  21.3342  -1.7208 21.6 Updated May 30.47 UT            17   5.87 20.4  0.730
NAOCLYL  85 2026 05 23.8  15.9216 -14.9904 22.1 Updated May 30.38 UT             4   0.10 21.5  7.338
A11CQzo 100 2026 05 24.4  22.6090 -15.3200 23.2 Updated May 30.38 UT             5   0.05 29.8  6.759
oKr0080 100 2026 05 23.9  23.5001 +18.6971 20.1 Updated May 30.38 UT             3   0.00 16.1  7.304
6EN3D21 100 2026 05 24.2  15.7797 -81.0688 19.3 Updated May 30.38 UT             3   0.01 18.7  6.959
C1EYPU5 100 2026 05 23.4  15.9471  +3.8973 23.0 Updated May 30.38 UT            13   5.92 24.0  1.894
NAOCBPP  99 2026 05 20.7  14.9716 -23.4041 22.7 Updated May 30.37 UT             4   0.13 22.5 10.344
P12nfaz  43 2026 05 20.3  13.1910 -26.5997 22.1 Updated May 29.78 UT            12   2.87 18.4  8.002
