CELY6P2 100 2026 05 11.4  17.0144 +18.1193 21.0 Updated May 11.47 UT             8   0.05 23.0  0.348
ST26E38 100 2026 05 11.3  17.3192  +7.0680 20.0 Updated May 11.66 UT             6   0.14 25.7  0.361
C469HY1 100 2026 05 11.4  17.1338  +6.3854 18.5 Updated May 11.64 UT            13   0.06 26.0  0.359
6EA3I21  62 2026 05 11.3  19.4303  -5.2981 17.0 Added May 11.37 UT               3   0.01 13.0  0.483
CELXZH2 100 2026 05 11.3  14.8064 +24.0012 22.7 Added May 11.37 UT               3   0.01 22.0  0.468
CELXRN2  98 2026 05 11.3  13.1598 +26.6358 20.9 Updated May 11.39 UT             7   0.11 18.4  0.433
TF26E51 100 2026 05 11.3  15.2930  +8.7475 19.2 Added May 11.28 UT               2   0.00 23.3  0.542
ST26E34 100 2026 05 10.5  14.7147 +23.8681 21.2 Added May 10.70 UT               2   0.00 26.4  1.355
6E94521 100 2026 05 10.4  19.3937 -57.1916 19.4 Updated May 11.30 UT            13   0.92 19.0  0.538
CELUGK2  93 2026 05 10.3  14.8119 +27.7404 21.5 Updated May 11.19 UT            21   0.85 24.4  0.630
ZTF10Do  98 2026 05 10.2  13.8448  +9.1530 18.2 Updated May 11.58 UT            11   1.27 27.1  0.311
CELU1Q2  98 2026 05 10.2  11.5862 +31.2836 21.4 Updated May 11.21 UT            13   0.99 26.1  0.622
ST26E24  98 2026 05 10.2   3.2692 -16.9705 25.6 Updated May 10.52 UT            13   0.29 29.1  1.340
ZTF10Dn 100 2026 05 09.3  16.8472 -12.8943 20.3 Updated May 11.31 UT             4   0.04 26.9  2.480
XA9ttXA  97 2026 05 08.8  15.1191  +1.8457 22.6 Updated May 11.23 UT            13   2.46 21.8  0.598
ST26E18 100 2026 05 09.4  15.4712 -14.2304 22.6 Updated May 11.31 UT             4   0.00 30.1  2.450
CELT0C2  79 2026 05 09.2  12.6608 +44.6872 20.9 Updated May 11.05 UT            26   1.80 22.8  0.766
CELRZD2 100 2026 05 09.2  12.5152 +35.8491 22.1 Updated May 11.31 UT             8   0.10 22.6  2.468
TF26E23 100 2026 05 09.2  12.9783  -3.9418 17.6 Updated May 11.81 UT             2   0.00 19.6  2.599
ZTF10Dl 100 2026 05 08.3  18.8051 -15.5290 21.1 Updated May 10.31 UT             4   0.03 27.0  3.447
ST26E14 100 2026 05 08.4  13.3589  -3.3017 17.9 Updated May 10.31 UT             2   0.00 21.3  3.391
P22n0vC  24 2026 05 08.3  14.8024  +9.7738 22.4 Updated May 11.21 UT            25   2.87 19.9  0.611
CELLEH2  86 2026 05 08.3  15.8703 -16.5480 23.5 Updated May 11.31 UT            13   1.86 32.7  1.659
P22n0fQ  97 2026 05 07.4  15.0827  +9.9986 22.6 Updated May 11.31 UT             3   0.04 24.4  4.408
ZTF10Di 100 2026 05 07.4  22.1284 -10.8808 22.9 Updated May 11.31 UT             4   0.02 27.4  4.423
S001563  73 2026 05 07.0  12.9949 -26.9444 21.5 Updated May 11.31 UT             3   0.03 17.9  4.739
P22mZLU  68 2026 05 06.3  11.8026 -16.3043 21.0 Updated May 11.60 UT            17   4.96 20.7  0.583
A11BRI6  51 2026 05 03.0  10.9261 -39.5467 18.8 Updated May 11.39 UT            55   7.13 19.8  1.673
C1EUYV5  35 2026 04 27.5  17.3123 +18.6051 21.7 Updated May 11.29 UT            30  13.80 12.6  0.547
