C1F0L35  96 2026 05 24.3  15.0767  +2.5219 22.5 Added May 24.37 UT               4   0.02 16.1  0.051
ST26EG3 100 2026 05 24.3  17.3603  -1.1859 19.7 Updated May 24.39 UT             9   0.05 27.4  0.019
C1F0EU5  82 2026 05 24.3  15.4522 -10.0939 22.0 Updated May 24.39 UT             8   0.07 14.8  0.019
C1F0295 100 2026 05 24.3  15.3533  -7.4940 22.1 Updated May 24.40 UT             8   0.08 23.2  0.012
CEP1CX2 100 2026 05 24.3  15.0505  +2.6350 20.9 Updated May 24.37 UT            12   0.08 24.6  0.043
6EN3D21 100 2026 05 24.2  16.7239 -78.7945 19.1 Added May 24.29 UT               3   0.01 19.2  0.174
CEP0PP2  98 2026 05 24.2  14.7590  -5.6597 20.7 Updated May 24.40 UT            15   0.16 28.5  0.008
ST26EF6  98 2026 05 24.2  13.6290  -2.6652 19.3 Updated May 24.33 UT            19   0.13 26.1  0.078
C1EYRR5 100 2026 05 23.4  15.8701  +2.2219 22.4 Updated May 24.37 UT            13   0.56 25.0  0.467
C1EYQL5 100 2026 05 23.4  15.8599  +1.1190 22.0 Updated May 24.28 UT            10   0.89 24.4  0.146
C1EYPU5 100 2026 05 23.4  15.8296  +3.0308 22.8 Updated May 24.37 UT             9   0.64 24.0  0.391
C1EYPT5  89 2026 05 23.4  15.8225  +1.8566 21.7 Updated May 24.24 UT            18   0.86 24.2  0.169
C1EYD55  64 2026 05 23.3  15.8022 -13.0801 22.1 Updated May 24.30 UT            12   0.95 20.1  0.130
C1EXH55  93 2026 05 23.3  14.0040  +5.6255 22.4 Updated May 24.21 UT            20   0.91 23.7  0.217
6EM3521  79 2026 05 23.1  13.1614 -11.6472 20.2 Updated May 24.29 UT            29   1.14 22.4  0.215
NAOCBPP 100 2026 05 20.7  14.8722 -19.6095 22.3 Updated May 24.34 UT             4   0.13 22.4  3.559
CZYNHKZ 100 2026 05 14.4  16.3585  +2.2323 21.8 Updated May 23.35 UT             4   0.02 22.7 10.023
C46CD31 100 2026 05 21.4   1.2614  -3.3862 26.3 Updated May 23.35 UT             7   0.05 28.6  2.967
ST26ED1  98 2026 05 21.2   1.6010 -15.0217 26.9 Updated May 23.35 UT            20   0.16 30.2  3.025
TF26EE0 100 2026 05 20.5  16.3658  +8.8237 24.1 Updated May 24.34 UT             4   0.02 28.8  3.926
ST26EC8  98 2026 05 20.4  21.0523 -30.2519 22.2 Updated May 23.35 UT             6   0.14 28.6  3.972
ST26EC7  98 2026 05 20.4   2.4430  -8.4099 29.6 Updated May 23.35 UT             6   0.11 30.3  3.978
ST26EC5 100 2026 05 20.3  15.4100 -17.5941 20.3 Updated May 24.34 UT             4   0.03 24.8  4.071
P12nffX  10 2026 05 20.5  16.3337 -21.0447 21.6 Updated May 24.38 UT            18   9.84 19.3  0.114
P12nfaz  43 2026 05 20.3  13.2292 -27.8680 21.9 Updated May 24.34 UT            12   2.87 18.3  1.217
NAOCAN7 100 2026 05 17.7  15.2800 -21.8624 20.9 Updated May 24.34 UT             4   0.10 19.9  6.557
KPMa1Ih  87 2026 05 18.1  11.1238 -27.4677 23.4 Updated May 24.34 UT             5   0.01 20.8  6.306
CEMVK32  55 2026 05 17.4  16.5806  +9.0719 21.7 Updated May 23.35 UT            47   9.02 20.1  2.951
P12neKs  35 2026 05 14.6  18.0678 +57.1467 19.9 Updated May 24.37 UT           161   9.46 15.1  0.377
