CEP5YT2 100 2026 05 27.2  14.3281 +38.0987 21.3 Updated May 28.19 UT            11   0.93 25.0  0.609
A11CWPw 100 2026 05 26.6   1.5547 +10.9393 20.7 Updated May 28.36 UT             4   0.02 28.8  2.209
C1F4195 100 2026 05 26.4  16.1505 +10.7071 22.8 Updated May 28.36 UT             7   0.07 27.7  2.336
P12nfxd 100 2026 05 25.6  17.7918 +17.3524 21.9 Updated May 28.36 UT            14   2.00 22.6  2.350
C1F32J5 100 2026 05 25.4  17.1753 +18.1216 22.1 Updated May 27.70 UT            11   1.88 23.6  1.451
C1F3245  48 2026 05 25.4  16.9625 +10.3891 22.6 Updated May 28.36 UT            11   1.00 20.3  2.339
SJA1250 100 2026 05 24.9  16.7238 +60.4330 20.2 Updated May 27.36 UT             3   0.03 17.1  3.818
C1F2HL5 100 2026 05 25.4  16.6910 -12.2219 22.4 Updated May 28.36 UT             8   0.07 25.5  3.361
C1F1TD5 100 2026 05 25.3  15.8310  +4.5286 25.6 Updated May 28.36 UT             4   0.02 33.9  3.460
C03UYWZ  98 2026 05 23.4  16.7152 +16.4259 22.2 Updated May 27.70 UT            13   5.98 23.1  2.362
P12nfw2 100 2026 05 24.6  21.1951  -2.7426 21.6 Updated May 27.69 UT            14   3.01 20.3  1.183
NAOCLYL  85 2026 05 23.8  15.9111 -17.2166 21.9 Updated May 28.36 UT             4   0.10 21.5  4.932
A11CQzo 100 2026 05 24.4  22.3369 -16.0854 22.1 Updated May 28.36 UT             5   0.05 29.8  4.354
oKr0080 100 2026 05 23.9  23.4963 +18.6180 20.4 Updated May 28.36 UT             3   0.00 17.8  4.899
C1F1535  97 2026 05 24.4  16.7579  +7.1905 22.3 Updated May 28.36 UT            11   0.87 23.3  3.503
6EN3D21 100 2026 05 24.2  16.0734 -80.5915 18.9 Updated May 28.36 UT             3   0.01 18.8  4.553
C1EYPU5 100 2026 05 23.4  15.9049  +3.6549 22.9 Updated May 28.37 UT            11   1.87 24.1  3.540
NAOCBPP  99 2026 05 20.7  14.9391 -22.3450 22.4 Updated May 28.36 UT             4   0.13 22.4  7.938
ST26EC8  98 2026 05 20.4  22.3023 -30.9272 24.2 Updated May 28.36 UT             6   0.14 28.6  8.352
P12nfaz  43 2026 05 20.3  13.2017 -27.0452 22.1 Updated May 28.36 UT            12   2.87 18.4  5.596
NAOCAN7 100 2026 05 17.7  15.2913 -21.9729 21.3 Updated May 28.37 UT             4   0.10 20.1 10.936
KPMa1Ih  87 2026 05 18.1  11.1330 -29.2928 23.6 Updated May 28.36 UT             5   0.01 20.8 10.686
CEMVK32  51 2026 05 17.4  16.2809  +7.0043 21.8 Updated May 27.66 UT            59  13.11 20.1  3.247
