KPMa1Ih  82 2026 05 18.1  11.1354 -24.9663 23.2 Added May 18.68 UT               5   0.01 21.2  0.887
A11CDyX  95 2026 05 18.0  10.8144 -33.0429 19.6 Updated May 18.91 UT             6   0.84 18.4  0.105
P22nf7G 100 2026 05 17.6  16.2196 +35.3465 22.1 Added May 17.77 UT               4   0.04 22.8  1.384
P22nf3F  32 2026 05 17.5  17.5989 +37.1031 21.4 Updated May 18.35 UT            12   0.81 19.0  0.688
CEMVK32 100 2026 05 17.4  17.0086 +11.6763 21.7 Updated May 18.33 UT            30   5.77 20.2  0.783
A11Cvk7 100 2026 05 16.9  13.5271 -72.0807 19.6 Updated May 18.37 UT             4   0.03 22.7  2.060
CEMRK82  84 2026 05 16.5  21.5858 -10.2009 21.5 Updated May 18.37 UT             3   0.01 17.3  2.525
A11Cswo 100 2026 05 16.0  17.1583 -23.2211 18.5 Updated May 18.37 UT             4   0.02 20.9  2.987
ST26E84  98 2026 05 15.4  15.4993 +10.6727 20.8 Updated May 18.37 UT             6   0.47 26.4  3.100
ST26E75  98 2026 05 15.2   2.5141 -22.4700 26.8 Updated May 18.37 UT             7   0.09 28.6  3.669
P12neKs  35 2026 05 14.6  18.2430 +57.7219 20.2 Updated May 18.80 UT            60   3.67 15.3  0.750
CEMAUH2 100 2026 05 14.4  15.9695 -13.5011 21.2 Updated May 18.39 UT             6   0.07 23.9  4.546
C1EUYV5  35 2026 04 27.5  17.2133 +18.9713 21.9 Updated May 16.81 UT            36 300.17 12.8  2.527
