6EK3F21  10 2026 05 21.3  17.2250 -23.5799 16.5 Added May 21.31 UT               3   0.01 16.7  0.052
ST26ED4 100 2026 05 21.3  16.1956  +5.1404 19.0 Updated May 21.30 UT             4   0.01 25.4  0.030
ST26ED1 100 2026 05 21.2  15.0623  +8.8003 19.2 Updated May 21.31 UT            10   0.07 29.6  0.022
TF26EE0 100 2026 05 20.5  16.4924  +8.6420 21.4 Updated May 20.74 UT             4   0.02 28.7  0.841
TF26ED8 100 2026 05 20.5  16.6996  +0.2863 18.3 Added May 20.66 UT               2   0.00 24.3  0.861
ST26EC8 100 2026 05 20.4  17.0121  -9.3498 18.5 Updated May 20.66 UT             4   0.02 27.1  0.888
ST26EC7 100 2026 05 20.4   2.0017  -8.0921 25.2 Updated May 20.60 UT             4   0.01 29.5  0.894
ST26EC5 100 2026 05 20.3  16.7354  -8.3546 19.0 Updated May 20.59 UT             4   0.03 24.6  0.986
P12nfgD  86 2026 05 20.4  15.9856  -7.3136 21.6 Updated May 20.69 UT             6   0.14 20.1  0.749
P12nffX  10 2026 05 20.5  16.3893 -20.7523 21.7 Updated May 20.69 UT             5   0.08 14.9  0.752
P12nfdO  94 2026 05 20.5  16.2627 -23.1908 22.0 Updated May 20.69 UT             5   0.09 28.9  0.753
P12nffV  69 2026 05 20.5  16.5056 -19.2363 20.6 Updated May 20.70 UT             6   0.09 18.0  0.751
P12nfdQ  86 2026 05 20.4  15.2910 -13.7472 19.1 Updated May 21.31 UT            16   0.86 28.0  0.023
P22nfcS  83 2026 05 20.4  16.9136  +2.0790 20.6 Updated May 21.23 UT             9   0.47 20.5  0.435
P12nfck  98 2026 05 20.4  14.5037 -21.8987 19.0 Updated May 20.69 UT             6   0.11 26.1  0.834
P12nfaz  80 2026 05 20.3  13.2541 -28.4509 21.9 Updated May 20.70 UT             5   0.13 14.5  0.871
P22nfat  74 2026 05 20.4  16.2003 +21.4040 21.8 Updated May 20.69 UT             5   0.22 14.4  0.743
A11CGDH 100 2026 05 19.2  16.4855 -71.1652 18.7 Updated May 21.04 UT            13   1.72 21.9  0.384
A11CGDI  84 2026 05 19.2  17.3125 -43.7468 18.7 Updated May 21.20 UT            27   1.72 21.4  0.412
NAOCAN7 100 2026 05 17.7  15.2756 -21.7736 20.7 Updated May 20.34 UT             4   0.10 20.1  3.472
KPMa1Ih  87 2026 05 18.1  11.1270 -26.0823 23.2 Updated May 20.34 UT             5   0.01 20.8  3.222
CEMVK32  55 2026 05 17.4  16.8168 +10.5563 21.6 Updated May 20.52 UT            41   7.48 20.1  1.411
ST26E75  98 2026 05 15.2   2.5370 -20.2952 28.0 Updated May 20.34 UT             7   0.09 28.6  6.004
P12neKs  35 2026 05 14.6  18.1693 +57.5044 20.0 Updated May 21.30 UT           115   6.48 15.2  0.274
