TF26EA7 100 2026 05 15.5  16.2863  +3.1633 19.7 Added May 15.47 UT               2   0.00 22.3  0.022
ST26E86 100 2026 05 15.4  15.2795 +15.7482 18.7 Updated May 15.47 UT             4   0.02 33.2  0.029
TF26EA5 100 2026 05 15.4  15.4496  -9.6717 19.3 Added May 15.46 UT               2   0.00 27.4  0.034
ZTF10Du 100 2026 05 15.3  14.2151 -18.8803 16.6 Added May 15.45 UT               4   0.03 26.1  0.188
ST26E84 100 2026 05 15.4  14.6620 +10.6805 19.9 Updated May 15.45 UT             4   0.03 24.4  0.041
TF26E97 100 2026 05 15.3  15.4421  -9.5698 19.4 Added May 15.39 UT               2   0.00 27.4  0.147
ST26E76  98 2026 05 15.2  14.7292  +5.4350 20.1 Updated May 15.44 UT             6   0.20 30.7  0.048
ST26E75 100 2026 05 15.2  14.7154  -0.9897 18.8 Updated May 15.38 UT             4   0.01 25.6  0.250
6EE3C21 100 2026 05 15.2  15.5282 -23.3103 18.9 Updated May 15.44 UT            11   0.22 25.9  0.073
A11Cr0m 100 2026 05 15.0  15.9930 -52.5629 18.0 Updated May 15.37 UT            14   0.31 20.0  0.192
P12neKJ 100 2026 05 14.3  13.0196 -23.4486 20.9 Updated May 15.22 UT            10   0.88 20.3  0.271
P12neKs  97 2026 05 14.6  18.3478 +57.9685 20.4 Updated May 15.26 UT            10   0.48 15.2  0.432
P12nc1d 100 2026 05 14.5  16.9115  -5.1904 21.4 Updated May 15.33 UT            12   0.83 19.2  0.168
P12nc1c  96 2026 05 14.5  16.7969  -6.5823 21.8 Updated May 15.38 UT            21   0.90 20.1  0.105
RFD0300 100 2026 05 13.0  23.8887 -33.5793 24.8 Added May 14.52 UT               2   0.00 29.5  2.456
CEMAUH2 100 2026 05 14.4  16.4087  +0.6166 21.3 Updated May 14.46 UT             6   0.07 24.0  1.043
CEMAY32  91 2026 05 14.4  16.5678  +2.3390 20.3 Updated May 15.40 UT            35   1.00 23.8  0.096
ST26E61 100 2026 05 14.3  16.4182  +0.4109 21.6 Updated May 14.37 UT             6   0.05 28.7  1.120
ST26E57  98 2026 05 14.3  16.1037  -9.0430 19.2 Updated May 15.43 UT            12   1.14 28.0  0.069
CEM7YT2  79 2026 05 14.3  13.2343  -0.7588 20.0 Updated May 15.39 UT            36  16.91 22.0  0.238
ST26E52  76 2026 05 14.2  13.5522 +19.0195 20.3 Updated May 15.38 UT            28   1.01 26.1  0.229
MZ26075 100 2026 05 13.8  17.0169  +3.9395 19.9 Updated May 15.33 UT             3   0.01 25.5  1.663
A11CmCW 100 2026 05 13.3   5.5769 -74.4108 19.6 Updated May 15.33 UT             4   0.02 25.5  2.111
A11CmCS 100 2026 05 13.3  16.7974 -35.6722 19.6 Updated May 15.33 UT             4   0.04 25.5  2.170
OCA1642  84 2026 05 13.1  13.7473 -31.2368 19.4 Updated May 15.33 UT             3   0.02 13.1  2.358
A11Cmv6  84 2026 05 13.0   8.4499 -50.0832 19.0 Updated May 15.23 UT            19   2.04 19.1  0.395
CEM26R2  18 2026 05 12.4  16.5784 +15.3978 20.6 Updated May 15.33 UT            21   2.69 17.0  1.246
CEM1XD2  11 2026 05 12.3  14.4864 +17.3802 22.2 Updated May 15.17 UT            22   7.84 19.2  0.325
SO0005e 100 2026 05 11.7   0.1419  +5.9961 26.9 Updated May 14.35 UT             3   0.00 28.9  3.774
SO0005d 100 2026 05 11.7  19.1192 -24.5681 22.1 Updated May 14.34 UT             4   0.00 28.2  3.773
SO0005c 100 2026 05 11.7  22.6794 -29.5998 23.9 Updated May 14.34 UT             3   0.00 28.6  3.827
SO0005b 100 2026 05 11.6  22.9635  -8.3227 22.7 Updated May 14.34 UT             3   0.00 26.6  3.838
CELXZH2 100 2026 05 11.3  14.7373 +24.3920 22.2 Updated May 14.35 UT             3   0.01 25.0  4.137
6E94521  10 2026 05 10.4  19.7557 -65.7743 19.5 Updated May 15.42 UT            53   5.03 19.0  0.089
S001563  73 2026 05 07.0  12.9805 -27.1224 21.6 Updated May 14.34 UT             3   0.03 17.5  8.408
C1EUYV5  35 2026 04 27.5  17.2623 +18.8023 21.9 Updated May 14.43 UT            36 297.21 12.8  1.987
