ZTF10Du 100 2026 05 15.3  15.3273 -28.4482 17.1 Added May 15.45 UT               4   0.03 26.1  0.771
ST26E84 100 2026 05 15.4  14.8622 +10.7303 20.0 Updated May 15.45 UT             4   0.03 24.4  0.625
ST26E76  98 2026 05 15.2  14.4462  +7.2820 21.3 Updated May 15.92 UT            11   0.67 30.6  0.156
ST26E75 100 2026 05 15.2  14.7744 -11.5579 18.3 Updated May 15.38 UT             4   0.01 25.6  0.833
6EE3C21 100 2026 05 15.2  15.6934 -21.2476 19.1 Updated May 15.97 UT            14   0.76 25.9  0.112
A11Cr0m 100 2026 05 15.0  16.0297 -51.4515 17.9 Updated May 15.37 UT            14   0.31 20.0  0.775
P12neKJ 100 2026 05 14.3  13.0123 -23.3999 20.9 Updated May 15.88 UT            13   1.51 20.1  0.224
P12neKs  57 2026 05 14.6  18.3309 +57.9339 20.2 Updated May 16.03 UT            16   1.43 15.5  0.066
P12nc1c  96 2026 05 14.5  16.7815  -6.4086 21.7 Updated May 15.38 UT            21   0.90 20.1  0.689
RFD0300 100 2026 05 13.0   0.1128 -31.6752 25.4 Added May 14.52 UT               2   0.00 29.5  3.039
CEMAUH2 100 2026 05 14.4  16.3293  -1.9949 21.3 Updated May 14.46 UT             6   0.07 24.0  1.627
ST26E61 100 2026 05 14.3  16.5291  +0.5533 22.3 Updated May 14.37 UT             6   0.05 28.7  1.703
ST26E57  98 2026 05 14.3  16.7810 -12.5976 19.5 Updated May 15.95 UT            15   1.67 28.0  0.125
MZ26075 100 2026 05 13.8  17.2326  +8.1837 20.2 Updated May 15.33 UT             3   0.01 25.5  2.247
A11CmCW 100 2026 05 13.3   5.8833 -73.0770 20.0 Updated May 15.33 UT             4   0.02 25.5  2.695
A11CmCS 100 2026 05 13.3  16.9272 -34.2191 19.8 Updated May 15.33 UT             4   0.04 25.5  2.753
OCA1642  84 2026 05 13.1  13.7379 -31.2699 19.4 Updated May 15.33 UT             3   0.02 13.1  2.941
CEM26R2  18 2026 05 12.4  16.5675 +15.3629 20.6 Updated May 15.33 UT            21   2.69 17.0  1.830
CEM1XD2  11 2026 05 12.3  14.4744 +17.2933 22.2 Updated May 15.17 UT            22   7.84 19.2  0.909
SO0005e 100 2026 05 11.7   0.1765  +6.3841 27.3 Updated May 14.35 UT             3   0.00 28.9  4.358
SO0005d 100 2026 05 11.7  19.1798 -24.1847 22.4 Updated May 14.34 UT             4   0.00 28.2  4.356
SO0005c 100 2026 05 11.7  22.7911 -28.9766 24.2 Updated May 14.34 UT             3   0.00 28.6  4.410
SO0005b 100 2026 05 11.6  23.0079  -7.8577 23.0 Updated May 14.34 UT             3   0.00 26.6  4.421
CELXZH2 100 2026 05 11.3  14.7237 +24.4381 22.2 Updated May 14.35 UT             3   0.01 25.0  4.721
S001563  73 2026 05 07.0  12.9787 -27.1492 21.6 Updated May 14.34 UT             3   0.03 17.5  8.992
C1EUYV5  35 2026 04 27.5  17.2542 +18.8318 21.9 Updated May 15.51 UT            36 299.14 12.8  0.638
