TF26EF3 100 2026 05 21.5  15.4668 +13.0830 18.0 Added May 21.59 UT               2   0.00 19.6  0.224
TF26EF2 100 2026 05 21.5  15.4654 +13.0717 18.2 Updated May 21.59 UT             2   0.00 22.4  0.228
P22nfmx 100 2026 05 21.3  14.3203  +1.4378 20.9 Updated May 21.65 UT             6   0.16 24.5  0.344
C46CD31 100 2026 05 21.4  17.2891  -2.4971 18.5 Updated May 21.45 UT             5   0.05 28.5  0.257
ST26ED8 100 2026 05 21.3  17.9697  +9.2417 20.0 Updated May 21.66 UT            15   0.14 25.8  0.229
ST26ED4  98 2026 05 21.3  15.6341 +14.9052 19.4 Updated May 21.58 UT            10   0.16 27.5  0.257
ST26ED1  98 2026 05 21.2  16.5267  +1.0739 17.5 Updated May 21.40 UT            17   0.14 29.9  0.330
TF26EE0 100 2026 05 20.5  16.4509  +8.7167 22.0 Updated May 20.74 UT             4   0.02 28.7  1.216
TF26ED8 100 2026 05 20.5  16.8797  -1.0967 18.3 Added May 20.66 UT               2   0.00 24.3  1.236
ST26EC8 100 2026 05 20.4  17.8201 -15.8533 18.7 Updated May 20.66 UT             4   0.02 27.1  1.263
ST26EC7 100 2026 05 20.4   2.2538  -8.3217 26.6 Updated May 20.60 UT             4   0.01 29.5  1.269
ST26EC5 100 2026 05 20.3  16.4402 -10.5840 19.0 Updated May 20.59 UT             4   0.03 24.6  1.361
P12nfgD  46 2026 05 20.4  15.9752  -7.3865 22.0 Updated May 21.44 UT            12   0.98 20.3  0.286
P12nffX  10 2026 05 20.5  16.3830 -20.7883 21.7 Updated May 21.37 UT             9   0.87 18.6  0.330
P12nfdO  94 2026 05 20.5  16.2635 -23.3763 22.3 Updated May 21.50 UT             8   0.91 29.1  0.304
P12nffV  39 2026 05 20.5  16.5043 -19.0770 20.6 Updated May 21.40 UT            10   0.91 20.2  0.301
P12nfaz  50 2026 05 20.3  13.2513 -28.3801 22.0 Updated May 21.47 UT             8   1.05 18.5  0.330
P22nfat  32 2026 05 20.4  16.1945 +21.4433 21.9 Updated May 21.62 UT            18   8.87 19.5  0.269
A11CGDI  84 2026 05 19.2  17.3607 -43.2176 18.7 Updated May 21.20 UT            27   1.72 21.4  0.787
NAOCAN7 100 2026 05 17.7  15.2761 -21.7886 20.7 Updated May 21.35 UT             4   0.10 19.6  3.847
KPMa1Ih  87 2026 05 18.1  11.1261 -26.2559 23.3 Updated May 21.35 UT             5   0.01 20.8  3.597
CEMVK32  35 2026 05 17.4  16.7870 +10.3757 21.6 Updated May 21.47 UT            47   9.02 20.1  0.241
ST26E75  98 2026 05 15.2   2.5395 -20.0901 28.1 Updated May 21.35 UT             7   0.09 28.5  6.379
P12neKs  35 2026 05 14.6  18.1572 +57.4653 20.0 Updated May 21.47 UT           118   6.83 15.2  0.291
