KPMa1Ih  82 2026 05 18.1  11.1350 -25.0070 23.2 Added May 18.68 UT               5   0.01 21.2  0.970
A11CDyX 100 2026 05 18.0  10.8192 -32.9774 19.7 Updated May 19.02 UT             9   0.92 20.6  0.103
P22nf7G 100 2026 05 17.6  16.2217 +35.4201 22.1 Added May 17.77 UT               4   0.04 22.8  1.468
P22nf3F  32 2026 05 17.5  17.5988 +37.1168 21.4 Updated May 18.35 UT            12   0.81 19.0  0.771
CEMVK32 100 2026 05 17.4  17.0015 +11.6366 21.7 Updated May 18.33 UT            30   5.77 20.2  0.867
A11Cvk7 100 2026 05 16.9  13.4991 -72.0019 19.6 Updated May 18.37 UT             4   0.03 22.7  2.144
CEMRK82  84 2026 05 16.5  21.5882 -10.2174 21.5 Updated May 18.37 UT             3   0.01 17.3  2.608
A11Cswo 100 2026 05 16.0  17.1533 -23.2001 18.5 Updated May 18.37 UT             4   0.02 20.9  3.070
ST26E84  98 2026 05 15.4  15.5116 +10.6656 20.8 Updated May 18.37 UT             6   0.47 26.4  3.183
ST26E75  98 2026 05 15.2   2.5155 -22.3358 26.9 Updated May 18.37 UT             7   0.09 28.6  3.752
P12neKs  35 2026 05 14.6  18.2404 +57.7148 20.2 Updated May 18.99 UT            64   4.41 15.3  0.094
CEMAUH2 100 2026 05 14.4  15.9603 -13.7839 21.2 Updated May 18.39 UT             6   0.07 23.9  4.629
C1EUYV5  35 2026 04 27.5  17.2121 +18.9750 21.9 Updated May 16.81 UT            36 300.17 12.8  2.611
