ST26EB8 100 2026 05 19.4  16.5092  +4.8259 19.2 Updated May 19.66 UT             4   0.02 25.1  0.267
LA0C0VD 100 2026 05 17.5  22.4477 -68.8373 22.5 Added May 19.61 UT               6   0.07 30.8  2.115
ZTF10Dy 100 2026 05 19.3  15.8872 -23.7969 17.4 Added May 19.49 UT               4   0.05 27.7  0.392
CEN5QX2 100 2026 05 19.4  16.1012 -15.2558 21.1 Updated May 19.46 UT             8   0.06 24.2  0.283
ST26EB6  98 2026 05 19.3  16.8764  -9.5611 19.6 Updated May 19.39 UT            10   0.11 27.7  0.356
A11CGDH 100 2026 05 19.2  16.2315 -72.4725 19.3 Added May 19.28 UT               4   0.02 19.2  0.500
A11CGDI 100 2026 05 19.2  17.1025 -45.8515 18.8 Updated May 19.48 UT             8   0.17 20.7  0.379
ST26EB3  98 2026 05 19.3  15.5874  -8.0189 19.8 Updated May 19.43 UT            14   0.17 30.7  0.318
NAOCAN7 100 2026 05 17.7  15.2738 -21.7312 20.6 Added May 19.07 UT               4   0.10 19.6  1.889
KPMa1Ih  87 2026 05 18.1  11.1323 -25.3318 23.2 Added May 18.68 UT               5   0.01 21.2  1.638
A11CDyX 100 2026 05 18.0  10.8569 -32.5009 19.8 Updated May 19.66 UT             9   0.92 20.7  0.771
P22nf7G 100 2026 05 17.6  16.2416 +36.0888 22.1 Updated May 19.41 UT            11   1.78 23.1  0.392
P22nf3F  12 2026 05 17.5  17.5979 +37.2246 21.4 Updated May 19.46 UT            16   1.96 19.0  0.286
CEMVK32  35 2026 05 17.4  16.9457 +11.3171 21.5 Updated May 19.63 UT            38   7.00 20.1  0.306
A11Cvk7 100 2026 05 16.9  13.2828 -71.3297 19.6 Updated May 18.37 UT             4   0.03 22.7  2.812
CEMRK82  84 2026 05 16.5  21.6071 -10.3510 21.5 Updated May 18.37 UT             3   0.01 17.3  3.276
A11Cswo 100 2026 05 16.0  17.1113 -23.0252 18.4 Updated May 18.37 UT             4   0.02 20.9  3.739
ST26E75  98 2026 05 15.2   2.5242 -21.4791 27.3 Updated May 18.37 UT             7   0.09 28.6  4.420
P12neKs  35 2026 05 14.6  18.2196 +57.6566 20.1 Updated May 19.71 UT            79   4.47 15.2  0.693
CEMAUH2 100 2026 05 14.4  15.8884 -15.9649 21.1 Updated May 18.39 UT             6   0.07 23.9  5.297
