ZTF10Dy 100 2026 05 19.3  15.4559 -20.0789 17.8 Added May 19.49 UT               4   0.05 27.7  0.182
CEN5QX2 100 2026 05 19.4  16.0833 -15.3253 21.1 Updated May 19.46 UT             8   0.06 24.2  0.073
ST26EB6  98 2026 05 19.3  16.7014  -8.6368 19.5 Updated May 19.39 UT            10   0.11 27.7  0.146
A11CGDH 100 2026 05 19.2  16.2062 -72.6053 19.3 Added May 19.28 UT               4   0.02 19.2  0.291
A11CGDI 100 2026 05 19.2  17.0744 -46.1164 18.8 Updated May 19.48 UT             8   0.17 20.7  0.169
ST26EB3  98 2026 05 19.3  15.7422  -6.9902 19.5 Updated May 19.43 UT            14   0.17 30.7  0.108
MZ26114  88 2026 05 18.8  15.5581  -7.6330 18.3 Updated May 19.51 UT            23   0.70 27.1  0.025
6EI3621  98 2026 05 19.1  12.7443  -8.1406 20.3 Updated May 19.21 UT            13   0.13 27.0  0.328
NAOCAN7 100 2026 05 17.7  15.2736 -21.7254 20.6 Added May 19.07 UT               4   0.10 19.6  1.679
KPMa1Ih  87 2026 05 18.1  11.1331 -25.2302 23.2 Added May 18.68 UT               5   0.01 21.2  1.429
A11CDyX 100 2026 05 18.0  10.8448 -32.6529 19.8 Updated May 19.41 UT            12   1.32 20.8  0.161
P22nf7G 100 2026 05 17.6  16.2357 +35.8903 22.1 Updated May 19.41 UT            11   1.78 23.1  0.182
P22nf3F  12 2026 05 17.5  17.5982 +37.1913 21.4 Updated May 19.46 UT            16   1.96 19.0  0.076
CEMVK32  35 2026 05 17.4  16.9631 +11.4175 21.5 Updated May 19.44 UT            36   7.00 20.1  0.096
A11Cvk7 100 2026 05 16.9  13.3492 -71.5484 19.6 Updated May 18.37 UT             4   0.03 22.7  2.602
CEMRK82  84 2026 05 16.5  21.6012 -10.3088 21.5 Updated May 18.37 UT             3   0.01 17.3  3.066
A11Cswo 100 2026 05 16.0  17.1248 -23.0816 18.4 Updated May 18.37 UT             4   0.02 20.9  3.529
ST26E84  98 2026 05 15.4  15.5753 +10.6243 20.9 Updated May 18.37 UT             6   0.47 26.4  3.641
ST26E75  98 2026 05 15.2   2.5218 -21.7129 27.2 Updated May 18.37 UT             7   0.09 28.6  4.211
P12neKs  35 2026 05 14.6  18.2261 +57.6753 20.1 Updated May 19.35 UT            75   4.47 15.2  0.483
CEMAUH2 100 2026 05 14.4  15.9106 -15.2965 21.1 Updated May 18.39 UT             6   0.07 23.9  5.088
C1EUYV5  35 2026 04 27.5  17.2056 +18.9956 21.9 Updated May 19.47 UT            36 303.02 12.8  0.226
