6EO3221 100 2026 05 25.0  11.1426 -41.5282 17.5 Updated May 25.10 UT             6   0.08 22.9  0.087
A11CUyv  96 2026 05 24.1  17.6134 -57.9195 18.8 Updated May 25.10 UT             7   0.92 17.9  0.094
A11CUyu  86 2026 05 24.4  18.6914  +8.4514 18.1 Updated May 25.13 UT            36   0.66 20.1  0.044
P12nfw2 100 2026 05 24.6  20.9923  -4.2224 21.2 Added May 24.67 UT               3   0.02 22.3  0.549
NAOCLYL  85 2026 05 23.8  15.8955 -20.6741 21.6 Added May 24.59 UT               4   0.10 21.5  1.304
A11CQzo 100 2026 05 24.4  19.4727 -18.9666 18.0 Added May 24.51 UT               5   0.05 29.9  0.726
P12nfqd  96 2026 05 24.4  15.9563 -23.3859 20.5 Updated May 25.14 UT             7   0.71 21.4  0.038
oKr0080 100 2026 05 23.9  23.4834 +18.5158 20.3 Added May 24.47 UT               3   0.00 15.5  1.271
C1F15H5 100 2026 05 24.4  16.7417 +24.3687 21.5 Updated May 24.48 UT             8   0.03 24.6  0.683
C1F1535  84 2026 05 24.4  16.7560  +6.1693 22.6 Updated May 24.48 UT             8   0.05 20.2  0.686
C1F0TQ5 100 2026 05 24.4  15.9260  -6.7590 21.6 Updated May 24.48 UT            10   0.09 22.8  0.691
C1F0L35 100 2026 05 24.3  15.0652  +2.6268 22.4 Updated May 24.42 UT             8   0.08 21.9  0.743
C1F0EU5  82 2026 05 24.3  15.4364 -10.0902 22.1 Updated May 24.39 UT             8   0.07 14.8  0.770
C1F0295 100 2026 05 24.3  15.3391  -7.3407 22.0 Updated May 25.08 UT            15   0.76 22.1  0.086
6EN3D21 100 2026 05 24.2  16.6297 -79.1320 19.1 Added May 24.29 UT               3   0.01 19.2  0.926
C1EYRR5  91 2026 05 23.4  15.8800  +1.3474 22.4 Updated May 24.68 UT            18   1.10 25.0  0.681
C1EYQL5 100 2026 05 23.4  15.8159  +0.4131 22.1 Updated May 24.68 UT            12   1.10 24.3  0.681
C1EYPU5 100 2026 05 23.4  15.8425  +3.1561 22.8 Updated May 24.37 UT             9   0.64 24.0  1.142
C1EYPT5  82 2026 05 23.4  15.8113  +1.0083 21.8 Updated May 25.13 UT            23   1.75 24.2  0.035
C1EYD55  64 2026 05 23.3  15.7798 -13.2558 22.1 Updated May 24.30 UT            12   0.95 20.1  0.881
NAOCBPP 100 2026 05 20.7  14.8826 -20.0661 22.3 Updated May 24.34 UT             4   0.13 22.4  4.311
C46CD31 100 2026 05 21.4   1.4188  -3.1795 27.0 Updated May 23.35 UT             7   0.05 28.6  3.718
ST26ED1  98 2026 05 21.2   1.6701 -14.7656 27.4 Updated May 23.35 UT            20   0.16 30.2  3.776
TF26EE0 100 2026 05 20.5  16.3582  +8.8140 24.4 Updated May 24.34 UT             4   0.02 28.8  4.677
ST26EC8  98 2026 05 20.4  21.4403 -30.7534 22.7 Updated May 23.35 UT             6   0.14 28.6  4.724
ST26EC7  98 2026 05 20.4   2.4617  -8.4068 29.9 Updated May 23.35 UT             6   0.11 30.3  4.730
ST26EC5 100 2026 05 20.3  15.2608 -18.4868 20.7 Updated May 24.34 UT             4   0.03 24.8  4.822
P12nfaz  43 2026 05 20.3  13.2238 -27.7262 21.9 Updated May 24.34 UT            12   2.87 18.3  1.969
NAOCAN7 100 2026 05 17.7  15.2814 -21.8812 21.0 Updated May 24.34 UT             4   0.10 19.9  7.308
KPMa1Ih  87 2026 05 18.1  11.1243 -27.7894 23.4 Updated May 24.34 UT             5   0.01 20.8  7.058
CEMVK32  35 2026 05 17.4  16.5262  +8.7124 21.7 Updated May 24.42 UT            50  11.97 20.1  0.756
P12neKs  35 2026 05 14.6  18.0425 +57.0468 19.9 Updated May 25.03 UT           167  10.45 15.1  0.141
