A11Evr9 100 2026 07 10.0  23.0183 -56.3794 18.7 Added July 10.39 UT              7   0.03 23.3  0.385
TF26G22 100 2026 07 10.3  20.4236 +12.5050 19.8 Added July 10.37 UT              2   0.00 25.3  0.153
ST26G18 100 2026 07 10.3  21.1128 +15.4340 20.0 Updated July 10.38 UT            4   0.02 25.7  0.127
ST26G17 100 2026 07 10.3  20.4428 +12.0096 20.1 Added July 10.37 UT              2   0.00 26.3  0.169
CEQKE72  99 2026 07 10.3  16.2157 +11.6564 21.4 Updated July 10.33 UT            7   0.05 19.4  0.151
A11Evap 100 2026 07 09.9  19.7971 -39.5748 19.7 Added July 9.97 UT               4   0.02 22.7  0.511
P12o0YY  94 2026 07 09.5  20.8248 -22.3722 21.0 Updated July 9.68 UT             6   0.08 18.4  0.914
CEQJF02  98 2026 07 09.3  22.2307 +14.7966 20.7 Updated July 10.34 UT           11   0.63 27.2  0.487
P12o0Y2 100 2026 07 08.5  20.8570 -32.9040 21.1 Updated July 10.31 UT            8   1.60 22.1  0.375
P12o0Y1 100 2026 07 08.5  20.3540 -30.0834 21.3 Updated July 10.28 UT            8   1.50 22.5  0.494
P12nXcB  70 2026 07 08.5  21.3487 -31.2731 21.6 Updated July 9.64 UT             7   1.02 20.6  0.935
P12nXce 100 2026 07 08.5  21.9212 -31.9268 21.2 Updated July 9.54 UT             9   1.02 21.5  0.931
P12nXcA  90 2026 07 08.5  21.1197 -27.3037 20.3 Updated July 9.53 UT            13   1.02 22.9  0.938
P12nXcf 100 2026 07 08.5  20.9814 -19.7179 21.3 Updated July 9.49 UT            11   0.92 24.0  1.021
A11Eq8v 100 2026 07 07.9  21.5360 -44.3099 18.5 Updated July 10.15 UT           10   2.05 25.4  0.488
A11EpSe 100 2026 07 08.2  19.6670 -29.9728 19.4 Updated July 10.23 UT           10   0.83 19.2  1.448
W2nCdO   79 2026 07 07.4  19.1137 -24.4225 23.6 Updated July 9.49 UT            14  19.01 26.6  1.034
ST26G01  98 2026 07 07.2  20.0279 -55.7852 20.9 Updated July 9.23 UT            14   0.10 27.0  3.107
P22nTNT  10 2026 07 06.5  18.3114 +17.8660 21.0 Updated July 9.42 UT            24   2.71 19.0  1.285
P22nTLB  21 2026 07 06.3  17.7076  +8.0211 22.2 Updated July 9.42 UT            20   2.87 19.6  1.278
8N8R001 100 2026 07 05.9   5.2927  -2.5158 29.3 Updated July 9.23 UT             3   0.01 29.3  4.542
MAS0006  35 2026 06 19.3  18.3677 +23.8884 20.0 Updated July 10.32 UT          137  20.67  9.0  0.481
OMO0297  87 2026 06 25.8  23.6333  +3.7881 21.9 Updated July 10.23 UT           12  12.63 20.1  2.003
P22nJzF  35 2026 06 22.5  22.5261 +18.9698 21.6 Updated July 10.42 UT           23  25.46 14.1  0.450
