A11CWPw 100 2026 05 26.6  21.4609 -20.0626 18.0 Added May 26.81 UT               4   0.02 28.7  0.289
P12nfxy 100 2026 05 26.6  17.5439  +5.0719 20.4 Updated May 26.85 UT             4   0.21 21.9  0.267
CEP5WY2 100 2026 05 26.4  18.9685 +40.7274 20.9 Updated May 26.85 UT             9   1.05 21.8  0.394
C1F41L5 100 2026 05 26.4  15.9417  +9.6509 19.8 Updated May 26.44 UT             8   0.05 23.7  0.433
CEP5WU2 100 2026 05 26.4  17.6328 +49.4529 21.2 Updated May 26.44 UT            10   0.06 26.1  0.435
C1F4195 100 2026 05 26.4  16.1158  +8.2113 22.2 Updated May 26.45 UT             7   0.07 27.6  0.416
C1F4075 100 2026 05 26.4  16.0489 +27.2414 22.3 Updated May 26.48 UT             8   0.11 24.9  0.394
P12nfxd  96 2026 05 25.6  17.8234 +16.5586 21.9 Updated May 26.45 UT            14   2.00 22.6  0.431
C1F32J5 100 2026 05 25.4  17.1978 +14.2896 22.0 Updated May 26.31 UT             7   0.85 23.5  0.567
C1F3245  43 2026 05 25.4  17.0048 +10.5713 22.6 Updated May 26.78 UT            11   1.00 20.2  0.420
SJA1250 100 2026 05 24.9  16.8420 +61.2415 20.3 Added May 25.42 UT               3   0.03 17.5  1.898
C1F2HL5 100 2026 05 25.4  16.4510 -11.7261 22.4 Updated May 25.43 UT             8   0.07 25.5  1.442
C1F1TD5 100 2026 05 25.3  15.7775  +4.6652 24.0 Updated May 26.35 UT             4   0.02 33.6  1.540
C03UYWZ 100 2026 05 23.4  16.7373 +13.0069 22.4 Updated May 26.16 UT             7   2.00 23.1  1.425
A11CUyv  94 2026 05 24.1  17.5724 -56.3362 19.2 Updated May 26.35 UT            17   1.97 19.1  0.756
P12nfw2 100 2026 05 24.6  21.0855  -3.5396 21.7 Updated May 26.34 UT             8   1.73 20.3  0.546
NAOCLYL  85 2026 05 23.8  15.9029 -19.0075 21.7 Updated May 26.35 UT             4   0.10 21.7  3.013
A11CQzo 100 2026 05 24.4  21.7659 -17.4262 20.7 Updated May 26.35 UT             5   0.05 29.8  2.434
oKr0080 100 2026 05 23.9  23.4904 +18.5619 20.2 Updated May 26.34 UT             3   0.00 17.1  2.979
C1F1535  97 2026 05 24.4  16.7579  +6.6518 22.4 Updated May 26.35 UT            11   0.87 23.3  1.583
C1F0EU5  80 2026 05 24.3  15.4021 -10.0893 22.0 Updated May 26.33 UT            13   1.97 20.0  0.581
C1F0295  80 2026 05 24.3  15.3070  -6.9932 22.1 Updated May 26.10 UT            20   1.78 22.2  0.777
6EN3D21 100 2026 05 24.2  16.3924 -80.0224 18.6 Updated May 25.35 UT             3   0.01 21.1  2.634
C1EYPU5 100 2026 05 23.4  15.8716  +3.4107 22.8 Updated May 26.35 UT            11   1.87 24.1  1.620
NAOCBPP  99 2026 05 20.7  14.9096 -21.2039 22.3 Updated May 25.35 UT             4   0.13 22.4  6.019
ST26EC8  98 2026 05 20.4  21.9851 -31.0212 23.5 Updated May 25.35 UT             6   0.14 28.6  6.432
P12nfaz  43 2026 05 20.3  13.2125 -27.4044 22.0 Updated May 26.35 UT            12   2.87 18.3  3.677
NAOCAN7 100 2026 05 17.7  15.2870 -21.9289 21.0 Updated May 26.35 UT             4   0.10 19.7  9.017
KPMa1Ih  87 2026 05 18.1  11.1272 -28.5736 23.5 Updated May 26.35 UT             5   0.01 20.9  8.766
CEMVK32  53 2026 05 17.4  16.4071  +7.9014 21.7 Updated May 26.27 UT            52  11.97 20.1  2.464
P12neKs  35 2026 05 14.6  17.9842 +56.8004 19.9 Updated May 26.66 UT           176  11.53 15.1  0.767
