ZTF10Dp 100 2026 05 10.2  11.4759 +13.4164 18.2 Added May 10.57 UT               4   0.03 21.9  0.405
6E94521 100 2026 05 10.4  19.3112 -54.4848 18.4 Added May 10.41 UT               3   0.01 20.8  0.273
CELUGR2  98 2026 05 10.3  15.0155 +32.0760 20.3 Updated May 10.42 UT            10   0.09 26.1  0.226
CELUGK2 100 2026 05 10.3  14.7997 +29.7173 21.6 Updated May 10.44 UT            11   0.10 23.4  0.212
ZTF10Do  98 2026 05 10.2  12.8267 -13.3571 18.6 Updated May 10.48 UT             6   0.23 26.6  0.187
ST26E26  98 2026 05 10.2  15.2151  -7.0801 19.9 Updated May 10.42 UT            10   0.17 29.2  0.229
ST26E25  98 2026 05 10.2  14.8485  -2.9302 20.4 Updated May 10.42 UT            13   0.17 28.7  0.234
CELU1Q2 100 2026 05 10.2  11.5825 +31.3823 22.1 Updated May 10.32 UT             7   0.11 25.8  0.336
ST26E24  98 2026 05 10.2  12.0172  -8.4297 18.7 Updated May 10.52 UT            13   0.29 29.1  0.172
P22n4ou  89 2026 05 09.4  14.7328  +7.4923 21.6 Updated May 10.23 UT            11   0.86 21.5  0.425
ZTF10Dn 100 2026 05 09.3  16.5078 -12.3201 19.0 Added May 9.51 UT                4   0.04 26.9  1.312
XA9ttXA  99 2026 05 08.8  15.1430  +1.7872 22.2 Updated May 10.41 UT             8   1.61 20.7  0.275
ST26E18 100 2026 05 09.4  15.6402 -16.1576 20.7 Added May 9.37 UT                4   0.00 28.7  1.282
CELT2A2  94 2026 05 09.3  13.6690 +35.4715 20.4 Updated May 10.36 UT            24   0.91 21.5  0.466
CELT0C2  93 2026 05 09.2  12.8863 +40.8399 20.9 Updated May 10.15 UT            16   0.89 22.9  0.506
CELRZD2 100 2026 05 09.2  12.5895 +35.1159 21.8 Updated May 9.36 UT              8   0.10 22.8  1.300
TF26E23 100 2026 05 09.2  13.0897  -4.6704 17.1 Updated May 10.64 UT             2   0.00 19.6  1.431
ZTF10Dl 100 2026 05 08.3  18.4649 -15.4862 20.2 Updated May 10.31 UT             4   0.03 27.0  2.279
ST26E14 100 2026 05 08.4  13.3892  -3.6224 17.9 Updated May 10.31 UT             2   0.00 21.3  2.223
P22n0vC  26 2026 05 08.3  14.8312  +9.9427 22.3 Updated May 10.26 UT            22   1.91 19.8  0.400
CELLEH2  86 2026 05 08.3  15.8296 -15.9400 22.7 Updated May 10.22 UT            12   1.86 32.6  0.491
CELHF72  75 2026 05 08.3  14.9797  -9.7663 21.3 Updated May 10.28 UT            30   1.97 24.6  0.376
P22n0gv  86 2026 05 07.6  17.1812 +48.0145 21.2 Updated May 10.42 UT            28   2.80 21.4  0.250
P22n0fQ  97 2026 05 07.4  15.0888  +9.9057 22.2 Updated May 9.34 UT              3   0.04 24.3  3.240
ZTF10Di 100 2026 05 07.4  21.9785 -11.3309 22.1 Updated May 9.34 UT              4   0.02 27.4  3.255
S001563  73 2026 05 07.0  13.0016 -26.8853 21.5 Updated May 9.33 UT              3   0.03 17.7  3.571
P22mZLU  93 2026 05 06.3  11.7574 -17.2569 20.9 Updated May 10.64 UT            10   1.71 20.6  2.667
A11BX2S 100 2026 05 05.2  19.2346  +1.4705 20.2 Updated May 9.33 UT              2   0.01 24.8  5.417
A11BRI6  53 2026 05 03.0  10.6672 -40.1424 18.8 Updated May 10.31 UT            50   5.00 19.9  2.631
ZTF10Df  98 2026 05 02.2  10.4191  +1.4437 23.5 Updated May 9.33 UT              9   0.68 26.6  7.804
C1EUYV5  91 2026 04 27.5  17.3279 +18.5383 21.8 Updated May 10.33 UT            24  12.79 12.7  0.390
