C1EYRR5 100 2026 05 23.4  15.8676  +2.4653 22.6 Updated May 23.48 UT            10   0.09 25.3  0.736
C1EYQL5 100 2026 05 23.4  15.8733  +1.3396 22.3 Updated May 23.48 UT             7   0.09 24.2  0.732
C1EYPU5  97 2026 05 23.4  15.8249  +2.9932 22.9 Updated May 23.49 UT             6   0.07 22.4  0.751
C1EYPT5 100 2026 05 23.4  15.8256  +2.1012 21.8 Updated May 23.79 UT            14   0.08 24.3  0.739
C1EYD55  66 2026 05 23.3  15.8082 -13.0318 22.1 Updated May 23.41 UT            10   0.06 19.4  0.810
C1EXH55  88 2026 05 23.3  13.9914  +5.4295 22.3 Updated May 24.18 UT            18   0.90 23.7  0.021
6EM3521  74 2026 05 23.1  13.1722 -12.0314 20.1 Updated May 24.19 UT            25   1.12 22.3  0.028
NAOCBPP  99 2026 05 20.7  14.8702 -19.5240 22.1 Updated May 22.70 UT             4   0.13 22.4  3.351
CZYNHKZ 100 2026 05 14.4  16.3636  +2.2691 21.8 Updated May 23.35 UT             4   0.02 22.7  9.814
C46CD31 100 2026 05 21.4   1.1991  -3.4650 26.0 Updated May 23.35 UT             7   0.05 28.6  2.758
ST26ED1  98 2026 05 21.2   1.5739 -15.1191 26.7 Updated May 23.35 UT            20   0.16 30.2  2.816
TF26EE0 100 2026 05 20.5  16.3739  +8.8164 24.0 Updated May 22.38 UT             4   0.02 28.7  3.717
ST26EC8  98 2026 05 20.4  20.9184 -30.0179 22.0 Updated May 23.35 UT             6   0.14 28.6  3.764
ST26EC7  98 2026 05 20.4   2.4364  -8.4088 29.4 Updated May 23.35 UT             6   0.11 30.3  3.770
ST26EC5 100 2026 05 20.3  15.4405 -17.4115 20.2 Updated May 22.38 UT             4   0.03 24.9  3.862
P12nffX  10 2026 05 20.5  16.3376 -21.0252 21.7 Updated May 22.44 UT            15   7.94 19.3  1.804
P12nfaz  43 2026 05 20.3  13.2308 -27.9074 22.0 Updated May 23.25 UT            12   2.87 18.4  1.009
NAOCAN7 100 2026 05 17.7  15.2790 -21.8504 20.8 Updated May 22.38 UT             4   0.10 19.7  6.349
KPMa1Ih  87 2026 05 18.1  11.1237 -27.3870 23.4 Updated May 22.38 UT             5   0.01 20.8  6.098
CEMVK32  55 2026 05 17.4  16.5959  +9.1718 21.6 Updated May 23.35 UT            47   9.02 20.1  2.743
P12neKs  35 2026 05 14.6  18.0748 +57.1735 19.9 Updated May 23.97 UT           154   9.38 15.1  0.246
