C1EYRR5 100 2026 05 23.4  15.8665  +2.5632 22.6 Updated May 23.48 UT            10   0.09 25.3  0.652
C1EYQL5 100 2026 05 23.4  15.8783  +1.4183 22.3 Updated May 23.48 UT             7   0.09 24.2  0.649
C1EYPU5  97 2026 05 23.4  15.8236  +2.9788 22.9 Updated May 23.49 UT             6   0.07 22.4  0.667
C1EYPT5 100 2026 05 23.4  15.8270  +2.2018 21.8 Updated May 23.79 UT            14   0.08 24.3  0.656
C1EYD55  66 2026 05 23.3  15.8107 -13.0122 22.1 Updated May 23.41 UT            10   0.06 19.4  0.727
C1EXH55 100 2026 05 23.3  13.9849  +5.3323 22.3 Updated May 23.37 UT            10   0.08 23.3  0.755
6EM3521  91 2026 05 23.1  13.1765 -12.1834 20.0 Updated May 23.93 UT            22   0.86 22.3  0.203
NAOCBPP  99 2026 05 20.7  14.8690 -19.4704 22.1 Updated May 22.70 UT             4   0.13 22.4  3.267
CZYNHKZ 100 2026 05 14.4  16.3656  +2.2838 21.8 Updated May 23.35 UT             4   0.02 22.7  9.731
C46CD31 100 2026 05 21.4   1.1709  -3.5003 25.9 Updated May 23.35 UT             7   0.05 28.6  2.675
ST26ED1  98 2026 05 21.2   1.5617 -15.1627 26.6 Updated May 23.35 UT            20   0.16 30.2  2.733
TF26EE0 100 2026 05 20.5  16.3750  +8.8167 24.0 Updated May 22.38 UT             4   0.02 28.7  3.634
ST26EC8  98 2026 05 20.4  20.8610 -29.9077 22.0 Updated May 23.35 UT             6   0.14 28.6  3.681
ST26EC7  98 2026 05 20.4   2.4336  -8.4081 29.4 Updated May 23.35 UT             6   0.11 30.3  3.687
ST26EC5 100 2026 05 20.3  15.4611 -17.2850 20.2 Updated May 22.38 UT             4   0.03 24.9  3.779
P12nffX  10 2026 05 20.5  16.3391 -21.0173 21.7 Updated May 22.44 UT            15   7.94 19.3  1.721
P12nfaz  38 2026 05 20.3  13.2314 -27.9231 22.0 Updated May 23.25 UT            12   2.87 18.4  0.925
NAOCAN7 100 2026 05 17.7  15.2789 -21.8483 20.8 Updated May 22.38 UT             4   0.10 19.7  6.265
KPMa1Ih  87 2026 05 18.1  11.1237 -27.3503 23.4 Updated May 22.38 UT             5   0.01 20.8  6.015
CEMVK32  55 2026 05 17.4  16.6021  +9.2118 21.6 Updated May 23.35 UT            47   9.02 20.1  2.659
P12neKs  35 2026 05 14.6  18.0776 +57.1841 19.9 Updated May 23.97 UT           154   9.38 15.1  0.163
