ZTF10E1 100 2026 05 21.3  17.8058  -2.0710 16.0 Added May 21.52 UT               6   0.07 25.7  0.128
P12nfnR 100 2026 05 21.4  16.7279 -12.7925 20.2 Added May 21.52 UT               3   0.04 21.2  0.063
P22nfmx 100 2026 05 21.3  14.2920  +1.4074 21.0 Added May 21.42 UT               3   0.03 23.1  0.177
C46CD31 100 2026 05 21.4  16.5669  -1.4463 18.6 Updated May 21.45 UT             5   0.05 28.5  0.090
CENGF22 100 2026 05 21.3  15.4297 -17.2296 20.4 Updated May 21.41 UT             8   0.07 25.2  0.125
ST26ED8  98 2026 05 21.3  18.0236  +7.6359 20.1 Updated May 21.49 UT            12   0.13 25.8  0.062
ST26ED7  98 2026 05 21.3  17.7811  +9.0254 19.2 Updated May 21.47 UT            12   0.14 26.0  0.068
6EK3F21  20 2026 05 21.3  17.2235 -23.6041 16.5 Added May 21.31 UT               3   0.01 16.7  0.261
ST26ED4 100 2026 05 21.3  15.8911 +10.5489 19.3 Updated May 21.35 UT             8   0.07 27.5  0.185
ST26ED1  98 2026 05 21.2  15.6043  +6.0614 18.4 Updated May 21.40 UT            17   0.14 29.9  0.164
TF26EE0 100 2026 05 20.5  16.4667  +8.6889 21.7 Updated May 20.74 UT             4   0.02 28.7  1.049
TF26ED8 100 2026 05 20.5  16.8001  -0.4851 18.3 Added May 20.66 UT               2   0.00 24.3  1.069
ST26EC8 100 2026 05 20.4  17.4580 -13.0486 18.6 Updated May 20.66 UT             4   0.02 27.1  1.096
ST26EC7 100 2026 05 20.4   2.1729  -8.2522 26.1 Updated May 20.60 UT             4   0.01 29.5  1.102
ST26EC5 100 2026 05 20.3  16.5649  -9.6525 19.0 Updated May 20.59 UT             4   0.03 24.6  1.194
P12nfgD  46 2026 05 20.4  15.9797  -7.3544 22.0 Updated May 21.44 UT            12   0.98 20.3  0.119
P12nffX  10 2026 05 20.5  16.3860 -20.7726 21.7 Updated May 21.37 UT             9   0.87 18.6  0.163
P12nfdO  94 2026 05 20.5  16.2638 -23.3082 22.1 Updated May 21.50 UT             8   0.91 29.1  0.138
P12nffV  39 2026 05 20.5  16.5051 -19.1474 20.6 Updated May 21.40 UT            10   0.91 20.2  0.134
P12nfdQ  84 2026 05 20.4  15.0505 -12.2333 18.8 Updated May 21.50 UT            23   0.94 28.0  0.146
P12nfaz  50 2026 05 20.3  13.2528 -28.4116 22.0 Updated May 21.47 UT             8   1.05 18.5  0.164
P22nfat  44 2026 05 20.4  16.1974 +21.4252 21.9 Updated May 21.47 UT            15   1.07 19.5  0.102
A11CGDI  84 2026 05 19.2  17.3393 -43.4542 18.7 Updated May 21.20 UT            27   1.72 21.4  0.621
NAOCAN7 100 2026 05 17.7  15.2759 -21.7840 20.7 Updated May 21.35 UT             4   0.10 19.6  3.681
KPMa1Ih  87 2026 05 18.1  11.1265 -26.1794 23.3 Updated May 21.35 UT             5   0.01 20.8  3.430
CEMVK32  35 2026 05 17.4  16.8002 +10.4560 21.6 Updated May 21.47 UT            47   9.02 20.1  0.075
ST26E75  98 2026 05 15.2   2.5386 -20.1708 28.0 Updated May 21.35 UT             7   0.09 28.5  6.212
P12neKs  35 2026 05 14.6  18.1625 +57.4828 20.0 Updated May 21.47 UT           118   6.83 15.2  0.125
