CEP5YT2 100 2026 05 27.2  14.2863 +38.1767 21.3 Updated May 28.19 UT            11   0.93 25.0  0.192
A11CWPw 100 2026 05 26.6   0.3421  +1.2327 18.8 Updated May 28.36 UT             4   0.02 28.8  1.792
C1F4195 100 2026 05 26.4  16.1440 +10.2539 22.7 Updated May 28.36 UT             7   0.07 27.7  1.919
P12nfxd 100 2026 05 25.6  17.7987 +17.1890 21.9 Updated May 28.36 UT            14   2.00 22.6  1.933
C1F32J5 100 2026 05 25.4  17.1804 +17.2979 22.0 Updated May 27.70 UT            11   1.88 23.6  1.034
C1F3245  48 2026 05 25.4  16.9718 +10.4312 22.7 Updated May 28.36 UT            11   1.00 20.3  1.923
SJA1250 100 2026 05 24.9  16.7490 +60.6117 20.2 Updated May 27.36 UT             3   0.03 17.1  3.401
C1F2HL5 100 2026 05 25.4  16.6385 -12.1159 22.4 Updated May 28.36 UT             8   0.07 25.5  2.945
C1F1TD5 100 2026 05 25.3  15.8215  +4.5600 25.4 Updated May 28.36 UT             4   0.02 33.9  3.043
C03UYWZ  98 2026 05 23.4  16.7201 +15.6869 22.2 Updated May 27.70 UT            13   5.98 23.1  1.945
P12nfw2  95 2026 05 24.6  21.1712  -2.9170 21.7 Updated May 27.69 UT            14   3.01 20.3  0.766
NAOCLYL  85 2026 05 23.8  15.9093 -17.6013 21.8 Updated May 28.36 UT             4   0.10 21.5  4.515
A11CQzo 100 2026 05 24.4  22.2579 -16.2973 21.9 Updated May 28.36 UT             5   0.05 29.8  3.937
oKr0080 100 2026 05 23.9  23.4951 +18.6073 20.4 Updated May 28.36 UT             3   0.00 17.8  4.482
C1F1535  97 2026 05 24.4  16.7580  +7.0734 22.3 Updated May 28.36 UT            11   0.87 23.3  3.086
6EN3D21 100 2026 05 24.2  16.1498 -80.4383 19.0 Updated May 28.36 UT             3   0.01 18.8  4.137
C1EYPU5 100 2026 05 23.4  15.8976  +3.6058 22.9 Updated May 28.37 UT            11   1.87 24.1  3.123
NAOCBPP  99 2026 05 20.7  14.9326 -22.1018 22.4 Updated May 28.36 UT             4   0.13 22.4  7.522
ST26EC8  98 2026 05 20.4  22.2450 -30.9537 24.1 Updated May 28.36 UT             6   0.14 28.6  7.935
P12nfaz  43 2026 05 20.3  13.2039 -27.1229 22.1 Updated May 28.36 UT            12   2.87 18.4  5.180
NAOCAN7 100 2026 05 17.7  15.2901 -21.9635 21.2 Updated May 28.37 UT             4   0.10 20.1 10.520
KPMa1Ih  87 2026 05 18.1  11.1314 -29.1245 23.5 Updated May 28.36 UT             5   0.01 20.8 10.269
CEMVK32  51 2026 05 17.4  16.3076  +7.1975 21.8 Updated May 27.66 UT            59  13.11 20.1  2.830
