P22n4ou  91 2026 05 09.4  14.7365  +7.5744 21.0 Added May 9.81 UT                4   0.03 20.3  0.588
ZTF10Dn 100 2026 05 09.3  15.9569 -11.1998 17.7 Added May 9.51 UT                4   0.04 26.9  0.645
XA9ttXA  96 2026 05 08.8  15.1565  +1.7566 21.4 Added May 9.48 UT                3   0.03 19.7  1.190
ST26E18 100 2026 05 09.4  15.3958 -13.6914 19.8 Added May 9.37 UT                4   0.00 28.7  0.615
CELT2A2 100 2026 05 09.3  13.7379 +36.0327 20.9 Updated May 9.39 UT              8   0.10 20.0  0.601
CELT0C2 100 2026 05 09.2  12.9968 +38.6767 21.0 Updated May 9.37 UT              8   0.10 21.3  0.624
CELRZD2 100 2026 05 09.2  12.6416 +34.5763 21.5 Updated May 9.36 UT              8   0.10 22.8  0.633
TF26E23 100 2026 05 09.2  13.1500  -5.1120 16.6 Added May 9.23 UT                2   0.00 17.7  0.764
gb00845  74 2026 05 08.8  13.0613  -6.4091 20.0 Updated May 9.94 UT             34   1.12 23.9  0.055
P22n0x5  74 2026 05 08.5  15.2349 -16.3111 20.1 Updated May 9.96 UT             20   1.57 30.0  0.028
P22n0w4  79 2026 05 08.4  15.3527  +2.5513 20.1 Updated May 9.94 UT             24   1.56 23.8  0.046
ZTF10Dl 100 2026 05 08.3  18.0761 -15.2914 19.4 Added May 8.49 UT                4   0.03 27.0  1.612
CELR3G2  98 2026 05 08.5  17.0331  -5.2496 21.8 Updated May 9.45 UT             15   0.97 29.0  0.549
ST26E14 100 2026 05 08.4  13.4059  -3.8059 18.0 Added May 8.45 UT                2   0.00 16.2  1.556
P22n0vC  36 2026 05 08.3  14.8477 +10.0350 22.2 Updated May 9.29 UT             19   0.95 19.7  0.696
CELLEH2  96 2026 05 08.3  15.7909 -15.3628 22.2 Updated May 9.38 UT             12   1.03 32.6  0.657
CELHF72  87 2026 05 08.3  14.9606 -10.5226 21.3 Updated May 9.34 UT             22   1.00 24.7  0.680
P22n0gv  96 2026 05 07.6  17.2488 +48.3489 21.1 Updated May 9.45 UT             22   1.84 21.3  0.542
P22n0fQ  97 2026 05 07.4  15.0943  +9.8135 22.0 Updated May 9.34 UT              3   0.04 24.3  2.574
ZTF10Di 100 2026 05 07.4  21.7293 -12.0534 21.5 Updated May 9.34 UT              4   0.02 27.4  2.589
S001563  73 2026 05 07.0  13.0049 -26.8506 21.4 Updated May 9.33 UT              3   0.03 17.7  2.904
P22mZLU  93 2026 05 06.3  11.7323 -17.7967 20.9 Updated May 9.97 UT             10   1.71 20.6  2.000
A11BX2S 100 2026 05 05.2  19.1180  +1.7293 20.0 Updated May 9.33 UT              2   0.01 24.8  4.751
A11BRI6  53 2026 05 03.0  10.5006 -40.4543 18.7 Updated May 8.52 UT             50   5.00 19.9  1.964
ZTF10Df  98 2026 05 02.2  10.4144  +1.4530 23.3 Updated May 9.33 UT              9   0.68 26.6  7.138
C1EUYV5  93 2026 04 27.5  17.3368 +18.4993 21.7 Updated May 9.32 UT             18  11.83 12.6  0.680
