ST26E34 100 2026 05 10.5  14.8977 +16.1191 20.4 Added May 10.70 UT               2   0.00 26.4  0.605
ST26E31  88 2026 05 10.4  14.2935  -2.7916 18.7 Updated May 11.06 UT            18   0.60 25.9  0.026
ZTF10Dp 100 2026 05 10.2  11.6111  +9.7242 18.3 Added May 10.57 UT               4   0.03 21.9  0.823
6E94521 100 2026 05 10.4  19.3474 -55.5793 18.3 Added May 10.41 UT               3   0.01 20.8  0.691
CELUGK2 100 2026 05 10.3  14.8028 +28.9768 21.6 Updated May 10.44 UT            11   0.10 23.4  0.630
ZTF10Do  98 2026 05 10.2  13.1238  -6.9680 18.4 Updated May 10.48 UT             6   0.23 26.6  0.605
ST26E26  88 2026 05 10.2  15.3544  -8.9818 20.7 Updated May 11.02 UT            18   0.75 29.2  0.066
CELU1Q2 100 2026 05 10.2  11.5818 +31.3615 22.5 Updated May 10.32 UT             7   0.11 25.8  0.754
ST26E24  98 2026 05 10.2   8.1350 -28.0808 19.1 Updated May 10.52 UT            13   0.29 29.1  0.590
ZTF10Dn 100 2026 05 09.3  16.6779 -12.6160 19.5 Added May 9.51 UT                4   0.04 26.9  1.730
XA9ttXA  99 2026 05 08.8  15.1344  +1.8099 22.2 Updated May 10.41 UT             8   1.61 20.7  0.694
ST26E18 100 2026 05 09.4  15.7299 -17.0348 21.1 Added May 9.37 UT                4   0.00 28.7  1.700
CELT2A2  82 2026 05 09.3  13.6250 +35.1046 20.4 Updated May 10.94 UT            32   1.66 21.5  0.127
CELT0C2  74 2026 05 09.2  12.8107 +42.1950 20.9 Updated May 11.05 UT            26   1.80 22.8  0.016
CELRZD2 100 2026 05 09.2  12.5609 +35.4062 21.9 Updated May 9.36 UT              8   0.10 22.8  1.718
TF26E23 100 2026 05 09.2  13.0449  -4.3776 17.3 Updated May 11.06 UT             2   0.00 19.6  1.849
ZTF10Dl 100 2026 05 08.3  18.6166 -15.5190 20.5 Updated May 10.31 UT             4   0.03 27.0  2.697
ST26E14 100 2026 05 08.4  13.3784  -3.5085 17.9 Updated May 10.31 UT             2   0.00 21.3  2.641
P22n0vC  26 2026 05 08.3  14.8209  +9.8834 22.3 Updated May 10.26 UT            22   1.91 19.8  0.818
CELLEH2  86 2026 05 08.3  15.8463 -16.1913 23.0 Updated May 10.22 UT            12   1.86 32.6  0.909
P22n0fQ  97 2026 05 07.4  15.0855  +9.9565 22.2 Updated May 9.34 UT              3   0.04 24.3  3.658
ZTF10Di 100 2026 05 07.4  22.0863 -11.0025 22.4 Updated May 9.34 UT              4   0.02 27.4  3.673
S001563  73 2026 05 07.0  12.9996 -26.9068 21.5 Updated May 9.33 UT              3   0.03 17.7  3.989
P22mZLU  93 2026 05 06.3  11.7734 -16.9182 20.9 Updated May 11.06 UT            10   1.71 20.6  3.085
A11BRI6  51 2026 05 03.0  10.7643 -39.9346 18.8 Updated May 10.91 UT            52   7.13 19.8  0.923
ZTF10Df  98 2026 05 02.2  10.4219  +1.4375 23.6 Updated May 9.33 UT              9   0.68 26.6  8.222
C1EUYV5  91 2026 04 27.5  17.3224 +18.5624 21.8 Updated May 10.33 UT            24  12.79 12.7  0.808
