SO0006A 100 2026 05 22.7  20.7847 -35.0157 19.1 Added May 22.70 UT               4   0.01 23.9  0.055
ST26EE8  98 2026 05 22.2  15.3424 +12.5739 18.7 Updated May 22.69 UT             5   0.22 27.0  0.271
MKp7968  95 2026 05 17.7  14.1218  +5.3739 21.6 Added May 22.41 UT               6   4.04 23.0  1.040
C46CH71 100 2026 05 22.3  15.1878 +24.8539 19.6 Updated May 22.39 UT             8   0.04 23.6  0.354
ST26EE4  98 2026 05 22.3  18.3111 +17.6928 20.7 Updated May 22.46 UT            18   0.13 29.0  0.288
ST26EE3  98 2026 05 22.3  16.4359  +7.5132 19.6 Updated May 22.47 UT            12   0.21 28.4  0.279
CENWC52  98 2026 05 22.3  15.7145  -2.9946 20.1 Updated May 22.49 UT            15   0.18 27.7  0.260
CENU0L2  98 2026 05 22.2  14.0585  -3.3218 21.8 Updated May 22.37 UT             9   0.13 27.4  0.377
CENV8M2  98 2026 05 22.3  15.8376  +7.3990 17.4 Updated May 22.42 UT            19   0.12 31.1  0.341
NAOCBPP  99 2026 05 20.7  14.8496 -18.5715 22.1 Updated May 22.70 UT             4   0.13 22.4  1.893
8N2S001 100 2026 05 22.0  17.7630 +15.2941 19.1 Added May 22.24 UT               3   0.01 24.4  0.690
Sar2899  98 2026 05 22.0  16.0127 +11.5290 20.8 Updated May 22.45 UT            24   0.46 29.6  0.296
CZYNHKZ 100 2026 05 14.4  16.3685  +2.4096 21.4 Updated May 22.04 UT             4   0.02 22.8  8.356
C46CD31 100 2026 05 21.4  23.3354  -5.3206 21.9 Updated May 21.45 UT             5   0.05 28.5  1.300
ST26ED8  79 2026 05 21.3  17.6564 +18.1318 20.3 Updated May 22.42 UT            39   1.08 25.8  0.329
ST26ED1  98 2026 05 21.2   1.0082 -16.9259 24.0 Updated May 21.71 UT            20   0.16 30.2  1.358
TF26EE0 100 2026 05 20.5  16.4025  +8.7971 23.1 Updated May 22.38 UT             4   0.02 28.7  2.259
ST26EC8  98 2026 05 20.4  19.4626 -25.3912 20.7 Updated May 21.71 UT             6   0.14 28.6  2.306
ST26EC7  98 2026 05 20.4   2.3527  -8.3604 28.3 Updated May 21.71 UT             6   0.11 30.2  2.312
ST26EC5 100 2026 05 20.3  15.9108 -14.3705 19.4 Updated May 22.38 UT             4   0.03 24.9  2.404
P12nffX  10 2026 05 20.5  16.3643 -20.8868 21.7 Updated May 22.44 UT            15   7.94 19.3  0.346
P12nffV  45 2026 05 20.5  16.4989 -18.6319 20.5 Updated May 22.27 UT            23   2.72 20.2  0.709
P12nfaz  48 2026 05 20.3  13.2424 -28.1830 22.0 Updated May 22.18 UT            10   1.84 18.4  0.575
NAOCAN7 100 2026 05 17.7  15.2769 -21.8127 20.7 Updated May 22.38 UT             4   0.10 19.7  4.890
KPMa1Ih  87 2026 05 18.1  11.1244 -26.7359 23.3 Updated May 22.38 UT             5   0.01 20.8  4.640
CEMVK32  55 2026 05 17.4  16.7057  +9.8731 21.6 Updated May 21.47 UT            47   9.02 20.1  1.284
P12neKs  35 2026 05 14.6  18.1231 +57.3502 20.0 Updated May 22.02 UT           121   7.45 15.2  0.724
