P12o0YY  94 2026 07 09.5  20.8581 -22.7573 21.0 Added July 9.54 UT               4   0.03 18.1  0.132
C46H6E1 100 2026 07 09.4  22.7018  -5.8040 18.9 Updated July 9.47 UT            12   0.07 24.6  0.155
CEQJFF2 100 2026 07 09.3  21.1465 +14.5808 20.8 Updated July 9.44 UT             8   0.09 25.4  0.193
CEQJF02 100 2026 07 09.3  21.7409 +15.1367 20.3 Updated July 9.43 UT             7   0.08 26.9  0.203
ST26G12  98 2026 07 09.3  21.0975  +2.0884 19.4 Updated July 9.44 UT            12   0.13 26.5  0.189
ST26G11  98 2026 07 09.3  21.2027  +9.9943 19.9 Updated July 9.40 UT            10   0.10 26.2  0.227
A11EshI  86 2026 07 08.9  20.1936 -19.2693 18.9 Updated July 9.62 UT            17   0.67 21.8  0.017
P12o0Y2  95 2026 07 08.5  20.8328 -32.5622 21.1 Updated July 9.49 UT             6   0.95 22.0  0.193
P12o0Y1 100 2026 07 08.5  20.4139 -30.3040 21.3 Updated July 9.50 UT             6   0.96 22.4  0.197
P12o0XL  91 2026 07 08.4  16.2520  -3.5911 20.9 Updated July 9.50 UT            21   0.98 25.7  0.280
P12nXcB  70 2026 07 08.5  21.3439 -31.1283 21.6 Updated July 9.61 UT             7   1.02 20.6  0.101
P12nXce 100 2026 07 08.5  21.9757 -30.9128 21.2 Updated July 9.54 UT             9   1.02 21.5  0.098
P12nXcA  90 2026 07 08.5  21.1587 -28.3122 20.5 Updated July 9.53 UT            13   1.02 22.9  0.105
P12nXcf 100 2026 07 08.5  20.9976 -21.0985 21.3 Updated July 9.49 UT            11   0.92 24.0  0.188
P12nX9q  91 2026 07 08.4  16.4758  -7.0554 20.8 Updated July 9.42 UT            17   0.96 22.9  0.296
A11Eq8v 100 2026 07 07.9  20.4327 -52.3536 19.5 Added July 8.30 UT               6   0.07 24.2  1.635
A11EpSe  97 2026 07 08.2  19.6756 -30.1040 19.5 Updated July 9.08 UT            10   0.83 19.3  0.615
W2nCdO   79 2026 07 07.4  19.0956 -24.2743 23.5 Updated July 9.49 UT            14  19.01 26.6  0.201
A11EpRZ 100 2026 07 07.9  20.0592 -56.5945 19.0 Updated July 9.09 UT            12   1.13 23.1  0.578
ST26G01  98 2026 07 07.2  19.3722 -50.8708 20.3 Updated July 9.23 UT            14   0.10 27.0  2.274
P22nTNT  10 2026 07 06.5  18.3197 +18.0991 21.0 Updated July 9.42 UT            24   2.71 19.0  0.452
P22nTLB  16 2026 07 06.3  17.7216  +8.2595 22.2 Updated July 9.42 UT            20   2.87 19.6  0.445
8N8R001 100 2026 07 05.9   5.2933  -2.7073 29.0 Updated July 9.23 UT             3   0.01 29.3  3.708
MAS0006  35 2026 06 19.3  18.3731 +23.8725 20.0 Updated July 9.32 UT           131  19.71  9.0  0.615
OMO0297  87 2026 06 25.8  23.6054  +3.7274 21.9 Updated July 8.46 UT            12  12.63 20.1  1.170
P22nJzF  35 2026 06 22.5  22.5395 +19.0194 21.6 Updated July 8.59 UT            21  24.01 14.1  1.068
