NAOCAN7 100 2026 05 17.7  15.2733 -21.7137 20.6 Added May 19.07 UT               4   0.10 19.6  1.263
KPMa1Ih  87 2026 05 18.1  11.1348 -25.0274 23.2 Added May 18.68 UT               5   0.01 21.2  1.012
A11CDyX 100 2026 05 18.0  10.8215 -32.9481 19.7 Updated May 19.02 UT             9   0.92 20.6  0.144
P22nf7G 100 2026 05 17.6  16.2228 +35.4568 22.1 Added May 17.77 UT               4   0.04 22.8  1.509
P22nf3F  32 2026 05 17.5  17.5987 +37.1237 21.4 Updated May 18.35 UT            12   0.81 19.0  0.813
CEMVK32 100 2026 05 17.4  16.9980 +11.6167 21.7 Updated May 18.33 UT            30   5.77 20.2  0.908
A11Cvk7 100 2026 05 16.9  13.4852 -71.9621 19.6 Updated May 18.37 UT             4   0.03 22.7  2.185
CEMRK82  84 2026 05 16.5  21.5894 -10.2256 21.5 Updated May 18.37 UT             3   0.01 17.3  2.650
A11Cswo 100 2026 05 16.0  17.1508 -23.1896 18.5 Updated May 18.37 UT             4   0.02 20.9  3.112
ST26E84  98 2026 05 15.4  15.5176 +10.6620 20.8 Updated May 18.37 UT             6   0.47 26.4  3.225
ST26E75  98 2026 05 15.2   2.5161 -22.2715 26.9 Updated May 18.37 UT             7   0.09 28.6  3.794
P12neKs  35 2026 05 14.6  18.2391 +57.7113 20.2 Updated May 18.99 UT            64   4.41 15.3  0.135
CEMAUH2 100 2026 05 14.4  15.9557 -13.9244 21.2 Updated May 18.39 UT             6   0.07 23.9  4.671
C1EUYV5  35 2026 04 27.5  17.2115 +18.9769 21.9 Updated May 16.81 UT            36 300.17 12.8  2.652
