CEMV1Q2 100 2026 05 17.3  15.1320  +7.8113 21.1 Added May 17.32 UT               4   0.02 25.4  0.045
CEMUUC2 100 2026 05 17.3  14.4827  +8.5279 20.6 Updated May 17.34 UT            10   0.06 25.8  0.024
A11Cvk7 100 2026 05 16.9  14.1057 -73.3740 19.6 Added May 16.99 UT               4   0.03 21.5  0.432
CEMRK82  79 2026 05 16.5  21.5398  -9.8860 21.6 Added May 16.49 UT               3   0.01 17.7  0.897
6EF1B21  97 2026 05 16.2  15.3425 -17.6574 19.7 Updated May 17.34 UT            10   1.16 26.3  0.030
ST26E98  86 2026 05 16.3  18.9997 +29.0941 21.2 Updated May 17.34 UT            17   1.63 29.0  0.388
CEMK452  77 2026 05 16.3  14.2926  -4.5466 21.5 Updated May 17.33 UT            24   1.03 22.1  0.048
A11Cswo 100 2026 05 16.0  17.2495 -23.5901 18.6 Updated May 17.33 UT             4   0.02 22.1  1.359
ZTF10Du 100 2026 05 15.3  16.5522 -35.1603 18.7 Updated May 17.33 UT             4   0.03 26.4  2.063
ST26E84  98 2026 05 15.4  15.2055 +10.7760 20.4 Updated May 17.33 UT             6   0.47 26.4  1.472
ST26E76  74 2026 05 15.2  14.2426  +8.5810 22.9 Updated May 17.28 UT            17   2.00 30.8  0.124
ST26E75  98 2026 05 15.2   2.4499 -28.5960 24.6 Updated May 16.82 UT             7   0.09 28.6  2.041
P12neKs  91 2026 05 14.6  18.2926 +57.8479 20.3 Updated May 17.36 UT            48   2.50 15.4  0.289
P12nc1c 100 2026 05 14.5  16.7462  -6.0203 21.7 Updated May 16.36 UT            28   1.87 20.1  1.004
RFD0300 100 2026 05 13.0  19.5358 -44.6298 24.7 Updated May 16.38 UT             2   0.00 29.8  4.331
CEMAUH2 100 2026 05 14.4  16.1651  -7.3255 21.3 Updated May 16.38 UT             6   0.07 23.9  2.918
ST26E61 100 2026 05 14.3  16.6485  +0.6881 23.3 Updated May 16.38 UT             6   0.05 29.0  2.995
MZ26075 100 2026 05 13.8  16.7914  -1.2085 22.4 Updated May 16.37 UT             3   0.01 27.4  3.538
A11CmCW 100 2026 05 13.3   6.1828 -72.2302 20.7 Updated May 16.38 UT             4   0.02 24.8  3.986
A11CmCS 100 2026 05 13.3  17.1410 -31.5741 20.3 Updated May 16.38 UT             4   0.04 25.4  4.045
OCA1642  84 2026 05 13.1  13.7172 -31.3402 19.4 Updated May 16.37 UT             3   0.02 14.0  4.233
CEM26R2  10 2026 05 12.4  16.5431 +15.2779 20.7 Updated May 16.91 UT            35   5.35 17.1  0.458
CEM1XD2  11 2026 05 12.3  14.4483 +17.0928 22.3 Updated May 17.20 UT            25   9.86 19.3  0.176
S001563  73 2026 05 07.0  12.9806 -27.1968 21.7 Updated May 16.37 UT             3   0.03 18.3 10.283
C1EUYV5  35 2026 04 27.5  17.2362 +18.8952 21.9 Updated May 16.81 UT            36 300.17 12.8  0.900
