C46D641 100 2026 05 27.3  14.5600 +22.5394 20.4 Added May 27.47 UT               4   0.01 20.7  0.365
C1F44U5 100 2026 05 27.3  16.0715 +42.8202 21.7 Updated May 27.45 UT             8   0.11 25.0  0.263
CEP5YT2 100 2026 05 27.2  14.2178 +38.2728 21.8 Updated May 27.32 UT             7   0.05 21.5  0.401
A11CWPw 100 2026 05 26.6  22.3380 -14.7016 18.1 Added May 26.81 UT               4   0.02 28.7  1.122
P12nfxy 100 2026 05 26.6  17.4588  +3.8842 20.8 Updated May 27.30 UT             9   0.90 24.5  0.409
C1F4195 100 2026 05 26.4  16.1323  +9.4283 22.4 Updated May 26.45 UT             7   0.07 27.6  1.249
C1F4075 100 2026 05 26.4  16.0539 +26.0285 22.2 Updated May 27.70 UT            13   6.94 25.2  0.292
P12nfxd 100 2026 05 25.6  17.8097 +16.9162 21.9 Updated May 26.45 UT            14   2.00 22.6  1.264
C1F32J5 100 2026 05 25.4  17.1883 +15.9641 22.0 Updated May 27.70 UT            11   1.88 23.6  0.364
C1F3245  48 2026 05 25.4  16.9865 +10.4959 22.6 Updated May 26.78 UT            11   1.00 20.2  1.253
SJA1250 100 2026 05 24.9  16.7903 +60.8938 20.2 Updated May 27.36 UT             3   0.03 17.1  2.732
C1F2HL5 100 2026 05 25.4  16.5519 -11.9353 22.4 Updated May 27.35 UT             8   0.07 26.0  2.275
C1F1TD5 100 2026 05 25.3  15.8276  +4.5376 24.6 Updated May 26.35 UT             4   0.02 33.6  2.374
C03UYWZ 100 2026 05 23.4  16.7278 +14.4967 22.3 Updated May 27.18 UT             9   2.98 23.2  1.276
P12nfw2  95 2026 05 24.6  21.1330  -3.1956 21.7 Updated May 27.69 UT            14   3.01 20.3  0.097
NAOCLYL  85 2026 05 23.8  15.9065 -18.2121 21.8 Updated May 26.35 UT             4   0.10 21.7  3.846
A11CQzo 100 2026 05 24.4  22.0985 -16.6775 21.4 Updated May 26.35 UT             5   0.05 29.8  3.268
oKr0080 100 2026 05 23.9  23.4932 +18.5922 20.4 Updated May 27.35 UT             3   0.00 18.0  3.812
C1F1535  97 2026 05 24.4  16.7580  +6.8854 22.3 Updated May 26.35 UT            11   0.87 23.3  2.417
C1F0EU5  85 2026 05 24.3  15.3853 -10.0916 22.0 Updated May 27.36 UT            13   1.97 19.9  1.414
C1F0295  90 2026 05 24.3  15.2913  -6.8259 22.1 Updated May 27.35 UT            20   1.78 22.2  1.611
6EN3D21 100 2026 05 24.2  16.2373 -80.2955 18.7 Updated May 27.35 UT             3   0.01 20.4  3.467
C1EYPU5 100 2026 05 23.4  15.8860  +3.5224 22.8 Updated May 26.35 UT            11   1.87 24.1  2.453
NAOCBPP  99 2026 05 20.7  14.9225 -21.7035 22.3 Updated May 27.35 UT             4   0.13 22.3  6.852
ST26EC8  98 2026 05 20.4  22.1436 -30.9963 23.9 Updated May 27.35 UT             6   0.14 28.6  7.265
P12nfaz  43 2026 05 20.3  13.2076 -27.2480 22.0 Updated May 26.35 UT            12   2.87 18.3  4.510
NAOCAN7 100 2026 05 17.7  15.2892 -21.9495 21.0 Updated May 26.35 UT             4   0.10 19.7  9.850
KPMa1Ih  87 2026 05 18.1  11.1295 -28.9229 23.5 Updated May 26.35 UT             5   0.01 20.9  9.600
CEMVK32  51 2026 05 17.4  16.3513  +7.5098 21.8 Updated May 27.66 UT            59  13.11 20.1  2.161
