CELUGR2 100 2026 05 10.3  15.0701 +30.6405 20.7 Updated May 10.37 UT             6   0.04 26.4  0.026
CELUGK2 100 2026 05 10.3  14.7979 +30.1472 21.6 Added May 10.36 UT               4   0.02 23.2  0.046
ZTF10Do 100 2026 05 10.2  12.6803 -16.3676 18.4 Added May 10.33 UT               6   0.02 27.4  0.142
ST26E26  98 2026 05 10.2  15.0571  -4.9178 19.2 Updated May 10.38 UT             8   0.13 29.1  0.019
ST26E25  98 2026 05 10.2  14.8012  -1.4108 19.9 Updated May 10.39 UT            10   0.15 28.6  0.012
CELU1Q2 100 2026 05 10.2  11.5831 +31.3975 21.9 Updated May 10.32 UT             7   0.11 25.8  0.086
ST26E24  98 2026 05 10.2  12.6914  -2.9662 19.1 Updated May 10.35 UT            10   0.17 28.9  0.049
P22n4ou  89 2026 05 09.4  14.7342  +7.5237 21.6 Updated May 10.23 UT            11   0.86 21.5  0.175
ZTF10Dn 100 2026 05 09.3  16.3594 -12.0424 18.6 Added May 9.51 UT                4   0.04 26.9  1.062
XA9ttXA  89 2026 05 08.8  15.1481  +1.7728 22.0 Updated May 10.38 UT             6   1.61 19.1  0.025
ST26E18 100 2026 05 09.4  15.5681 -15.4415 20.4 Added May 9.37 UT                4   0.00 28.7  1.032
CELT2A2  94 2026 05 09.3  13.6950 +35.6833 20.4 Updated May 10.36 UT            24   0.91 21.5  0.216
CELT0C2  93 2026 05 09.2  12.9292 +40.0419 20.9 Updated May 10.15 UT            16   0.89 22.9  0.256
CELRZD2 100 2026 05 09.2  12.6081 +34.9256 21.7 Updated May 9.36 UT              8   0.10 22.8  1.050
TF26E23 100 2026 05 09.2  13.1199  -4.8665 17.0 Updated May 10.39 UT             2   0.00 19.6  1.181
gb00845  72 2026 05 08.8  13.0407  -9.1959 20.1 Updated May 10.34 UT            48   1.53 23.9  0.062
P22n0x5  72 2026 05 08.5  15.3001 -15.4047 20.3 Updated May 10.09 UT            30   1.70 30.0  0.321
ZTF10Dl 100 2026 05 08.3  18.3493 -15.4459 19.9 Updated May 10.31 UT             4   0.03 27.0  2.029
ST26E14 100 2026 05 08.4  13.3956  -3.6900 17.9 Updated May 10.31 UT             2   0.00 21.3  1.973
P22n0vC  26 2026 05 08.3  14.8374  +9.9777 22.3 Updated May 10.26 UT            22   1.91 19.8  0.150
CELLEH2  86 2026 05 08.3  15.8172 -15.7548 22.5 Updated May 10.22 UT            12   1.86 32.6  0.241
CELHF72  75 2026 05 08.3  14.9725 -10.0493 21.3 Updated May 10.28 UT            30   1.97 24.6  0.126
P22n0gv  96 2026 05 07.6  17.2066 +48.1420 21.1 Updated May 9.45 UT             22   1.84 21.3  0.959
P22n0fQ  97 2026 05 07.4  15.0908  +9.8728 22.1 Updated May 9.34 UT              3   0.04 24.3  2.990
ZTF10Di 100 2026 05 07.4  21.8988 -11.5677 21.9 Updated May 9.34 UT              4   0.02 27.4  3.005
S001563  73 2026 05 07.0  13.0028 -26.8724 21.4 Updated May 9.33 UT              3   0.03 17.7  3.321
P22mZLU  93 2026 05 06.3  11.7480 -17.4594 20.9 Updated May 10.39 UT            10   1.71 20.6  2.417
A11BX2S 100 2026 05 05.2  19.1940  +1.5612 20.1 Updated May 9.33 UT              2   0.01 24.8  5.167
A11BRI6  53 2026 05 03.0  10.6064 -40.2626 18.8 Updated May 10.31 UT            50   5.00 19.9  2.381
ZTF10Df  98 2026 05 02.2  10.4174  +1.4472 23.4 Updated May 9.33 UT              9   0.68 26.6  7.554
C1EUYV5  91 2026 04 27.5  17.3313 +18.5238 21.8 Updated May 10.33 UT            24  12.79 12.7  0.140
