ST26E34 100 2026 05 10.5  14.9231 +14.9864 20.3 Added May 10.70 UT               2   0.00 26.4  0.522
ST26E31 100 2026 05 10.4  14.3670  -1.1163 18.7 Updated May 10.97 UT            11   0.52 25.9  0.023
ZTF10Dp 100 2026 05 10.2  11.5858 +10.4246 18.3 Added May 10.57 UT               4   0.03 21.9  0.740
6E94521 100 2026 05 10.4  19.3398 -55.3517 18.3 Added May 10.41 UT               3   0.01 20.8  0.608
CELUGK2 100 2026 05 10.3  14.8022 +29.1268 21.6 Updated May 10.44 UT            11   0.10 23.4  0.547
ZTF10Do  98 2026 05 10.2  13.0618  -8.3254 18.4 Updated May 10.48 UT             6   0.23 26.6  0.522
ST26E26  98 2026 05 10.2  15.3334  -8.6997 20.4 Updated May 10.96 UT            13   0.71 29.1  0.030
CELU1Q2 100 2026 05 10.2  11.5819 +31.3653 22.4 Updated May 10.32 UT             7   0.11 25.8  0.671
ST26E24  98 2026 05 10.2   9.3622 -24.5582 18.6 Updated May 10.52 UT            13   0.29 29.1  0.507
P22n4ou  67 2026 05 09.4  14.7309  +7.4487 21.4 Updated May 10.95 UT            18   1.56 21.3  0.063
ZTF10Dn 100 2026 05 09.3  16.6496 -12.5684 19.4 Added May 9.51 UT                4   0.04 26.9  1.647
XA9ttXA  99 2026 05 08.8  15.1361  +1.8055 22.2 Updated May 10.41 UT             8   1.61 20.7  0.610
ST26E18 100 2026 05 09.4  15.7144 -16.8843 21.0 Added May 9.37 UT                4   0.00 28.7  1.616
CELT2A2  72 2026 05 09.3  13.6338 +35.1790 20.4 Updated May 10.94 UT            32   1.66 21.5  0.044
CELT0C2  76 2026 05 09.2  12.8262 +41.9227 21.0 Updated May 10.93 UT            21   1.67 22.9  0.059
CELRZD2 100 2026 05 09.2  12.5664 +35.3510 21.9 Updated May 9.36 UT              8   0.10 22.8  1.634
TF26E23 100 2026 05 09.2  13.0533  -4.4328 17.3 Updated May 10.97 UT             2   0.00 19.6  1.766
ZTF10Dl 100 2026 05 08.3  18.5898 -15.5148 20.5 Updated May 10.31 UT             4   0.03 27.0  2.614
ST26E14 100 2026 05 08.4  13.3805  -3.5313 17.9 Updated May 10.31 UT             2   0.00 21.3  2.558
P22n0vC  26 2026 05 08.3  14.8229  +9.8953 22.3 Updated May 10.26 UT            22   1.91 19.8  0.735
CELLEH2  86 2026 05 08.3  15.8433 -16.1460 22.9 Updated May 10.22 UT            12   1.86 32.6  0.826
P22n0fQ  97 2026 05 07.4  15.0862  +9.9468 22.2 Updated May 9.34 UT              3   0.04 24.3  3.575
ZTF10Di 100 2026 05 07.4  22.0669 -11.0623 22.4 Updated May 9.34 UT              4   0.02 27.4  3.590
S001563  73 2026 05 07.0  13.0000 -26.9025 21.5 Updated May 9.33 UT              3   0.03 17.7  3.906
P22mZLU  93 2026 05 06.3  11.7702 -16.9857 20.9 Updated May 10.97 UT            10   1.71 20.6  3.002
A11BRI6  35 2026 05 03.0  10.7454 -39.9766 18.8 Updated May 10.91 UT            52   7.13 19.8  0.840
ZTF10Df  98 2026 05 02.2  10.4214  +1.4387 23.6 Updated May 9.33 UT              9   0.68 26.6  8.139
C1EUYV5  91 2026 04 27.5  17.3235 +18.5576 21.8 Updated May 10.33 UT            24  12.79 12.7  0.724
