P12nfxd  98 2026 05 25.6  17.8368 +16.1823 21.8 Updated May 25.79 UT             6   1.15 22.5  0.445
P12nfwU  96 2026 05 25.5  16.9103 +14.4504 21.7 Updated May 25.97 UT             8   8.14 23.3  0.501
C1F32J5 100 2026 05 25.4  17.2104 +12.5411 22.0 Added May 25.48 UT               4   0.02 25.7  0.561
C1F3245  75 2026 05 25.4  17.0224 +10.6417 22.9 Added May 25.48 UT               4   0.02 16.9  0.564
SJA1250 100 2026 05 24.9  16.8960 +61.5712 20.3 Added May 25.42 UT               3   0.03 17.5  1.065
C1F2X35  91 2026 05 25.4  16.3449  +1.5314 21.9 Updated May 25.46 UT             8   0.09 21.4  0.573
C1F2HL5 100 2026 05 25.4  16.3461 -11.5025 22.4 Updated May 25.43 UT             8   0.07 25.5  0.609
C1F2HK5 100 2026 05 25.4  16.1898 -11.6067 21.8 Updated May 25.43 UT             8   0.07 22.8  0.611
C1F1TD5 100 2026 05 25.3  15.6078  +4.4129 21.9 Added May 25.33 UT               4   0.02 27.4  0.707
C03UYWZ 100 2026 05 23.4  16.7569 +10.7822 23.0 Added May 25.30 UT               4   0.02 25.5  2.569
A11CUyv  96 2026 05 24.1  17.5924 -57.1138 18.9 Updated May 25.44 UT            10   1.27 18.7  0.620
P12nfw2 100 2026 05 24.6  21.0385  -3.8791 21.4 Updated May 25.71 UT             5   1.00 19.3  0.440
NAOCLYL  85 2026 05 23.8  15.8992 -19.7953 21.6 Added May 24.59 UT               4   0.10 21.5  2.179
A11CQzo 100 2026 05 24.4  21.1213 -18.4937 19.7 Added May 24.51 UT               5   0.05 29.9  1.601
P12nfqd 100 2026 05 24.4  15.9347 -22.4068 20.5 Updated May 25.97 UT            12   1.55 21.5  0.078
oKr0080 100 2026 05 23.9  23.4866 +18.5416 20.2 Added May 24.47 UT               3   0.00 15.5  2.146
C1F1535  87 2026 05 24.4  16.7576  +6.4187 22.4 Updated May 25.30 UT            11   0.87 23.3  0.750
C1F0TQ5  89 2026 05 24.4  15.8721  -7.9637 21.7 Updated May 25.39 UT            15   2.93 24.3  0.770
C1F0EU5  87 2026 05 24.3  15.4181 -10.0862 22.1 Updated May 24.39 UT             8   0.07 14.8  1.645
C1F0295  90 2026 05 24.3  15.3226  -7.1616 22.1 Updated May 25.21 UT            17   0.88 22.2  0.839
6EN3D21 100 2026 05 24.2  16.5317 -79.5680 18.8 Updated May 25.35 UT             3   0.01 21.1  1.801
C1EYPU5 100 2026 05 23.4  15.8573  +3.2903 22.9 Updated May 25.26 UT            11   1.87 24.2  0.787
C1EYD55  69 2026 05 23.3  15.7538 -13.4608 22.1 Updated May 25.35 UT            12   0.95 20.1  1.756
NAOCBPP  99 2026 05 20.7  14.8971 -20.6916 22.2 Updated May 25.35 UT             4   0.13 22.4  5.186
C46CD31 100 2026 05 21.4   1.5324  -3.0205 27.5 Updated May 25.35 UT             7   0.05 28.6  4.593
ST26ED1  98 2026 05 21.2   1.7193 -14.5717 27.9 Updated May 25.35 UT            20   0.16 30.2  4.651
ST26EC8  98 2026 05 20.4  21.7645 -30.9754 23.2 Updated May 25.35 UT             6   0.14 28.6  5.599
ST26EC7  98 2026 05 20.4   2.4768  -8.3930 30.2 Updated May 25.35 UT             6   0.11 30.3  5.605
P12nfaz  43 2026 05 20.3  13.2178 -27.5612 21.9 Updated May 24.34 UT            12   2.87 18.3  2.844
NAOCAN7 100 2026 05 17.7  15.2832 -21.9027 21.0 Updated May 24.34 UT             4   0.10 19.9  8.183
KPMa1Ih  87 2026 05 18.1  11.1255 -28.1574 23.4 Updated May 24.34 UT             5   0.01 20.8  7.933
CEMVK32  53 2026 05 17.4  16.4644  +8.2958 21.7 Updated May 24.42 UT            50  11.97 20.1  1.631
P12neKs  35 2026 05 14.6  18.0128 +56.9240 19.9 Updated May 25.03 UT           167  10.45 15.1  1.016
