P12nfxd  98 2026 05 25.6  17.8388 +16.1233 21.8 Updated May 25.79 UT             6   1.15 22.5  0.320
P12nfwU  96 2026 05 25.5  16.9092 +14.4082 21.7 Updated May 25.79 UT             5   1.11 23.1  0.376
C1F32J5 100 2026 05 25.4  17.2111 +12.3121 22.0 Added May 25.48 UT               4   0.02 25.7  0.436
C1F3245  75 2026 05 25.4  17.0251 +10.6513 22.9 Added May 25.48 UT               4   0.02 16.9  0.439
SJA1250 100 2026 05 24.9  16.9043 +61.6198 20.3 Added May 25.42 UT               3   0.03 17.5  0.940
C1F2X35  91 2026 05 25.4  16.3486  +1.6826 21.9 Updated May 25.46 UT             8   0.09 21.4  0.448
C1F2HL5 100 2026 05 25.4  16.3305 -11.4689 22.4 Updated May 25.43 UT             8   0.07 25.5  0.484
C1F2HK5 100 2026 05 25.4  16.1960 -11.4939 21.8 Updated May 25.43 UT             8   0.07 22.8  0.486
C1F1TD5 100 2026 05 25.3  15.5845  +4.5156 22.0 Added May 25.33 UT               4   0.02 27.4  0.582
C03UYWZ 100 2026 05 23.4  16.7576 +10.6264 23.0 Added May 25.30 UT               4   0.02 25.5  2.444
A11CUyv  96 2026 05 24.1  17.5953 -57.2297 19.0 Updated May 25.44 UT            10   1.27 18.7  0.495
P12nfw2 100 2026 05 24.6  21.0314  -3.9304 21.4 Updated May 25.71 UT             5   1.00 19.3  0.315
NAOCLYL  85 2026 05 23.8  15.8987 -19.9207 21.6 Added May 24.59 UT               4   0.10 21.5  2.054
A11CQzo 100 2026 05 24.4  20.9736 -18.6707 19.5 Added May 24.51 UT               5   0.05 29.9  1.476
P12nfqd 100 2026 05 24.4  15.9378 -22.5490 20.5 Updated May 25.69 UT             9   1.06 21.5  0.437
oKr0080 100 2026 05 23.9  23.4862 +18.5379 20.2 Added May 24.47 UT               3   0.00 15.5  2.021
C1F1535  87 2026 05 24.4  16.7575  +6.3837 22.5 Updated May 25.30 UT            11   0.87 23.3  0.625
C1F0TQ5  89 2026 05 24.4  15.8799  -7.7923 21.7 Updated May 25.39 UT            15   2.93 24.3  0.645
C1F0EU5  87 2026 05 24.3  15.4207 -10.0868 22.1 Updated May 24.39 UT             8   0.07 14.8  1.520
C1F0295  90 2026 05 24.3  15.3249  -7.1872 22.1 Updated May 25.21 UT            17   0.88 22.2  0.714
6EN3D21 100 2026 05 24.2  16.5499 -79.5032 18.8 Updated May 25.35 UT             3   0.01 21.1  1.676
C1EYPU5 100 2026 05 23.4  15.8551  +3.2715 22.9 Updated May 25.26 UT            11   1.87 24.2  0.662
C1EYD55  69 2026 05 23.3  15.7575 -13.4316 22.1 Updated May 25.35 UT            12   0.95 20.1  1.631
NAOCBPP  99 2026 05 20.7  14.8952 -20.6139 22.2 Updated May 25.35 UT             4   0.13 22.4  5.061
C46CD31 100 2026 05 21.4   1.5196  -3.0391 27.4 Updated May 25.35 UT             7   0.05 28.6  4.468
ST26ED1  98 2026 05 21.2   1.7136 -14.5951 27.9 Updated May 25.35 UT            20   0.16 30.2  4.526
ST26EC8  98 2026 05 20.4  21.7253 -30.9585 23.1 Updated May 25.35 UT             6   0.14 28.6  5.474
ST26EC7  98 2026 05 20.4   2.4749  -8.3956 30.1 Updated May 25.35 UT             6   0.11 30.3  5.480
P12nfaz  43 2026 05 20.3  13.2186 -27.5847 21.9 Updated May 24.34 UT            12   2.87 18.3  2.719
NAOCAN7 100 2026 05 17.7  15.2829 -21.8997 21.0 Updated May 24.34 UT             4   0.10 19.9  8.058
KPMa1Ih  87 2026 05 18.1  11.1253 -28.1053 23.4 Updated May 24.34 UT             5   0.01 20.8  7.808
CEMVK32  53 2026 05 17.4  16.4731  +8.3552 21.7 Updated May 24.42 UT            50  11.97 20.1  1.506
P12neKs  35 2026 05 14.6  18.0170 +56.9419 19.9 Updated May 25.03 UT           167  10.45 15.1  0.891
