P12neKJ 100 2026 05 14.3  13.0225 -23.4787 21.1 Added May 14.92 UT               3   0.02 13.5  0.794
P12neKs  97 2026 05 14.6  18.3573 +57.9871 20.1 Updated May 15.07 UT             6   0.48 14.5  0.099
P12nc1w  96 2026 05 14.5  16.2260  -5.1999 20.6 Updated May 15.02 UT            14   0.65 24.9  0.142
P12nc1d 100 2026 05 14.5  16.9209  -5.2851 21.3 Added May 14.58 UT               3   0.04 22.8  0.628
P12nc1c  98 2026 05 14.5  16.8056  -6.6810 21.7 Updated May 14.79 UT             5   0.13 19.9  0.539
RFD0300 100 2026 05 13.0  23.6943 -35.0963 24.3 Added May 14.52 UT               2   0.00 29.5  2.122
CEMAUH2 100 2026 05 14.4  16.4557  +2.1604 21.3 Updated May 14.46 UT             6   0.07 24.0  0.710
CEMAY32 100 2026 05 14.4  16.6330  +3.0686 20.4 Updated May 15.07 UT            11   0.65 24.0  0.114
ST26E61 100 2026 05 14.3  16.3158  +0.2764 21.2 Updated May 14.37 UT             6   0.05 28.7  0.786
CEM9MQ2  98 2026 05 14.3  15.2066  -4.7351 19.8 Updated May 14.41 UT             8   0.09 28.6  0.749
CEM9DH2  98 2026 05 14.3  14.9082  +2.0160 20.6 Updated May 15.11 UT            13   0.78 24.4  0.062
ST26E57 100 2026 05 14.3  15.6839  -6.8200 19.1 Updated May 14.33 UT             8   0.05 27.0  0.825
CEM7YT2  86 2026 05 14.3  13.2601  +0.5388 19.9 Updated May 15.13 UT            27   0.86 21.9  0.033
ST26E52  86 2026 05 14.2  13.5767 +13.4852 20.2 Updated May 15.12 UT            22   0.85 26.1  0.055
MZ26075 100 2026 05 13.8  16.9359  +2.3840 19.7 Added May 14.13 UT               3   0.01 25.1  1.330
A11CmCW 100 2026 05 13.3   5.2295 -76.2572 19.5 Added May 13.75 UT               4   0.02 24.5  1.778
A11CmCS 100 2026 05 13.3  16.7151 -36.5228 19.4 Added May 13.75 UT               4   0.04 25.4  1.836
OCA1642  84 2026 05 13.1  13.7529 -31.2101 19.4 Added May 13.56 UT               3   0.02 13.4  2.025
A11Cmv6  86 2026 05 13.0   8.4933 -50.2312 18.9 Updated May 15.01 UT            16   1.92 19.0  0.186
P22n4PC  60 2026 05 12.4  13.9667 -12.9402 20.6 Updated May 14.21 UT            17   1.83 21.0  0.960
CEM26R2  13 2026 05 12.4  16.5845 +15.4167 20.6 Updated May 14.25 UT            21   2.69 17.0  0.913
CEM1XD2  13 2026 05 12.3  14.4933 +17.4289 22.2 Updated May 14.22 UT            20   6.88 19.2  0.943
SO0005e 100 2026 05 11.7   0.1166  +5.7111 26.7 Updated May 14.35 UT             3   0.00 28.9  3.441
SO0005d 100 2026 05 11.7  19.0756 -24.8377 21.9 Updated May 14.34 UT             4   0.00 28.2  3.440
SO0005c 100 2026 05 11.7  22.5976 -30.0387 23.6 Updated May 14.34 UT             3   0.00 28.6  3.494
SO0005b 100 2026 05 11.6  22.9315  -8.6566 22.5 Updated May 14.34 UT             3   0.00 26.6  3.505
CELXZH2 100 2026 05 11.3  14.7448 +24.3636 22.3 Updated May 14.35 UT             3   0.01 25.0  3.804
6E94521  10 2026 05 10.4  19.7146 -65.0029 19.5 Updated May 14.42 UT            44   4.03 19.0  0.755
S001563  73 2026 05 07.0  12.9816 -27.1070 21.6 Updated May 14.34 UT             3   0.03 17.5  8.075
C1EUYV5  35 2026 04 27.5  17.2669 +18.7852 21.9 Updated May 14.43 UT            36 297.21 12.8  1.654
