A11CDyX 100 2026 05 18.0  10.7809 -33.4724 19.6 Added May 18.22 UT               4   0.02 21.1  0.296
P22nf7J 100 2026 05 17.6  16.4024 +33.1216 20.9 Updated May 18.32 UT             7   0.41 23.0  0.383
P22nf7G 100 2026 05 17.6  16.2040 +34.7916 22.1 Added May 17.77 UT               4   0.04 22.8  0.758
P22nf3F  32 2026 05 17.5  17.5995 +36.9974 21.4 Updated May 18.35 UT            12   0.81 19.0  0.061
CEMVK32 100 2026 05 17.4  17.0618 +11.9742 21.6 Updated May 18.33 UT            30   5.77 20.2  0.157
A11Cvk7 100 2026 05 16.9  13.7272 -72.6173 19.6 Added May 16.99 UT               4   0.03 21.5  1.434
CEMRK82  84 2026 05 16.5  21.5680 -10.0772 21.6 Added May 16.49 UT               3   0.01 17.7  1.898
A11Cswo 100 2026 05 16.0  17.1907 -23.3442 18.4 Updated May 17.33 UT             4   0.02 22.1  2.361
ZTF10Du 100 2026 05 15.3  16.9444 -36.5976 19.5 Updated May 17.33 UT             4   0.03 26.4  3.064
ST26E84  98 2026 05 15.4  15.4008 +10.7210 20.6 Updated May 17.33 UT             6   0.47 26.4  2.473
ST26E75  98 2026 05 15.2   2.5012 -23.7817 26.2 Updated May 16.82 UT             7   0.09 28.6  3.043
P12neKs  35 2026 05 14.6  18.2623 +57.7728 20.2 Updated May 18.33 UT            58   3.67 15.3  0.123
RFD0300 100 2026 05 13.0  19.6400 -44.8425 25.1 Updated May 16.38 UT             2   0.00 29.8  5.332
CEMAUH2 100 2026 05 14.4  16.0485 -11.0359 21.2 Updated May 16.38 UT             6   0.07 23.9  3.920
ST26E61 100 2026 05 14.3  16.6952  +0.7285 23.8 Updated May 16.38 UT             6   0.05 29.0  3.996
MZ26075 100 2026 05 13.8  16.8215  -0.6480 22.8 Updated May 16.37 UT             3   0.01 27.4  4.540
A11CmCW 100 2026 05 13.3   6.3302 -71.3470 21.1 Updated May 16.38 UT             4   0.02 24.8  4.988
A11CmCS 100 2026 05 13.3  17.2429 -30.2223 20.6 Updated May 16.38 UT             4   0.04 25.4  5.046
OCA1642  84 2026 05 13.1  13.7015 -31.3935 19.4 Updated May 16.37 UT             3   0.02 14.0  5.234
S001563  73 2026 05 07.0  12.9794 -27.2396 21.7 Updated May 16.37 UT             3   0.03 18.3 11.285
C1EUYV5  35 2026 04 27.5  17.2221 +18.9425 21.9 Updated May 16.81 UT            36 300.17 12.8  1.901
