P22nf7J 100 2026 05 17.6  16.4169 +32.4288 21.3 Added May 17.77 UT               3   0.04 19.5  0.173
P22nf7G 100 2026 05 17.6  16.1897 +34.2704 22.1 Added May 17.77 UT               4   0.04 22.8  0.173
P12nf3G  89 2026 05 17.5  16.2592  -8.1073 21.6 Added May 17.58 UT               3   0.02 24.2  0.277
P22nf3F  66 2026 05 17.5  17.5997 +36.8957 21.5 Added May 17.57 UT               4   0.04 17.0  0.245
A11CvyY 100 2026 05 17.4  14.2073 -23.8176 19.5 Updated May 17.61 UT            13   0.23 23.3  0.181
CEMVK32  98 2026 05 17.4  17.1118 +12.2499 21.7 Updated May 17.51 UT            14   0.11 19.4  0.303
CEMVGV2 100 2026 05 17.3  16.1020 +12.3524 20.0 Updated May 17.70 UT            24   0.34 25.9  0.097
CEMV1Q2  98 2026 05 17.3  15.2275  +7.5683 21.0 Updated May 17.44 UT            16   0.13 26.3  0.346
CEMUUC2 100 2026 05 17.3  14.4705 +10.5281 20.5 Updated May 17.39 UT            14   0.10 25.6  0.393
A11Cvk7 100 2026 05 16.9  13.9446 -73.0818 19.6 Added May 16.99 UT               4   0.03 21.5  0.849
CEMRK82  84 2026 05 16.5  21.5515  -9.9649 21.6 Added May 16.49 UT               3   0.01 17.7  1.314
CEMK452  77 2026 05 16.3  14.2988  -4.4810 21.5 Updated May 17.33 UT            24   1.03 22.1  0.465
A11Cswo 100 2026 05 16.0  17.2263 -23.4934 18.5 Updated May 17.33 UT             4   0.02 22.1  1.776
ZTF10Du 100 2026 05 15.3  16.7442 -35.9074 19.0 Updated May 17.33 UT             4   0.03 26.4  2.479
ST26E84  98 2026 05 15.4  15.2927 +10.7576 20.5 Updated May 17.33 UT             6   0.47 26.4  1.888
ST26E75  98 2026 05 15.2   2.4792 -25.8976 25.4 Updated May 16.82 UT             7   0.09 28.6  2.458
P12neKs  91 2026 05 14.6  18.2801 +57.8176 20.3 Updated May 17.36 UT            48   2.50 15.4  0.706
RFD0300 100 2026 05 13.0  19.5843 -44.7313 24.9 Updated May 16.38 UT             2   0.00 29.8  4.747
CEMAUH2 100 2026 05 14.4  16.1155  -8.9145 21.2 Updated May 16.38 UT             6   0.07 23.9  3.335
ST26E61 100 2026 05 14.3  16.6708  +0.7092 23.5 Updated May 16.38 UT             6   0.05 29.0  3.411
MZ26075 100 2026 05 13.8  16.8054  -0.9477 22.5 Updated May 16.37 UT             3   0.01 27.4  3.955
A11CmCW 100 2026 05 13.3   6.2524 -71.8248 20.9 Updated May 16.38 UT             4   0.02 24.8  4.403
A11CmCS 100 2026 05 13.3  17.1875 -30.9668 20.4 Updated May 16.38 UT             4   0.04 25.4  4.461
OCA1642  84 2026 05 13.1  13.7106 -31.3625 19.4 Updated May 16.37 UT             3   0.02 14.0  4.650
CEM1XD2  11 2026 05 12.3  14.4400 +17.0258 22.3 Updated May 17.20 UT            25   9.86 19.3  0.592
S001563  73 2026 05 07.0  12.9801 -27.2147 21.7 Updated May 16.37 UT             3   0.03 18.3 10.700
C1EUYV5  35 2026 04 27.5  17.2304 +18.9150 21.9 Updated May 16.81 UT            36 300.17 12.8  1.316
