TF26EE0 100 2026 05 20.5  16.6539  +8.3297 20.0 Updated May 20.74 UT             4   0.02 28.7  0.257
TF26ED8 100 2026 05 20.5  16.4136  +2.4725 18.2 Added May 20.66 UT               2   0.00 24.3  0.278
ST26EC8 100 2026 05 20.4  15.8853  +0.7291 18.7 Updated May 20.66 UT             4   0.02 27.1  0.304
ST26EC7 100 2026 05 20.4  18.4430  +6.7241 16.5 Updated May 20.60 UT             4   0.01 29.5  0.310
ST26EC5 100 2026 05 20.3  17.3146  -3.7805 19.0 Updated May 20.59 UT             4   0.03 24.6  0.403
P12nfgD  86 2026 05 20.4  16.0010  -7.2035 21.6 Updated May 20.69 UT             6   0.14 20.1  0.166
P12nffX  10 2026 05 20.5  16.3999 -20.6981 21.7 Updated May 20.69 UT             5   0.08 14.9  0.169
P12nfdO  94 2026 05 20.5  16.2649 -22.8535 21.5 Updated May 20.69 UT             5   0.09 28.9  0.170
P12nffV  69 2026 05 20.5  16.5088 -19.4810 20.6 Updated May 20.70 UT             6   0.09 18.0  0.167
P12nfdQ  98 2026 05 20.4  15.6483 -15.8653 19.8 Updated May 20.69 UT             5   0.12 27.9  0.171
P22nfcp 100 2026 05 20.4  16.9411  +3.7004 21.1 Updated May 20.70 UT             7   0.16 22.2  0.162
P22nfcS  83 2026 05 20.4  16.9186  +2.2187 20.6 Updated May 20.70 UT             7   0.16 17.4  0.162
P12nfck  98 2026 05 20.4  14.2529 -25.5932 19.1 Updated May 20.69 UT             6   0.11 26.1  0.251
P12nfaz  80 2026 05 20.3  13.2598 -28.5614 21.9 Updated May 20.70 UT             5   0.13 14.5  0.288
P22nfat  74 2026 05 20.4  16.2107 +21.3353 21.8 Updated May 20.69 UT             5   0.22 14.4  0.160
P22nfau  38 2026 05 20.4  16.7731 +17.0163 21.4 Updated May 20.69 UT             8   8.01 17.2  0.158
P22nfad 100 2026 05 20.4  16.9657 +20.1331 21.0 Updated May 20.69 UT             5   0.22 25.5  0.157
CEN5QX2  91 2026 05 19.4  16.2027 -14.8862 20.6 Updated May 20.52 UT            21   1.02 25.4  0.324
A11CGDH 100 2026 05 19.2  16.3952 -71.6816 19.1 Updated May 20.02 UT             7   0.76 22.0  0.760
A11CGDI  86 2026 05 19.2  17.2364 -44.5474 18.7 Updated May 20.63 UT            24   1.40 21.4  0.156
NAOCAN7 100 2026 05 17.7  15.2750 -21.7582 20.7 Updated May 20.34 UT             4   0.10 20.1  2.889
KPMa1Ih  87 2026 05 18.1  11.1286 -25.8083 23.2 Updated May 20.34 UT             5   0.01 20.8  2.638
A11CDyX  83 2026 05 18.0  10.9162 -31.7558 19.6 Updated May 20.30 UT            19   1.92 20.6  0.768
CEMVK32  35 2026 05 17.4  16.8637 +10.8371 21.6 Updated May 20.52 UT            41   7.48 20.1  0.828
A11Cvk7 100 2026 05 16.9  13.1281 -70.7533 19.9 Updated May 20.34 UT             4   0.03 22.4  3.812
CEMRK82  84 2026 05 16.5  21.6353 -10.5610 21.5 Updated May 20.34 UT             3   0.01 17.4  4.276
A11Cswo 100 2026 05 16.0  17.0581 -22.8850 18.5 Updated May 20.62 UT             6   0.92 16.3  3.839
ST26E75  98 2026 05 15.2   2.5333 -20.6421 27.8 Updated May 20.34 UT             7   0.09 28.6  5.420
P12neKs  35 2026 05 14.6  18.1880 +57.5629 20.0 Updated May 20.37 UT           101   5.47 15.2  0.695
CEMAUH2 100 2026 05 14.4  15.7903 -18.8325 21.1 Updated May 20.34 UT             6   0.07 23.9  6.297
