ST26ED7 100 2026 05 21.3  17.7595  +6.4702 19.1 Updated May 21.35 UT             4   0.02 24.4  0.020
6EK3F21  20 2026 05 21.3  17.2247 -23.5847 16.5 Added May 21.31 UT               3   0.01 16.7  0.094
ST26ED4 100 2026 05 21.3  16.1360  +6.2435 19.3 Updated May 21.35 UT             8   0.07 27.5  0.018
ST26ED1 100 2026 05 21.2  15.1420  +8.4058 19.0 Updated May 21.31 UT            10   0.07 29.6  0.063
TF26EE0 100 2026 05 20.5  16.4866  +8.6527 21.4 Updated May 20.74 UT             4   0.02 28.7  0.882
TF26ED8 100 2026 05 20.5  16.7198  +0.1315 18.3 Added May 20.66 UT               2   0.00 24.3  0.903
ST26EC8 100 2026 05 20.4  17.1002 -10.0992 18.5 Updated May 20.66 UT             4   0.02 27.1  0.929
ST26EC7 100 2026 05 20.4   2.0457  -8.1349 25.5 Updated May 20.60 UT             4   0.01 29.5  0.935
ST26EC5 100 2026 05 20.3  16.6999  -8.6269 19.0 Updated May 20.59 UT             4   0.03 24.6  1.028
P12nfgD  86 2026 05 20.4  15.9845  -7.3214 21.6 Updated May 20.69 UT             6   0.14 20.1  0.791
P12nffX  10 2026 05 20.5  16.3886 -20.7561 21.7 Updated May 20.69 UT             5   0.08 14.9  0.794
P12nfdO  94 2026 05 20.5  16.2626 -23.2092 22.1 Updated May 20.69 UT             5   0.09 28.9  0.795
P12nffV  69 2026 05 20.5  16.5054 -19.2188 20.6 Updated May 20.70 UT             6   0.09 18.0  0.792
P12nfdQ  86 2026 05 20.4  15.2503 -13.4962 19.2 Updated May 21.35 UT            21   0.86 28.1  0.064
P22nfcS  71 2026 05 20.4  16.9132  +2.0684 20.7 Updated May 21.34 UT            15   6.92 20.6  0.053
P12nfaz  80 2026 05 20.3  13.2537 -28.4431 21.9 Updated May 20.70 UT             5   0.13 14.5  0.913
P22nfat  74 2026 05 20.4  16.1996 +21.4089 21.8 Updated May 20.69 UT             5   0.22 14.4  0.785
A11CGDH 100 2026 05 19.2  16.4922 -71.1252 18.7 Updated May 21.04 UT            13   1.72 21.9  0.426
A11CGDI  84 2026 05 19.2  17.3178 -43.6885 18.7 Updated May 21.20 UT            27   1.72 21.4  0.454
NAOCAN7 100 2026 05 17.7  15.2757 -21.7794 20.7 Updated May 21.35 UT             4   0.10 19.6  3.514
KPMa1Ih  87 2026 05 18.1  11.1268 -26.1026 23.3 Updated May 21.35 UT             5   0.01 20.8  3.263
CEMVK32  55 2026 05 17.4  16.8135 +10.5362 21.6 Updated May 20.52 UT            41   7.48 20.1  1.453
ST26E75  98 2026 05 15.2   2.5376 -20.2560 28.0 Updated May 21.35 UT             7   0.09 28.5  6.045
P12neKs  35 2026 05 14.6  18.1679 +57.5001 20.0 Updated May 21.30 UT           115   6.48 15.2  0.316
