P12o4vT 100 2026 07 13.4  16.5531 -10.6349 19.8 Added July 13.40 UT              2   0.01 22.1  0.084
A11ECdO 100 2026 07 13.0  20.8540 -46.6731 17.9 Added July 13.31 UT              3   0.03 22.8  0.373
A11EBEK 100 2026 07 12.1  20.5146 -47.9221 19.4 Updated July 13.24 UT           12   0.93 23.1  0.384
P12o4vO 100 2026 07 11.6   9.4253 -11.4023 24.3 Updated July 13.24 UT            3   0.01 26.0  1.858
P12o4vF  96 2026 07 11.5  22.7146 -18.3310 22.0 Updated July 12.57 UT            7   1.01 19.4  0.903
P12o4vm  84 2026 07 11.5  22.4670 -18.2879 20.9 Updated July 12.57 UT            7   1.01 18.4  0.907
P12o4vl  97 2026 07 11.5  22.4229 -19.0442 20.7 Updated July 12.55 UT            7   1.00 18.5  0.914
P12o4vk  66 2026 07 11.5  22.3609 -20.8849 20.7 Updated July 12.55 UT           10  21.97 19.1  0.919
P12o4v9 100 2026 07 11.6  23.0281 -18.3472 20.8 Updated July 12.58 UT            8   1.00 21.3  0.896
ZTF10El 100 2026 07 11.3   0.3780  -3.1246 21.3 Updated July 13.24 UT            4   0.02 27.7  2.119
ZTF10En 100 2026 07 11.4   9.9272 -26.0720 27.4 Updated July 13.24 UT            2   0.00 29.8  2.055
S001621 100 2026 07 11.2  22.0578 -33.1081 20.0 Updated July 13.24 UT            3   0.04 19.6  2.191
P12o2DL  79 2026 07 11.5  21.7699  +8.0883 21.4 Updated July 13.33 UT           21   1.84 22.1  0.140
A11EvW0 100 2026 07 11.3  20.0141 -26.3104 19.5 Updated July 13.23 UT            4   0.02 24.9  2.182
ST26G26 100 2026 07 10.5  20.4937  +1.1524 21.5 Updated July 12.25 UT            4   0.01 27.0  2.991
TF26G22 100 2026 07 10.3  11.4812 -10.7410 23.0 Updated July 13.24 UT            4   0.94 24.8  2.221
ST26G18 100 2026 07 10.3   8.2032 +50.6859 27.0 Updated July 12.25 UT            4   0.02 26.1  3.127
ST26G17 100 2026 07 10.3   7.7087 -18.2853 28.6 Updated July 12.25 UT            2   0.00 28.8  3.169
A11Evap  84 2026 07 09.9  19.8384 -34.3299 19.0 Updated July 13.33 UT           26   3.40 21.8  0.131
P12o0YY  99 2026 07 09.5  20.6970 -20.8857 20.8 Updated July 12.25 UT            6   0.08 18.9  3.914
CEQJF02  74 2026 07 09.3  23.2559 +13.2492 21.9 Updated July 13.36 UT           31   4.01 27.3  0.107
P12o0Y1  81 2026 07 08.5  20.1417 -29.2354 21.3 Updated July 13.31 UT           16  21.75 22.6  0.158
P12nXce 100 2026 07 08.5  21.7134 -35.4315 21.1 Updated July 12.31 UT           14   3.65 21.5  1.298
A11EpSe  80 2026 07 08.2  19.6348 -29.4717 19.2 Updated July 13.23 UT           16   3.70 19.0  1.583
W2nCdO   79 2026 07 07.4  19.1700 -24.8647 24.0 Updated July 12.25 UT           11  19.01 26.6  4.034
ST26G01  98 2026 07 07.2  21.5006 -61.5162 22.4 Updated July 12.25 UT           14   0.10 27.0  6.107
P22nTNT  10 2026 07 06.5  18.2832 +16.9748 21.2 Updated July 13.32 UT           33   6.85 19.2  0.147
MAS0006  35 2026 06 19.3  18.3485 +23.9394 19.9 Updated July 13.42 UT          156  23.63  8.9  0.523
OMO0297  87 2026 06 25.8  23.7316  +3.9764 21.8 Updated July 12.25 UT           12  12.63 20.1  5.003
P22nJzF  35 2026 06 22.5  22.4763 +18.7747 21.5 Updated July 12.25 UT           23  25.46 14.1  3.450
