ST26G73 100 2026 07 19.2  20.2159 -10.8248 18.9 Added July 19.29 UT              2   0.00 25.4  0.058
TF26G53 100 2026 07 19.2  20.2152 -10.2526 18.8 Added July 19.29 UT              2   0.00 17.4  0.043
TF26G51 100 2026 07 19.2  20.0123  -4.9755 18.6 Added July 19.28 UT              2   0.00 17.2  0.051
ST26G72 100 2026 07 19.2  19.9714  -5.0815 19.3 Updated July 19.29 UT            4   0.02 23.0  0.051
SE0003A  98 2026 07 18.9  20.9649 +27.7857 19.8 Updated July 19.19 UT            9   0.25 26.6  0.266
P12orqV  78 2026 07 18.5  21.3533  -3.4096 20.9 Updated July 18.90 UT            6   0.07 19.4  0.746
P12orqU  66 2026 07 18.5  21.3006  -3.2993 21.3 Updated July 18.91 UT            4   0.06 18.6  0.748
P12orpW 100 2026 07 18.5  21.6556  -4.3857 20.8 Added July 18.74 UT              3   0.06 20.7  0.744
P12orbt  91 2026 07 18.4  17.2707 +29.3095 20.0 Updated July 19.09 UT           17   0.63 23.1  0.239
P12orbb  99 2026 07 18.4  19.1829 +43.2385 21.7 Updated July 18.59 UT            5   0.15 22.1  0.757
ST26G68 100 2026 07 18.4  17.9949 +25.6364 17.3 Added July 18.38 UT              2   0.00 17.0  0.926
TF26G47 100 2026 07 18.2  17.6989 +23.8347 20.9 Added July 18.31 UT              2   0.00 24.5  1.052
ST26G65 100 2026 07 18.2  17.4662 +25.4043 20.8 Added July 18.30 UT              2   0.00 24.0  1.067
orA4607 100 2026 07 17.9  16.9481 +67.4954 20.4 Updated July 19.24 UT            3   0.01 20.3  1.340
ZTF10Ev 100 2026 07 17.4   9.6604 -58.2214 26.0 Updated July 19.24 UT            4   0.00 30.0  1.894
RMM2026  35 2026 07 06.3  19.8270 -22.3458 21.8 Updated July 18.48 UT           31  26.84 19.0  0.955
ST26G54 100 2026 07 17.3  18.3154 +14.2298 20.0 Updated July 19.25 UT            5   0.05 20.6  1.910
oNj0343 100 2026 07 15.8  23.4660  +2.9256 21.6 Updated July 19.25 UT            3   0.07 18.4  3.430
A11EQsq 100 2026 07 15.9  17.0095 -65.9587 22.4 Updated July 19.24 UT            4   0.02 28.4  3.400
A11EQfd  72 2026 07 16.4  20.5918  -1.9177 19.9 Updated July 19.03 UT           48   2.73 26.8  0.266
ZTF10Er  98 2026 07 16.3   5.1704 -37.8382 24.4 Updated July 18.51 UT            8   0.11 30.3  2.913
P12ooQQ  87 2026 07 16.6  20.9774  +2.3104 21.1 Updated July 18.26 UT           11   1.91 21.2  1.044
P22ooQq 100 2026 07 16.6   2.0089 +12.0986 21.6 Updated July 19.24 UT            7   0.94 19.3  1.768
P22ooPS 100 2026 07 16.5  10.1913 -29.6000 21.8 Updated July 19.25 UT            3   0.02 25.0  2.770
P22ooOw 100 2026 07 16.3  17.6722 +55.7451 22.2 Updated July 18.52 UT           15   2.03 21.0  0.935
P12ooOy  10 2026 07 16.3  15.1156 +18.4601 22.4 Updated July 19.02 UT           21 4795.84 22.4  0.919
ST26G49 100 2026 07 16.4   1.5560 -34.9379 21.3 Updated July 19.24 UT            4   0.04 27.5  2.883
X89848   77 2026 07 14.8  22.0934 -13.1301 19.6 Updated July 19.24 UT            3   0.03 15.0  4.506
P12onSk 100 2026 07 15.5  22.3363 -32.7454 21.1 Updated July 19.24 UT            9   2.00 20.7  1.780
P12onSj  93 2026 07 15.5  22.8128 -29.3042 21.1 Updated July 19.25 UT            9   2.00 19.0  1.777
ZTF10Ep 100 2026 07 15.3   4.5711  +1.7164 24.6 Updated July 19.24 UT            4   0.04 26.9  3.913
P12onRT  91 2026 07 15.4  20.4578 -39.1349 19.7 Updated July 19.24 UT           16   2.48 20.9  1.375
W2onRQ  100 2026 07 15.4  20.0225 -20.5042 21.2 Updated July 19.24 UT            4   0.00 26.8  3.866
ST26G39  10 2026 07 15.2  17.7927 +43.9211 22.3 Updated July 18.52 UT           28   3.12 26.0  0.948
P12onNw  35 2026 07 14.3  17.4911  -1.5926 20.7 Updated July 19.28 UT           32   6.62 12.3  0.414
TF26G22 100 2026 07 10.3   7.7045 -18.5452 29.4 Updated July 19.25 UT            2   0.00 27.4  8.987
P22nJzF  35 2026 06 22.5  22.3726 +18.3195 21.5 Updated July 19.24 UT           28 300.05 14.2  3.852
