6EM4C21  20 2026 05 23.2  15.9660 -26.2690 17.8 Added May 23.26 UT               3   0.01 12.9  0.072
6EM3521 100 2026 05 23.1  13.2193 -13.6778 19.4 Added May 23.25 UT               3   0.01 20.6  0.216
SO0006A 100 2026 05 22.7  21.7063 -36.6112 19.2 Added May 22.70 UT               4   0.01 23.9  0.597
ST26EE4  98 2026 05 22.3  18.5210 +20.0701 21.4 Updated May 22.46 UT            18   0.13 29.0  0.830
NAOCBPP  99 2026 05 20.7  14.8572 -18.9289 22.1 Updated May 22.70 UT             4   0.13 22.4  2.434
8N2S001  93 2026 05 22.0  17.6645 +12.8810 19.4 Updated May 23.19 UT            18   1.14 22.7  0.098
CZYNHKZ 100 2026 05 14.4  16.3504  +2.2951 21.4 Updated May 22.04 UT             4   0.02 22.8  8.898
C46CD31 100 2026 05 21.4   0.2525  -4.5634 23.7 Updated May 21.45 UT             5   0.05 28.5  1.842
ST26ED1  98 2026 05 21.2   1.3576 -15.8570 25.4 Updated May 21.71 UT            20   0.16 30.2  1.900
TF26EE0 100 2026 05 20.5  16.3888  +8.8115 23.5 Updated May 22.38 UT             4   0.02 28.7  2.801
ST26EC8  98 2026 05 20.4  20.1298 -27.9881 21.2 Updated May 21.71 UT             6   0.14 28.6  2.847
ST26EC7  98 2026 05 20.4   2.3954  -8.3915 28.8 Updated May 21.71 UT             6   0.11 30.2  2.853
ST26EC5 100 2026 05 20.3  15.7047 -15.7415 19.7 Updated May 22.38 UT             4   0.03 24.9  2.946
P12nffX  10 2026 05 20.5  16.3544 -20.9382 21.7 Updated May 22.44 UT            15   7.94 19.3  0.888
P12nfaz  38 2026 05 20.3  13.2379 -28.0807 22.0 Updated May 23.25 UT            12   2.87 18.4  0.092
NAOCAN7 100 2026 05 17.7  15.2776 -21.8268 20.7 Updated May 22.38 UT             4   0.10 19.7  5.432
KPMa1Ih  87 2026 05 18.1  11.1239 -26.9799 23.3 Updated May 22.38 UT             5   0.01 20.8  5.181
CEMVK32  55 2026 05 17.4  16.6644  +9.6123 21.6 Updated May 21.47 UT            47   9.02 20.1  1.826
P12neKs  35 2026 05 14.6  18.1053 +57.2867 20.0 Updated May 23.26 UT           132   8.50 15.1  0.207
