C46H6E1 100 2026 07 09.4  22.6945  -7.3128 18.9 Updated July 9.44 UT             8   0.04 21.8  0.025
CEQJFF2  98 2026 07 09.3  21.1817 +14.8306 20.8 Updated July 9.44 UT             8   0.09 25.4  0.027
CEQJF02 100 2026 07 09.3  21.6321 +15.1801 20.2 Updated July 9.43 UT             7   0.08 26.9  0.036
ST26G12  98 2026 07 09.3  21.1887  +3.8826 19.3 Updated July 9.44 UT            12   0.13 26.5  0.022
ST26G11  98 2026 07 09.3  21.1036  +9.5558 19.9 Updated July 9.40 UT            10   0.10 26.2  0.060
A11EshI 100 2026 07 08.9  20.1930 -18.7998 19.1 Updated July 9.34 UT            11   0.39 22.0  0.126
P12o0Y2  97 2026 07 08.5  20.8266 -32.4996 21.1 Added July 8.88 UT               3   0.02 20.8  0.959
P12o0Y1 100 2026 07 08.5  20.4231 -30.3533 21.1 Added July 8.87 UT               3   0.03 17.7  0.960
P12o0XL  91 2026 07 08.4  16.2309  -3.6250 20.8 Updated July 9.42 UT            16   0.91 25.6  0.183
P12nXcB  72 2026 07 08.5  21.3428 -31.1004 21.5 Added July 8.59 UT               3   0.04 20.5  0.916
P12nXce 100 2026 07 08.5  21.9861 -30.7020 21.1 Updated July 8.71 UT             6   0.10 20.6  0.847
P12nXcA  87 2026 07 08.5  21.1658 -28.4949 20.6 Updated July 9.39 UT            10   0.87 22.9  0.079
P12nXcf 100 2026 07 08.5  21.0008 -21.3757 21.2 Updated July 9.38 UT             7   0.86 23.9  0.083
P12nX9q  91 2026 07 08.4  16.4813  -7.0910 20.8 Updated July 9.42 UT            17   0.96 22.9  0.129
A11Eq8v 100 2026 07 07.9  20.3413 -52.8340 19.4 Added July 8.30 UT               6   0.07 24.2  1.468
A11EpSe  97 2026 07 08.2  19.6773 -30.1297 19.5 Updated July 9.08 UT            10   0.83 19.3  0.448
W2nCdO   81 2026 07 07.4  19.0918 -24.2431 23.4 Updated July 9.23 UT            11  17.03 26.6  2.018
A11EpRZ 100 2026 07 07.9  20.0134 -56.7107 19.0 Updated July 9.09 UT            12   1.13 23.1  0.411
ST26G01  98 2026 07 07.2  19.2264 -49.4868 20.1 Updated July 9.23 UT            14   0.10 27.0  2.107
P22nTNT  10 2026 07 06.5  18.3214 +18.1450 21.0 Updated July 9.42 UT            24   2.71 19.0  0.285
P22nTLB  16 2026 07 06.3  17.7244  +8.3067 22.2 Updated July 9.42 UT            20   2.87 19.6  0.278
8N8R001 100 2026 07 05.9   5.2936  -2.7565 28.9 Updated July 9.23 UT             3   0.01 29.3  3.542
MAS0006  35 2026 06 19.3  18.3742 +23.8692 20.0 Updated July 9.32 UT           131  19.71  9.0  0.448
OMO0297  87 2026 06 25.8  23.5998  +3.7148 21.9 Updated July 8.46 UT            12  12.63 20.1  1.003
P22nJzF  35 2026 06 22.5  22.5421 +19.0291 21.6 Updated July 8.59 UT            21  24.01 14.1  0.901
