8N2S001 100 2026 05 22.0  17.8690 +18.1810 19.3 Added May 22.24 UT               3   0.01 24.4  0.232
Sar2899  98 2026 05 22.0  16.2526 +11.8856 20.6 Updated May 22.23 UT            16   0.24 29.8  0.053
CZYNHKZ 100 2026 05 14.4  16.3837  +2.5038 21.4 Updated May 22.04 UT             4   0.02 22.8  7.898
P22nfmx  79 2026 05 21.3  14.4092  +1.5155 21.2 Updated May 22.26 UT            25   1.06 24.7  0.029
C46CD31 100 2026 05 21.4  21.3655  -5.8846 19.8 Updated May 21.45 UT             5   0.05 28.5  0.842
ST26ED8  86 2026 05 21.3  17.7890 +14.4717 20.2 Updated May 22.26 UT            27   0.89 25.8  0.064
ST26ED1  98 2026 05 21.2  23.9905 -19.1998 21.6 Updated May 21.71 UT            20   0.16 30.2  0.900
TF26EE0 100 2026 05 20.5  16.4147  +8.7765 22.6 Updated May 20.74 UT             4   0.02 28.7  1.801
ST26EC8  98 2026 05 20.4  18.7535 -21.7294 20.1 Updated May 21.71 UT             6   0.14 28.6  1.847
ST26EC7  98 2026 05 20.4   2.2923  -8.3091 27.7 Updated May 21.71 UT             6   0.11 30.2  1.853
ST26EC5 100 2026 05 20.3  16.0720 -13.2350 19.2 Updated May 20.59 UT             4   0.03 24.6  1.946
P12nfgD  10 2026 05 20.4  15.9594  -7.4997 21.8 Updated May 22.22 UT            30 5292.85 20.0  0.085
P12nffX  10 2026 05 20.5  16.3725 -20.8437 21.6 Updated May 21.77 UT            12   6.91 18.9  0.915
P12nffV  45 2026 05 20.5  16.5013 -18.8281 20.6 Updated May 22.27 UT            23   2.72 20.2  0.250
P12nfaz  48 2026 05 20.3  13.2462 -28.2697 22.0 Updated May 22.18 UT            10   1.84 18.4  0.116
P22nfat  20 2026 05 20.4  16.1845 +21.5046 22.1 Updated May 21.73 UT            25 622.93 19.6  0.853
NAOCAN7 100 2026 05 17.7  15.2768 -21.8045 20.8 Updated May 21.35 UT             4   0.10 19.6  4.432
KPMa1Ih  87 2026 05 18.1  11.1250 -26.5217 23.3 Updated May 21.35 UT             5   0.01 20.8  4.181
CEMVK32  35 2026 05 17.4  16.7411 +10.0939 21.6 Updated May 21.47 UT            47   9.02 20.1  0.826
P12neKs  35 2026 05 14.6  18.1381 +57.4019 20.0 Updated May 22.02 UT           121   7.45 15.2  0.266
