CEP5YT2 100 2026 05 27.2  14.3368 +38.0817 21.2 Updated May 28.19 UT            11   0.93 25.0  0.692
A11CWPw 100 2026 05 26.6   1.7922 +12.6902 21.3 Updated May 28.36 UT             4   0.02 28.8  2.292
C1F4195 100 2026 05 26.4  16.1517 +10.7929 22.8 Updated May 28.36 UT             7   0.07 27.7  2.419
P12nfxd 100 2026 05 25.6  17.7904 +17.3846 21.9 Updated May 28.36 UT            14   2.00 22.6  2.433
C1F32J5 100 2026 05 25.4  17.1743 +18.2856 22.1 Updated May 27.70 UT            11   1.88 23.6  1.534
C1F3245  48 2026 05 25.4  16.9607 +10.3805 22.6 Updated May 28.36 UT            11   1.00 20.3  2.423
SJA1250 100 2026 05 24.9  16.7188 +60.3970 20.2 Updated May 27.36 UT             3   0.03 17.1  3.901
C1F2HL5 100 2026 05 25.4  16.7015 -12.2430 22.4 Updated May 28.36 UT             8   0.07 25.5  3.445
C1F1TD5 100 2026 05 25.3  15.8327  +4.5227 25.6 Updated May 28.36 UT             4   0.02 33.9  3.543
C03UYWZ  98 2026 05 23.4  16.7142 +16.5735 22.2 Updated May 27.70 UT            13   5.98 23.1  2.445
P12nfw2 100 2026 05 24.6  21.1999  -2.7076 21.6 Updated May 27.69 UT            14   3.01 20.3  1.266
NAOCLYL  85 2026 05 23.8  15.9114 -17.1400 21.9 Updated May 28.36 UT             4   0.10 21.5  5.015
A11CQzo 100 2026 05 24.4  22.3510 -16.0470 22.2 Updated May 28.36 UT             5   0.05 29.8  4.437
oKr0080 100 2026 05 23.9  23.4966 +18.6201 20.4 Updated May 28.36 UT             3   0.00 17.8  4.982
C1F1535  97 2026 05 24.4  16.7579  +7.2139 22.3 Updated May 28.36 UT            11   0.87 23.3  3.586
6EN3D21 100 2026 05 24.2  16.0577 -80.6215 18.9 Updated May 28.36 UT             3   0.01 18.8  4.637
C1EYPU5 100 2026 05 23.4  15.9064  +3.6644 22.9 Updated May 28.37 UT            11   1.87 24.1  3.623
NAOCBPP  99 2026 05 20.7  14.9404 -22.3933 22.4 Updated May 28.36 UT             4   0.13 22.4  8.022
ST26EC8  98 2026 05 20.4  22.3131 -30.9217 24.2 Updated May 28.36 UT             6   0.14 28.6  8.435
P12nfaz  43 2026 05 20.3  13.2013 -27.0296 22.1 Updated May 28.36 UT            12   2.87 18.4  5.680
NAOCAN7 100 2026 05 17.7  15.2916 -21.9747 21.3 Updated May 28.37 UT             4   0.10 20.1 11.020
KPMa1Ih  87 2026 05 18.1  11.1333 -29.3263 23.6 Updated May 28.36 UT             5   0.01 20.8 10.769
CEMVK32  51 2026 05 17.4  16.2756  +6.9657 21.8 Updated May 27.66 UT            59  13.11 20.1  3.330
