P22nfmx 100 2026 05 21.3  14.2983  +1.4135 21.0 Added May 21.42 UT               3   0.03 23.1  0.219
C46CD31 100 2026 05 21.4  16.7252  -1.6824 18.6 Updated May 21.45 UT             5   0.05 28.5  0.132
CENGF22 100 2026 05 21.3  15.4301 -17.3888 20.4 Updated May 21.41 UT             8   0.07 25.2  0.166
ST26ED8 100 2026 05 21.3  18.0099  +8.0414 20.1 Updated May 21.49 UT            12   0.13 25.8  0.104
ST26ED7  98 2026 05 21.3  17.7869  +9.6777 19.2 Updated May 21.47 UT            12   0.14 26.0  0.110
ST26ED4 100 2026 05 21.3  15.8275 +11.6426 19.4 Updated May 21.35 UT             8   0.07 27.5  0.226
ST26ED1  98 2026 05 21.2  15.7740  +5.1664 18.2 Updated May 21.40 UT            17   0.14 29.9  0.205
TF26EE0 100 2026 05 20.5  16.4624  +8.6965 21.8 Updated May 20.74 UT             4   0.02 28.7  1.091
TF26ED8 100 2026 05 20.5  16.8201  -0.6385 18.3 Added May 20.66 UT               2   0.00 24.3  1.111
ST26EC8 100 2026 05 20.4  17.5484 -13.7668 18.6 Updated May 20.66 UT             4   0.02 27.1  1.138
ST26EC7 100 2026 05 20.4   2.1964  -8.2728 26.3 Updated May 20.60 UT             4   0.01 29.5  1.144
ST26EC5 100 2026 05 20.3  16.5328  -9.8939 19.0 Updated May 20.59 UT             4   0.03 24.6  1.236
P12nfgD  46 2026 05 20.4  15.9785  -7.3624 22.0 Updated May 21.44 UT            12   0.98 20.3  0.161
P12nffX  10 2026 05 20.5  16.3853 -20.7765 21.7 Updated May 21.37 UT             9   0.87 18.6  0.205
P12nfdO  94 2026 05 20.5  16.2637 -23.3259 22.2 Updated May 21.50 UT             8   0.91 29.1  0.179
P12nffV  39 2026 05 20.5  16.5049 -19.1298 20.6 Updated May 21.40 UT            10   0.91 20.2  0.176
P12nfdQ  84 2026 05 20.4  14.9886 -11.8329 18.8 Updated May 21.50 UT            23   0.94 28.0  0.187
P12nfaz  50 2026 05 20.3  13.2524 -28.4037 22.0 Updated May 21.47 UT             8   1.05 18.5  0.205
P22nfat  44 2026 05 20.4  16.1967 +21.4298 21.9 Updated May 21.47 UT            15   1.07 19.5  0.144
A11CGDI  84 2026 05 19.2  17.3447 -43.3952 18.7 Updated May 21.20 UT            27   1.72 21.4  0.662
NAOCAN7 100 2026 05 17.7  15.2759 -21.7852 20.7 Updated May 21.35 UT             4   0.10 19.6  3.722
KPMa1Ih  87 2026 05 18.1  11.1264 -26.1986 23.3 Updated May 21.35 UT             5   0.01 20.8  3.472
CEMVK32  35 2026 05 17.4  16.7969 +10.4359 21.6 Updated May 21.47 UT            47   9.02 20.1  0.116
ST26E75  98 2026 05 15.2   2.5388 -20.1502 28.0 Updated May 21.35 UT             7   0.09 28.5  6.254
P12neKs  35 2026 05 14.6  18.1612 +57.4785 20.0 Updated May 21.47 UT           118   6.83 15.2  0.167
