A11CWPw 100 2026 05 26.6  21.8715 -17.7006 18.0 Added May 26.81 UT               4   0.02 28.7  0.706
P12nfxy 100 2026 05 26.6  17.5025  +4.4853 20.5 Updated May 26.96 UT             6   0.55 24.2  0.342
CEP5WY2  96 2026 05 26.4  18.9419 +40.7131 20.5 Updated May 27.03 UT            18   1.59 21.9  0.264
CEP5WU2  98 2026 05 26.4  17.8381 +48.7611 21.2 Updated May 27.11 UT            13   3.78 26.3  0.257
C1F4195 100 2026 05 26.4  16.1244  +8.8503 22.3 Updated May 26.45 UT             7   0.07 27.6  0.833
C1F4075 100 2026 05 26.4  16.0507 +26.5996 22.2 Updated May 26.48 UT             8   0.11 24.9  0.810
P12nfxd  96 2026 05 25.6  17.8166 +16.7399 21.9 Updated May 26.45 UT            14   2.00 22.6  0.847
C1F32J5 100 2026 05 25.4  17.1931 +15.1309 22.0 Updated May 26.31 UT             7   0.85 23.5  0.984
C1F3245  43 2026 05 25.4  16.9957 +10.5343 22.6 Updated May 26.78 UT            11   1.00 20.2  0.837
SJA1250 100 2026 05 24.9  16.8155 +61.0731 20.3 Added May 25.42 UT               3   0.03 17.5  2.315
C1F2HL5 100 2026 05 25.4  16.5039 -11.8372 22.4 Updated May 25.43 UT             8   0.07 25.5  1.859
C1F1TD5 100 2026 05 25.3  15.8058  +4.5943 24.3 Updated May 26.35 UT             4   0.02 33.6  1.957
C03UYWZ 100 2026 05 23.4  16.7326 +13.7545 22.3 Updated May 27.18 UT             9   2.98 23.2  0.859
A11CUyv 100 2026 05 24.1  17.5625 -55.9423 19.2 Updated May 26.35 UT            17   1.97 19.1  1.173
P12nfw2 100 2026 05 24.6  21.1092  -3.3681 21.7 Updated May 26.34 UT             8   1.73 20.3  0.963
NAOCLYL  85 2026 05 23.8  15.9047 -18.6081 21.7 Updated May 26.35 UT             4   0.10 21.7  3.429
A11CQzo 100 2026 05 24.4  21.9554 -17.0155 21.1 Updated May 26.35 UT             5   0.05 29.8  2.851
oKr0080 100 2026 05 23.9  23.4919 +18.5729 20.2 Updated May 26.34 UT             3   0.00 17.1  3.396
C1F1535  97 2026 05 24.4  16.7579  +6.7686 22.4 Updated May 26.35 UT            11   0.87 23.3  2.000
C1F0EU5  85 2026 05 24.3  15.3937 -10.0902 22.0 Updated May 26.33 UT            13   1.97 20.0  0.998
C1F0295  90 2026 05 24.3  15.2991  -6.9093 22.1 Updated May 26.10 UT            20   1.78 22.2  1.194
6EN3D21 100 2026 05 24.2  16.3089 -80.2651 18.5 Updated May 25.35 UT             3   0.01 21.1  3.051
C1EYPU5 100 2026 05 23.4  15.8788  +3.4676 22.8 Updated May 26.35 UT            11   1.87 24.1  2.037
NAOCBPP  99 2026 05 20.7  14.9159 -21.4564 22.3 Updated May 25.35 UT             4   0.13 22.4  6.436
ST26EC8  98 2026 05 20.4  22.0740 -31.0163 23.7 Updated May 25.35 UT             6   0.14 28.6  6.849
P12nfaz  43 2026 05 20.3  13.2100 -27.3261 22.0 Updated May 26.35 UT            12   2.87 18.3  4.094
NAOCAN7 100 2026 05 17.7  15.2881 -21.9393 21.0 Updated May 26.35 UT             4   0.10 19.7  9.433
KPMa1Ih  87 2026 05 18.1  11.1283 -28.7489 23.5 Updated May 26.35 UT             5   0.01 20.9  9.183
CEMVK32  53 2026 05 17.4  16.3790  +7.7053 21.8 Updated May 26.27 UT            52  11.97 20.1  2.881
