CELY6P2 100 2026 05 11.4  17.0166 +17.9358 21.0 Updated May 11.47 UT             8   0.05 23.0  0.140
ST26E38 100 2026 05 11.3  17.1693  +7.4624 20.0 Updated May 11.43 UT             4   0.02 25.5  0.266
C469HY1 100 2026 05 11.4  16.8927  +1.0910 18.3 Updated May 11.46 UT            11   0.06 25.2  0.151
6EA3I21  62 2026 05 11.3  19.4299  -5.3413 17.0 Added May 11.37 UT               3   0.01 13.0  0.275
CELXZH2 100 2026 05 11.3  14.8107 +23.9775 22.7 Added May 11.37 UT               3   0.01 22.0  0.260
CELXRN2  98 2026 05 11.3  13.1743 +26.5197 20.9 Updated May 11.39 UT             7   0.11 18.4  0.225
TF26E51 100 2026 05 11.3  15.2511  +8.5464 19.2 Added May 11.28 UT               2   0.00 23.3  0.333
ST26E34 100 2026 05 10.5  14.7587 +22.0820 21.0 Added May 10.70 UT               2   0.00 26.4  1.147
ZTF10Dp 100 2026 05 10.2  11.7596  +5.5713 18.4 Added May 10.57 UT               4   0.03 21.9  1.365
6E94521 100 2026 05 10.4  19.3778 -56.7045 19.4 Updated May 11.30 UT            13   0.92 19.0  0.330
CELUGK2  93 2026 05 10.3  14.8099 +28.0965 21.5 Updated May 11.19 UT            21   0.85 24.4  0.422
ZTF10Do  98 2026 05 10.2  13.6287  +4.3875 18.2 Updated May 11.58 UT            11   1.27 27.1  0.103
CELU1Q2  98 2026 05 10.2  11.5857 +31.3045 21.4 Updated May 11.21 UT            13   0.99 26.1  0.414
ST26E24  98 2026 05 10.2   3.6969 -19.5546 24.6 Updated May 10.52 UT            13   0.29 29.1  1.132
ZTF10Dn 100 2026 05 09.3  16.8078 -12.8329 20.1 Updated May 11.31 UT             4   0.04 26.9  2.272
XA9ttXA  97 2026 05 08.8  15.1234  +1.8359 22.6 Updated May 11.23 UT            13   2.46 21.8  0.389
ST26E18 100 2026 05 09.4  15.4623 -14.1384 22.5 Updated May 11.31 UT             4   0.00 30.1  2.241
CELT0C2  79 2026 05 09.2  12.7044 +43.9878 20.9 Updated May 11.05 UT            26   1.80 22.8  0.558
CELRZD2 100 2026 05 09.2  12.5269 +35.7338 22.0 Updated May 11.31 UT             8   0.10 22.6  2.259
TF26E23 100 2026 05 09.2  12.9952  -4.0529 17.5 Updated May 11.60 UT             2   0.00 19.6  2.391
ZTF10Dl 100 2026 05 08.3  18.7607 -15.5296 20.9 Updated May 10.31 UT             4   0.03 27.0  3.239
ST26E14 100 2026 05 08.4  13.3643  -3.3595 17.9 Updated May 10.31 UT             2   0.00 21.3  3.183
P22n0vC  24 2026 05 08.3  14.8075  +9.8045 22.4 Updated May 11.21 UT            25   2.87 19.9  0.403
CELLEH2  86 2026 05 08.3  15.8651 -16.4676 23.4 Updated May 11.31 UT            13   1.86 32.7  1.451
P22n0fQ  97 2026 05 07.4  15.0840  +9.9808 22.5 Updated May 11.31 UT             3   0.04 24.4  4.200
ZTF10Di 100 2026 05 07.4  22.0943 -10.9873 22.8 Updated May 11.31 UT             4   0.02 27.4  4.215
S001563  73 2026 05 07.0  12.9959 -26.9340 21.5 Updated May 11.31 UT             3   0.03 17.9  4.531
P22mZLU  68 2026 05 06.3  11.7945 -16.4737 21.0 Updated May 11.60 UT            17   4.96 20.7  0.374
A11BRI6  51 2026 05 03.0  10.8827 -39.6559 18.8 Updated May 11.39 UT            55   7.13 19.8  1.465
ZTF10Df  98 2026 05 02.2  10.4254  +1.4290 23.7 Updated May 11.31 UT             9   0.68 26.6  8.764
C1EUYV5  35 2026 04 27.5  17.3151 +18.5933 21.7 Updated May 11.29 UT            30  13.80 12.6  0.339
