TF26EC6 100 2026 05 18.4  16.3746  +4.7274 18.7 Added May 18.80 UT               2   0.00 21.8  0.435
ST26EA7 100 2026 05 18.5  16.0905  +7.6856 16.9 Added May 18.76 UT               2   0.00 18.0  0.321
KPMa1Ih  82 2026 05 18.1  11.1361 -24.8840 23.2 Added May 18.68 UT               5   0.01 21.2  0.719
A11CDyX 100 2026 05 18.0  10.8044 -33.1858 19.6 Added May 18.22 UT               4   0.02 21.1  0.754
P22nf7G 100 2026 05 17.6  16.2154 +35.1980 22.1 Added May 17.77 UT               4   0.04 22.8  1.216
P22nf3F  32 2026 05 17.5  17.5991 +37.0751 21.4 Updated May 18.35 UT            12   0.81 19.0  0.520
CEMVK32 100 2026 05 17.4  17.0228 +11.7564 21.7 Updated May 18.33 UT            30   5.77 20.2  0.615
A11Cvk7 100 2026 05 16.9  13.5841 -72.2359 19.6 Updated May 18.37 UT             4   0.03 22.7  1.892
CEMRK82  84 2026 05 16.5  21.5811 -10.1677 21.5 Updated May 18.37 UT             3   0.01 17.3  2.357
A11Cswo 100 2026 05 16.0  17.1684 -23.2626 18.5 Updated May 18.37 UT             4   0.02 20.9  2.819
ST26E84  98 2026 05 15.4  15.4738 +10.6867 20.8 Updated May 18.37 UT             6   0.47 26.4  2.931
ST26E75  98 2026 05 15.2   2.5111 -22.7651 26.6 Updated May 18.37 UT             7   0.09 28.6  3.501
P12neKs  35 2026 05 14.6  18.2482 +57.7358 20.2 Updated May 18.80 UT            60   3.67 15.3  0.582
CEMAUH2 100 2026 05 14.4  15.9882 -12.9235 21.2 Updated May 18.39 UT             6   0.07 23.9  4.378
C1EUYV5  35 2026 04 27.5  17.2157 +18.9636 21.9 Updated May 16.81 UT            36 300.17 12.8  2.359
