ST26E50 100 2026 05 13.2  14.5784  -4.0832 19.6 Updated May 13.29 UT             4   0.02 20.6  0.044
ST26E49 100 2026 05 13.2  14.2943  -6.9666 19.0 Added May 13.26 UT               2   0.00 20.4  0.067
A11Cmv6 100 2026 05 13.0   8.7297 -50.9637 19.1 Added May 13.18 UT               4   0.02 18.7  0.247
ST26E47 100 2026 05 12.4  15.1463 -18.5670 19.0 Updated May 13.19 UT            15   0.77 25.0  0.132
P22n55t  38 2026 05 12.4  15.0287 -13.5326 21.4 Updated May 12.82 UT             8   4.22 19.5  0.773
P22n52K 100 2026 05 12.4  15.1867 -11.6471 21.0 Updated May 13.20 UT            11   0.74 24.9  0.135
P22n4V7 100 2026 05 12.4  14.4030 -19.9490 21.8 Updated May 13.05 UT             8   0.65 21.1  0.276
P22n4V6  96 2026 05 12.4  13.9928 -22.8889 21.6 Updated May 13.31 UT            12   0.92 23.5  0.013
P22n4V9  95 2026 05 12.4  14.4183 -15.8506 21.8 Updated May 13.03 UT            11   0.63 24.7  0.293
P22n4V8  98 2026 05 12.4  14.3298 -17.9062 21.2 Updated May 13.08 UT             9   0.67 27.4  0.245
CEM28F2 100 2026 05 12.4  17.7062 +17.1184 21.0 Updated May 12.47 UT             9   0.06 25.2  0.854
P22n4PC  67 2026 05 12.4  13.9711 -14.3653 20.7 Updated May 13.03 UT             8   0.65 21.2  0.303
P22n4PB  74 2026 05 12.3  13.6653  -9.6867 21.1 Updated May 13.19 UT            16  25.54 24.0  0.339
CEM26R2  25 2026 05 12.4  16.6177 +15.5079 20.6 Updated May 13.26 UT            16   1.45 17.0  0.321
CEM1XD2  75 2026 05 12.3  14.5318 +17.6836 22.1 Updated May 12.41 UT            11   0.11 17.1  0.902
CEM1R02  91 2026 05 12.3  13.6051 +16.9308 21.7 Updated May 13.19 UT            18   0.89 22.1  0.139
6EB3121  81 2026 05 12.0  10.3409 -12.8358 20.0 Updated May 13.28 UT            19   1.16 23.9  0.174
SO0005e 100 2026 05 11.7  22.6863 -10.6791 22.8 Added May 12.10 UT               3   0.00 28.8  1.605
SO0005d 100 2026 05 11.7  18.5477 -27.6804 20.2 Added May 12.10 UT               4   0.00 27.8  1.604
SO0005c 100 2026 05 11.7  21.3334 -34.9846 21.5 Added May 12.05 UT               3   0.00 28.5  1.658
SO0005b 100 2026 05 11.6  22.5758 -12.3200 20.7 Added May 12.04 UT               3   0.00 26.6  1.668
CELXZH2 100 2026 05 11.3  14.7761 +24.1532 22.7 Added May 11.37 UT               3   0.01 22.0  1.968
ST26E34 100 2026 05 10.5  14.8580 +18.5756 23.4 Updated May 12.32 UT             2   0.00 28.1  2.855
6E94521  84 2026 05 10.4  19.5210 -60.7123 19.6 Updated May 13.15 UT            31   2.77 19.1  0.184
XA9ttXA  75 2026 05 08.8  15.0878  +1.9086 22.5 Updated May 13.17 UT            19   4.39 21.8  0.166
ST26E18 100 2026 05 09.4  15.5100 -14.6376 23.5 Updated May 11.31 UT             4   0.00 30.1  3.950
CELRZD2 100 2026 05 09.2  12.4383 +36.5911 22.4 Updated May 12.32 UT             8   0.10 22.7  3.968
ZTF10Dl 100 2026 05 08.3  18.9993 -15.5125 21.8 Updated May 12.32 UT             4   0.03 26.9  4.947
ST26E14 100 2026 05 08.4  13.3302  -3.0010 18.3 Updated May 12.32 UT             2   0.00 19.8  4.891
P22n0fQ  97 2026 05 07.4  15.0744 +10.0960 22.8 Updated May 11.31 UT             3   0.04 24.4  5.908
S001563  73 2026 05 07.0  12.9910 -27.0138 21.6 Updated May 12.31 UT             3   0.03 18.9  6.239
A11BRI6  47 2026 05 03.0  11.2071 -38.7455 19.1 Updated May 12.68 UT            76   9.17 19.9  1.133
C1EUYV5  35 2026 04 27.5  17.2921 +18.6882 21.8 Updated May 12.54 UT            33  15.04 12.7  0.808
