P12nfgD  88 2026 05 20.4  16.0055  -7.1719 21.7 Added May 20.55 UT               4   0.04 20.7  0.096
P12nffX  10 2026 05 20.5  16.4030 -20.6807 21.5 Added May 20.55 UT               3   0.01 20.2  0.063
P12nfdO 100 2026 05 20.5  16.2611 -22.7785 21.1 Added May 20.54 UT               3   0.02 24.2  0.072
P12nffV  71 2026 05 20.5  16.5097 -19.5496 20.5 Added May 20.54 UT               4   0.03 19.8  0.063
P12nfdQ 100 2026 05 20.4  15.7060 -16.2407 19.9 Added May 20.54 UT               3   0.03 26.4  0.099
P22nfcp 100 2026 05 20.4  16.9354  +3.4625 20.8 Added May 20.48 UT               3   0.03 21.4  0.119
P22nfcS  85 2026 05 20.4  16.9204  +2.2580 20.5 Added May 20.48 UT               3   0.03 17.5  0.119
P12nfck 100 2026 05 20.4  14.1790 -26.6326 19.3 Updated May 20.50 UT             4   0.03 26.4  0.166
P12nfaz  92 2026 05 20.3  13.2617 -28.5918 21.7 Added May 20.44 UT               3   0.03 18.8  0.219
P22nfat  86 2026 05 20.4  16.2138 +21.3152 21.6 Added May 20.44 UT               3   0.04 19.3  0.179
P22nfau  68 2026 05 20.4  16.7767 +17.0308 21.3 Updated May 20.48 UT             8   7.83 19.0  0.174
P22nfad 100 2026 05 20.4  16.9708 +20.4485 21.0 Updated May 20.43 UT             3   0.03 23.5  0.185
ST26EB8  91 2026 05 19.4  16.9069 +12.5421 20.3 Updated May 20.42 UT            22   0.95 25.9  0.171
CEN5QX2  91 2026 05 19.4  16.1851 -14.9509 20.6 Updated May 20.52 UT            21   1.02 25.4  0.157
A11CGDH 100 2026 05 19.2  16.3690 -71.8223 19.1 Updated May 20.02 UT             7   0.76 22.0  0.593
A11CGDI  96 2026 05 19.2  17.2145 -44.7708 18.8 Updated May 20.26 UT            21   0.88 21.5  0.507
NAOCAN7 100 2026 05 17.7  15.2748 -21.7538 20.7 Updated May 20.34 UT             4   0.10 20.1  2.722
KPMa1Ih  87 2026 05 18.1  11.1291 -25.7294 23.2 Updated May 20.34 UT             5   0.01 20.8  2.472
A11CDyX  83 2026 05 18.0  10.9061 -31.8825 19.6 Updated May 20.30 UT            19   1.92 20.6  0.602
CEMVK32  35 2026 05 17.4  16.8772 +10.9172 21.6 Updated May 20.52 UT            41   7.48 20.1  0.661
A11Cvk7 100 2026 05 16.9  13.1655 -70.8970 19.8 Updated May 20.34 UT             4   0.03 22.4  3.645
CEMRK82  84 2026 05 16.5  21.6307 -10.5264 21.5 Updated May 20.34 UT             3   0.01 17.4  4.109
A11Cswo 100 2026 05 16.0  17.0900 -22.9165 18.5 Updated May 20.34 UT             4   0.02 21.9  4.572
ST26E75  98 2026 05 15.2   2.5321 -20.7564 27.7 Updated May 20.34 UT             7   0.09 28.6  5.254
P12neKs  35 2026 05 14.6  18.1933 +57.5791 20.0 Updated May 20.37 UT           101   5.47 15.2  0.528
CEMAUH2 100 2026 05 14.4  15.8065 -18.3606 21.1 Updated May 20.34 UT             6   0.07 23.9  6.131
