6E94521 100 2026 05 10.4  19.2951 -53.9807 18.4 Added May 10.41 UT               3   0.01 20.8  0.065
CELUGR2  98 2026 05 10.3  15.0614 +30.8728 20.4 Updated May 10.42 UT            10   0.09 26.1  0.017
CELUGK2 100 2026 05 10.3  14.7980 +30.0754 21.6 Updated May 10.41 UT             7   0.07 22.5  0.037
ZTF10Do 100 2026 05 10.2  12.7158 -15.6624 18.3 Added May 10.33 UT               6   0.02 27.4  0.184
ST26E26  98 2026 05 10.2  15.0902  -5.3734 19.4 Updated May 10.42 UT            10   0.17 29.2  0.021
ST26E25  98 2026 05 10.2  14.8105  -1.7129 20.1 Updated May 10.42 UT            13   0.17 28.7  0.026
CELU1Q2 100 2026 05 10.2  11.5830 +31.3948 21.9 Updated May 10.32 UT             7   0.11 25.8  0.128
ST26E24  98 2026 05 10.2  12.6104  -3.6351 19.0 Updated May 10.35 UT            10   0.17 28.9  0.090
P22n4ou  89 2026 05 09.4  14.7340  +7.5185 21.6 Updated May 10.23 UT            11   0.86 21.5  0.217
ZTF10Dn 100 2026 05 09.3  16.3875 -12.0965 18.6 Added May 9.51 UT                4   0.04 26.9  1.103
XA9ttXA  99 2026 05 08.8  15.1472  +1.7756 22.2 Updated May 10.41 UT             8   1.61 20.7  0.067
ST26E18 100 2026 05 09.4  15.5814 -15.5741 20.4 Added May 9.37 UT                4   0.00 28.7  1.073
CELT2A2  94 2026 05 09.3  13.6907 +35.6484 20.4 Updated May 10.36 UT            24   0.91 21.5  0.258
CELT0C2  93 2026 05 09.2  12.9222 +40.1742 20.9 Updated May 10.15 UT            16   0.89 22.9  0.298
CELRZD2 100 2026 05 09.2  12.6049 +34.9582 21.7 Updated May 9.36 UT              8   0.10 22.8  1.091
TF26E23 100 2026 05 09.2  13.1147  -4.8326 17.0 Updated May 10.43 UT             2   0.00 19.6  1.223
gb00845  77 2026 05 08.8  13.0387  -9.4681 20.1 Updated May 10.34 UT            48   1.53 23.9  0.104
P22n0x5  72 2026 05 08.5  15.3062 -15.3191 20.3 Updated May 10.09 UT            30   1.70 30.0  0.362
ZTF10Dl 100 2026 05 08.3  18.3701 -15.4542 20.0 Updated May 10.31 UT             4   0.03 27.0  2.071
ST26E14 100 2026 05 08.4  13.3945  -3.6788 17.9 Updated May 10.31 UT             2   0.00 21.3  2.015
P22n0vC  26 2026 05 08.3  14.8364  +9.9719 22.3 Updated May 10.26 UT            22   1.91 19.8  0.192
CELLEH2  86 2026 05 08.3  15.8194 -15.7879 22.6 Updated May 10.22 UT            12   1.86 32.6  0.283
CELHF72  75 2026 05 08.3  14.9737 -10.0021 21.3 Updated May 10.28 UT            30   1.97 24.6  0.167
P22n0gv  76 2026 05 07.6  17.2024 +48.1209 21.2 Updated May 10.42 UT            28   2.80 21.4  0.042
P22n0fQ  97 2026 05 07.4  15.0905  +9.8785 22.1 Updated May 9.34 UT              3   0.04 24.3  3.032
ZTF10Di 100 2026 05 07.4  21.9131 -11.5258 21.9 Updated May 9.34 UT              4   0.02 27.4  3.047
S001563  73 2026 05 07.0  13.0026 -26.8745 21.5 Updated May 9.33 UT              3   0.03 17.7  3.363
P22mZLU  93 2026 05 06.3  11.7495 -17.4256 20.9 Updated May 10.43 UT            10   1.71 20.6  2.458
A11BX2S 100 2026 05 05.2  19.2010  +1.5456 20.2 Updated May 9.33 UT              2   0.01 24.8  5.209
A11BRI6  53 2026 05 03.0  10.6167 -40.2428 18.8 Updated May 10.31 UT            50   5.00 19.9  2.422
ZTF10Df  98 2026 05 02.2  10.4177  +1.4466 23.4 Updated May 9.33 UT              9   0.68 26.6  7.596
C1EUYV5  91 2026 04 27.5  17.3307 +18.5262 21.8 Updated May 10.33 UT            24  12.79 12.7  0.181
