P22n55t  75 2026 05 12.4  15.0489 -13.4101 21.2 Added May 12.53 UT               4   0.04 22.3  0.171
P22n52K 100 2026 05 12.4  15.2263 -11.3563 21.0 Updated May 12.61 UT             4   0.04 24.7  0.168
P22n4V7 100 2026 05 12.4  14.4238 -20.1807 21.6 Added May 12.47 UT               3   0.04 22.3  0.222
P22n4V6 100 2026 05 12.4  14.0301 -22.8382 21.6 Added May 12.47 UT               4   0.04 17.8  0.226
P22n4V9  97 2026 05 12.4  14.4031 -16.5318 21.8 Added May 12.46 UT               4   0.04 23.9  0.221
P22n4V8 100 2026 05 12.4  14.3751 -16.1647 21.0 Added May 12.46 UT               3   0.02 22.2  0.221
CEM28F2 100 2026 05 12.4  17.4709 +15.5363 21.1 Updated May 12.47 UT             9   0.06 25.2  0.188
P22n4PE 100 2026 05 12.3  13.6593  -8.9883 20.3 Added May 12.43 UT               3   0.04 24.6  0.269
P22n4PD 100 2026 05 12.4  13.7681  -8.7427 20.9 Added May 12.42 UT               3   0.02 25.9  0.266
P22n4PC  69 2026 05 12.4  13.9729 -14.8869 20.7 Added May 12.42 UT               3   0.02 18.6  0.263
P22n4PB  93 2026 05 12.3  13.6442 -10.3024 20.8 Added May 12.42 UT               4   0.04 20.8  0.269
C469Q01  98 2026 05 12.4  16.6384  -4.1167 18.5 Updated May 12.61 UT            15   0.20 26.6  0.049
CEM26R2  69 2026 05 12.4  16.6295 +15.5357 20.7 Updated May 12.43 UT             7   0.04 17.8  0.223
C469P61 100 2026 05 12.4  15.9442  -6.5902 18.9 Updated May 12.44 UT            11   0.07 27.5  0.210
CEM1YU2  98 2026 05 12.3  15.1677 +11.5275 20.6 Updated May 12.43 UT            12   0.10 28.1  0.225
CEM20F2  98 2026 05 12.3  14.8222 +17.4925 22.0 Updated May 12.43 UT            12   0.10 27.0  0.221
CEM1XD2  75 2026 05 12.3  14.5463 +17.7690 22.0 Updated May 12.41 UT            11   0.11 17.1  0.235
ST26E41  98 2026 05 12.3  15.1533 -15.4313 19.2 Updated May 12.40 UT            12   0.11 28.7  0.257
CEM1R02 100 2026 05 12.3  13.6545 +16.9005 21.7 Updated May 12.42 UT            12   0.14 21.2  0.230
ST26E39 100 2026 05 12.2  12.9521 -20.1161 19.5 Updated May 12.26 UT            10   0.07 23.5  0.386
6EB3121 100 2026 05 12.0  10.3023  -9.5330 20.0 Updated May 12.18 UT             9   0.19 23.7  0.485
SO0005e 100 2026 05 11.7  21.8302 -19.3588 20.9 Added May 12.10 UT               3   0.00 28.8  0.938
SO0005d 100 2026 05 11.7  17.9676 -30.2104 19.2 Added May 12.10 UT               4   0.00 27.8  0.937
SO0005c 100 2026 05 11.7  19.9608 -36.6935 20.1 Added May 12.05 UT               3   0.00 28.5  0.991
SO0005b 100 2026 05 11.6  22.0583 -17.2453 19.3 Added May 12.04 UT               3   0.00 26.6  1.002
C469HY1  91 2026 05 11.4  18.4142 +30.6716 18.9 Updated May 12.32 UT            40   0.92 25.7  0.332
CELXZH2 100 2026 05 11.3  14.7895 +24.0897 22.7 Added May 11.37 UT               3   0.01 22.0  1.301
ST26E34 100 2026 05 10.5  14.8744 +17.8430 22.9 Updated May 12.32 UT             2   0.00 28.1  2.188
6E94521  84 2026 05 10.4  19.4616 -59.1468 19.5 Updated May 12.49 UT            28   2.04 19.0  0.246
XA9ttXA  77 2026 05 08.8  15.1018  +1.8824 22.5 Updated May 12.19 UT            16   3.41 21.8  0.481
ST26E18 100 2026 05 09.4  15.4967 -14.4965 23.2 Updated May 11.31 UT             4   0.00 30.1  3.283
CELRZD2 100 2026 05 09.2  12.4685 +36.3061 22.3 Updated May 12.32 UT             8   0.10 22.7  3.301
ZTF10Dl 100 2026 05 08.3  18.9221 -15.5247 21.5 Updated May 12.32 UT             4   0.03 26.9  4.281
ST26E14 100 2026 05 08.4  13.3440  -3.1500 18.2 Updated May 12.32 UT             2   0.00 19.8  4.224
P22n0vC  10 2026 05 08.3  14.7819  +9.6475 22.3 Updated May 12.45 UT            31   4.10 19.9  0.220
P22n0fQ  97 2026 05 07.4  15.0779 +10.0591 22.7 Updated May 11.31 UT             3   0.04 24.4  5.242
S001563  73 2026 05 07.0  12.9932 -26.9828 21.6 Updated May 12.31 UT             3   0.03 18.9  5.572
P22mZLU  73 2026 05 06.3  11.8355 -15.6269 21.0 Updated May 11.60 UT            17   4.96 20.7  1.416
A11BRI6  35 2026 05 03.0  11.0886 -39.1031 19.0 Updated May 12.64 UT            66   9.17 19.9  0.466
C1EUYV5  35 2026 04 27.5  17.3011 +18.6517 21.8 Updated May 12.54 UT            33  15.04 12.7  0.141
