A11EDnp 100 2026 07 13.9  16.1106 +10.6926 19.3 Updated July 14.22 UT           13   0.31 25.7  0.075
P12o62f  99 2026 07 13.6  23.3182 -16.2206 20.6 Added July 13.77 UT              3   0.02 18.1  0.698
P12o4wA  96 2026 07 13.5  21.3069  -6.7266 21.4 Added July 13.62 UT              3   0.03 20.1  0.780
P12o4wi 100 2026 07 13.5  21.7940  -6.6961 20.9 Updated July 13.64 UT            3   0.03 21.8  0.758
P12o4wj 100 2026 07 13.5  21.4105  -4.7543 21.6 Updated July 13.78 UT            7   0.04 22.0  0.762
P12o4wh 100 2026 07 13.5  21.4519  -6.4967 21.6 Updated July 13.64 UT            4   0.04 24.7  0.762
P12o4vT  96 2026 07 13.4  16.5111  -9.6646 20.2 Updated July 14.13 UT           20   0.76 20.2  0.165
P12o4vO 100 2026 07 11.6   9.7127 -10.6358 25.4 Updated July 13.24 UT            3   0.01 26.0  2.691
P12o4vF 100 2026 07 11.5  22.7272 -18.3276 21.9 Updated July 14.24 UT            7   1.01 19.4  1.736
P12o4vm  47 2026 07 11.5  22.4754 -18.3980 20.6 Updated July 13.66 UT           14   2.13 19.0  1.741
P12o4vl 100 2026 07 11.5  22.4314 -18.9650 20.7 Updated July 14.24 UT            7   1.00 18.5  1.747
ZTF10El 100 2026 07 11.3   0.5853  -3.1122 22.0 Updated July 13.24 UT            4   0.02 27.7  2.952
ZTF10En 100 2026 07 11.4   9.9233 -26.0387 28.1 Updated July 13.24 UT            2   0.00 29.8  2.889
S001621 100 2026 07 11.2  22.1092 -33.3271 20.5 Updated July 14.27 UT           10   2.93 21.6  0.128
A11EvW0 100 2026 07 11.3  20.2934 -25.7597 19.7 Updated July 13.23 UT            4   0.02 24.9  3.015
ST26G26 100 2026 07 10.5  20.4965  +1.0905 22.0 Updated July 14.24 UT            4   0.01 27.1  3.824
TF26G22 100 2026 07 10.3  11.0921 -11.5490 23.9 Updated July 13.24 UT            4   0.94 24.8  3.054
ST26G18 100 2026 07 10.3   8.2843 +47.2978 28.1 Updated July 14.24 UT            4   0.02 26.1  3.960
ST26G17 100 2026 07 10.3   7.4849 -20.0862 28.0 Updated July 14.23 UT            2   0.00 27.7  4.003
A11Evap  10 2026 07 09.9  19.8504 -32.6440 19.0 Updated July 13.61 UT           29   3.64 21.9  0.722
P12o0YY  99 2026 07 09.5  20.6637 -20.4969 20.8 Updated July 14.24 UT            6   0.08 18.6  4.748
P12o0Y1  91 2026 07 08.5  20.0839 -28.9865 21.3 Updated July 13.31 UT           16  21.75 22.6  0.992
A11EpSe  73 2026 07 08.2  19.6255 -29.3237 19.2 Updated July 13.64 UT           21   5.44 19.1  0.678
W2nCdO   79 2026 07 07.4  19.1835 -24.9660 24.1 Updated July 14.24 UT           11  19.01 26.6  4.867
ST26G01  98 2026 07 07.2  21.7410 -61.9638 22.7 Updated July 14.23 UT           14   0.10 27.0  6.941
MAS0006  35 2026 06 19.3  18.3432 +23.9518 20.0 Updated July 14.22 UT          166  24.89  9.0  0.099
P22nJzF  35 2026 06 22.5  22.4620 +18.7159 21.5 Updated July 14.24 UT           23  25.46 14.1  4.283
