P12nfxy 100 2026 05 26.6  17.5678  +5.3858 20.6 Added May 26.63 UT               3   0.02 22.7  0.059
CEP5WY2 100 2026 05 26.4  18.9818 +40.7330 21.0 Updated May 26.48 UT             7   0.03 21.3  0.185
C1F41L5 100 2026 05 26.4  15.9827  +8.4473 19.8 Updated May 26.44 UT             8   0.05 23.7  0.225
CEP5WU2 100 2026 05 26.4  17.5242 +49.7873 21.1 Updated May 26.44 UT            10   0.06 26.1  0.227
C1F4195 100 2026 05 26.4  16.1112  +7.8662 22.1 Updated May 26.45 UT             7   0.07 27.6  0.208
C1F4075 100 2026 05 26.4  16.0481 +27.5495 22.3 Updated May 26.48 UT             8   0.11 24.9  0.185
P12nfxd  96 2026 05 25.6  17.8268 +16.4660 21.9 Updated May 26.45 UT            14   2.00 22.6  0.222
C1F32J5 100 2026 05 25.4  17.2001 +13.8678 22.0 Updated May 26.31 UT             7   0.85 23.5  0.359
C1F3245  73 2026 05 25.4  17.0093 +10.5894 22.5 Updated May 26.45 UT             8   1.00 20.1  0.212
SJA1250 100 2026 05 24.9  16.8554 +61.3249 20.3 Added May 25.42 UT               3   0.03 17.5  1.690
C1F2X35  84 2026 05 25.4  16.3268  +0.7435 21.8 Updated May 26.47 UT            16   1.09 22.7  0.198
C1F2HL5 100 2026 05 25.4  16.4246 -11.6703 22.4 Updated May 25.43 UT             8   0.07 25.5  1.234
C1F1TD5 100 2026 05 25.3  15.7598  +4.7084 23.8 Updated May 26.35 UT             4   0.02 33.6  1.332
C03UYWZ 100 2026 05 23.4  16.7395 +12.6363 22.4 Updated May 26.16 UT             7   2.00 23.1  1.216
A11CUyv  94 2026 05 24.1  17.5774 -56.5320 19.2 Updated May 26.35 UT            17   1.97 19.1  0.548
P12nfw2 100 2026 05 24.6  21.0737  -3.6250 21.7 Updated May 26.34 UT             8   1.73 20.3  0.338
NAOCLYL  85 2026 05 23.8  15.9020 -19.2084 21.7 Updated May 26.35 UT             4   0.10 21.7  2.804
A11CQzo 100 2026 05 24.4  21.6465 -17.6634 20.5 Updated May 26.35 UT             5   0.05 29.8  2.226
oKr0080 100 2026 05 23.9  23.4897 +18.5563 20.2 Updated May 26.34 UT             3   0.00 17.1  2.771
C1F1535  97 2026 05 24.4  16.7578  +6.5935 22.4 Updated May 26.35 UT            11   0.87 23.3  1.375
C1F0EU5  80 2026 05 24.3  15.4064 -10.0890 22.0 Updated May 26.33 UT            13   1.97 20.0  0.373
C1F0295  80 2026 05 24.3  15.3109  -7.0353 22.1 Updated May 26.10 UT            20   1.78 22.2  0.569
6EN3D21 100 2026 05 24.2  16.4304 -79.9050 18.6 Updated May 25.35 UT             3   0.01 21.1  2.426
C1EYPU5 100 2026 05 23.4  15.8680  +3.3814 22.8 Updated May 26.35 UT            11   1.87 24.1  1.412
C1EYD55  24 2026 05 23.3  15.7343 -13.6153 22.2 Updated May 26.43 UT            18   3.07 20.5  0.255
NAOCBPP  99 2026 05 20.7  14.9064 -21.0768 22.3 Updated May 25.35 UT             4   0.13 22.4  5.811
ST26ED1  98 2026 05 21.2   1.7438 -14.4691 28.2 Updated May 25.35 UT            20   0.16 30.2  5.276
ST26EC8  98 2026 05 20.4  21.9358 -31.0182 23.5 Updated May 25.35 UT             6   0.14 28.6  6.224
ST26EC7  98 2026 05 20.4   2.4855  -8.3772 30.3 Updated May 25.35 UT             6   0.11 30.3  6.230
P12nfaz  43 2026 05 20.3  13.2138 -27.4435 22.0 Updated May 26.35 UT            12   2.87 18.3  3.469
NAOCAN7 100 2026 05 17.7  15.2865 -21.9237 21.0 Updated May 26.35 UT             4   0.10 19.7  8.808
KPMa1Ih  87 2026 05 18.1  11.1267 -28.4854 23.5 Updated May 26.35 UT             5   0.01 20.9  8.558
CEMVK32  53 2026 05 17.4  16.4213  +7.9998 21.7 Updated May 26.27 UT            52  11.97 20.1  2.256
P12neKs  35 2026 05 14.6  17.9914 +56.8319 19.9 Updated May 26.32 UT           173  11.53 15.1  0.558
