C46CH71 100 2026 05 22.3  15.1764 +28.8459 19.7 Added May 22.36 UT               4   0.01 24.0  0.016
C46CH41 100 2026 05 22.3  15.4842 +20.7552 19.9 Added May 22.36 UT               4   0.01 25.6  0.015
ST26EE4 100 2026 05 22.3  18.0696 +14.7024 19.6 Updated May 22.36 UT             4   0.03 27.2  0.019
ST26EE3 100 2026 05 22.3  16.1009 +12.5841 19.3 Added May 22.34 UT               2   0.00 26.2  0.108
CENWC52 100 2026 05 22.3  15.8380  -3.5462 20.4 Added May 22.32 UT               3   0.01 25.6  0.050
CENU0L2 100 2026 05 22.2  13.9650  -4.0751 21.6 Updated May 22.31 UT             7   0.06 25.5  0.075
CENV8M2 100 2026 05 22.3  15.0396  -2.2944 19.3 Updated May 22.35 UT             8   0.07 31.0  0.017
NAOCBPP  99 2026 05 20.7  14.8446 -18.3195 22.1 Added May 22.28 UT               4   0.13 22.6  1.517
8N2S001 100 2026 05 22.0  17.8502 +17.6750 19.3 Added May 22.24 UT               3   0.01 24.4  0.315
Sar2899  98 2026 05 22.0  16.2020 +11.8144 20.6 Updated May 22.28 UT            20   0.29 29.7  0.087
CZYNHKZ 100 2026 05 14.4  16.3809  +2.4868 21.4 Updated May 22.04 UT             4   0.02 22.8  7.981
P22nfmx  79 2026 05 21.3  14.4218  +1.5262 21.2 Updated May 22.28 UT            27   1.06 24.7  0.112
C46CD31 100 2026 05 21.4  21.8650  -5.8866 20.2 Updated May 21.45 UT             5   0.05 28.5  0.925
ST26ED8  74 2026 05 21.3  17.7643 +15.1656 20.2 Updated May 22.34 UT            31   1.00 25.8  0.033
ST26ED1  98 2026 05 21.2   0.3110 -18.6209 22.2 Updated May 21.71 UT            20   0.16 30.2  0.983
TF26EE0 100 2026 05 20.5  16.4111  +8.7820 22.7 Updated May 20.74 UT             4   0.02 28.7  1.884
ST26EC8  98 2026 05 20.4  18.8923 -22.5189 20.2 Updated May 21.71 UT             6   0.14 28.6  1.931
ST26EC7  98 2026 05 20.4   2.3059  -8.3211 27.8 Updated May 21.71 UT             6   0.11 30.2  1.937
ST26EC5 100 2026 05 20.3  16.0270 -13.5478 19.2 Updated May 20.59 UT             4   0.03 24.6  2.029
P12nfgD  10 2026 05 20.4  15.9571  -7.5159 21.8 Updated May 22.22 UT            30 5292.85 20.0  0.168
P12nffX  10 2026 05 20.5  16.3710 -20.8516 21.6 Updated May 21.77 UT            12   6.91 18.9  0.998
P12nffV  45 2026 05 20.5  16.5008 -18.7925 20.5 Updated May 22.27 UT            23   2.72 20.2  0.334
P12nfaz  48 2026 05 20.3  13.2455 -28.2539 22.0 Updated May 22.18 UT            10   1.84 18.4  0.199
P22nfat  20 2026 05 20.4  16.1830 +21.5131 22.1 Updated May 21.73 UT            25 622.93 19.6  0.937
NAOCAN7 100 2026 05 17.7  15.2769 -21.8068 20.8 Updated May 21.35 UT             4   0.10 19.6  4.515
KPMa1Ih  87 2026 05 18.1  11.1249 -26.5593 23.3 Updated May 21.35 UT             5   0.01 20.8  4.265
CEMVK32  35 2026 05 17.4  16.7347 +10.0538 21.6 Updated May 21.47 UT            47   9.02 20.1  0.909
P12neKs  35 2026 05 14.6  18.1354 +57.3927 20.0 Updated May 22.02 UT           121   7.45 15.2  0.349
