MNe1793  61 2026 07 02.8  23.7799  +4.9825 20.6 Added July 14.36 UT              6   8.04 18.2  3.602
A11EDnp 100 2026 07 13.9  16.1966 +11.0578 19.2 Updated July 14.22 UT           13   0.31 25.7  0.242
P12o4wA  96 2026 07 13.5  21.3080  -6.7052 21.4 Added July 13.62 UT              3   0.03 20.1  0.947
P12o4wi 100 2026 07 13.5  21.8003  -6.7292 21.1 Updated July 14.30 UT            5   0.79 21.2  0.165
P12o4wj 100 2026 07 13.5  21.4143  -4.6645 21.7 Updated July 14.29 UT            9   0.80 22.5  0.174
P12o4wh  97 2026 07 13.5  21.4315  -6.2994 21.5 Updated July 14.32 UT            7   0.82 20.4  0.151
P12o4vT  96 2026 07 13.4  16.5029  -9.4691 20.2 Updated July 14.13 UT           20   0.76 20.2  0.331
P12o4vO 100 2026 07 11.6   9.7396 -10.5597 25.6 Updated July 13.24 UT            3   0.01 26.0  2.858
P12o4vF  56 2026 07 11.5  22.7283 -18.3288 22.1 Updated July 14.36 UT           10   2.80 20.8  0.112
P12o4vm  30 2026 07 11.5  22.4771 -18.4208 20.7 Updated July 14.34 UT           16   3.92 19.1  0.127
P12o4vl  97 2026 07 11.5  22.4326 -18.9493 20.7 Updated July 14.33 UT           10   2.78 19.4  0.136
ZTF10El 100 2026 07 11.3   0.6142  -3.1102 22.2 Updated July 13.24 UT            4   0.02 27.7  3.119
ZTF10En 100 2026 07 11.4   9.9227 -26.0332 28.2 Updated July 13.24 UT            2   0.00 29.8  3.055
S001621  96 2026 07 11.2  22.1195 -33.3758 20.5 Updated July 14.44 UT           12   3.02 21.6  0.209
A11EvW0 100 2026 07 11.3  20.3456 -25.6426 19.7 Updated July 13.23 UT            4   0.02 24.9  3.182
ST26G26 100 2026 07 10.5  20.4973  +0.9731 22.1 Updated July 14.24 UT            4   0.01 27.1  3.991
TF26G22 100 2026 07 10.3  11.0397 -11.6480 24.1 Updated July 13.24 UT            4   0.94 24.8  3.221
ST26G18 100 2026 07 10.3   8.3104 +46.1499 28.4 Updated July 14.24 UT            4   0.02 26.1  4.127
ST26G17 100 2026 07 10.3   7.4926 -20.0243 28.1 Updated July 14.23 UT            2   0.00 27.7  4.169
A11Evap  10 2026 07 09.9  19.8528 -32.2935 18.9 Updated July 13.61 UT           29   3.64 21.9  0.889
P12o0YY  99 2026 07 09.5  20.6564 -20.4119 20.8 Updated July 14.24 UT            6   0.08 18.6  4.914
P12o0Y1  91 2026 07 08.5  20.0725 -28.9361 21.3 Updated July 13.31 UT           16  21.75 22.6  1.158
A11EpSe  73 2026 07 08.2  19.6237 -29.2936 19.2 Updated July 13.64 UT           21   5.44 19.1  0.844
W2nCdO   79 2026 07 07.4  19.1862 -24.9853 24.2 Updated July 14.24 UT           11  19.01 26.6  5.034
ST26G01  98 2026 07 07.2  21.7832 -62.0303 22.7 Updated July 14.23 UT           14   0.10 27.0  7.107
MAS0006  35 2026 06 19.3  18.3421 +23.9542 20.0 Updated July 14.22 UT          166  24.89  9.0  0.266
P22nJzF  35 2026 06 22.5  22.4592 +18.7039 21.5 Updated July 14.24 UT           23  25.46 14.1  4.450
