C1EYRR5 100 2026 05 23.4  15.8637  +2.8079 22.6 Updated May 23.48 UT            10   0.09 25.3  0.444
C1EYQL5 100 2026 05 23.4  15.8911  +1.6192 22.3 Updated May 23.48 UT             7   0.09 24.2  0.441
C1EYPU5  97 2026 05 23.4  15.8204  +2.9424 22.9 Updated May 23.49 UT             6   0.07 22.4  0.459
C1EYPT5 100 2026 05 23.4  15.8305  +2.4567 21.8 Updated May 23.79 UT            14   0.08 24.3  0.448
C46CN51  88 2026 05 23.4  17.2673 +21.7085 19.4 Updated May 23.90 UT            22   0.51 24.2  0.012
C1EYD55  66 2026 05 23.3  15.8170 -12.9633 22.1 Updated May 23.41 UT            10   0.06 19.4  0.519
C1EXH55 100 2026 05 23.3  13.9726  +5.1384 22.3 Updated May 23.37 UT            10   0.08 23.3  0.547
6EM3521  86 2026 05 23.1  13.1873 -12.5626 20.0 Updated May 23.90 UT            18   0.82 22.3  0.033
NAOCBPP  99 2026 05 20.7  14.8660 -19.3360 22.1 Updated May 22.70 UT             4   0.13 22.4  3.059
CZYNHKZ 100 2026 05 14.4  16.3707  +2.3203 21.8 Updated May 23.35 UT             4   0.02 22.7  9.523
C46CD31 100 2026 05 21.4   1.0899  -3.6001 25.6 Updated May 23.35 UT             7   0.05 28.6  2.467
ST26ED1  98 2026 05 21.2   1.5266 -15.2863 26.4 Updated May 23.35 UT            20   0.16 30.2  2.525
TF26EE0 100 2026 05 20.5  16.3779  +8.8168 23.9 Updated May 22.38 UT             4   0.02 28.7  3.426
ST26EC8  98 2026 05 20.4  20.7066 -29.5828 21.8 Updated May 23.35 UT             6   0.14 28.6  3.472
ST26EC7  98 2026 05 20.4   2.4258  -8.4055 29.3 Updated May 23.35 UT             6   0.11 30.3  3.478
ST26EC5 100 2026 05 20.3  15.5152 -16.9493 20.1 Updated May 22.38 UT             4   0.03 24.9  3.571
P12nffX  10 2026 05 20.5  16.3430 -20.9975 21.7 Updated May 22.44 UT            15   7.94 19.3  1.513
P12nfaz  38 2026 05 20.3  13.2330 -27.9625 22.0 Updated May 23.25 UT            12   2.87 18.4  0.717
NAOCAN7 100 2026 05 17.7  15.2786 -21.8430 20.8 Updated May 22.38 UT             4   0.10 19.7  6.057
KPMa1Ih  87 2026 05 18.1  11.1237 -27.2583 23.4 Updated May 22.38 UT             5   0.01 20.8  5.806
CEMVK32  55 2026 05 17.4  16.6175  +9.3118 21.6 Updated May 23.35 UT            47   9.02 20.1  2.451
P12neKs  35 2026 05 14.6  18.0845 +57.2104 19.9 Updated May 23.50 UT           149   8.88 15.1  0.457
