CEP1CX2 100 2026 05 24.3  15.0551  +2.9170 20.9 Added May 24.31 UT               4   0.02 22.7  0.025
6EN3D21 100 2026 05 24.2  16.7339 -78.7563 19.1 Added May 24.29 UT               3   0.01 19.2  0.091
CEP0PP2 100 2026 05 24.2  14.7188  -5.4908 20.8 Added May 24.26 UT               4   0.02 25.4  0.066
TF26EH7 100 2026 05 24.2  13.6709  -1.4317 19.2 Updated May 24.28 UT             6   0.04 25.9  0.048
ST26EF6 100 2026 05 24.2  13.6706  -1.4442 19.2 Updated May 24.30 UT             9   0.07 26.0  0.056
C1EYRR5 100 2026 05 23.4  15.8693  +2.3187 22.6 Updated May 23.48 UT            10   0.09 25.3  0.861
C1EYQL5  97 2026 05 23.4  15.8650  +1.2000 22.0 Updated May 24.28 UT            10   0.89 24.4  0.063
C1EYPU5  97 2026 05 23.4  15.8269  +3.0147 22.9 Updated May 23.49 UT             6   0.07 22.4  0.876
C1EYPT5  89 2026 05 23.4  15.8238  +1.9547 21.7 Updated May 24.24 UT            18   0.86 24.2  0.085
C1EYD55  64 2026 05 23.3  15.8047 -13.0606 22.1 Updated May 24.30 UT            12   0.95 20.1  0.046
C1EXH55  93 2026 05 23.3  13.9990  +5.5476 22.4 Updated May 24.21 UT            20   0.91 23.7  0.134
6EM3521  79 2026 05 23.1  13.1657 -11.8014 20.2 Updated May 24.29 UT            29   1.14 22.4  0.132
NAOCBPP  99 2026 05 20.7  14.8720 -19.6042 22.2 Updated May 22.70 UT             4   0.13 22.4  3.476
CZYNHKZ 100 2026 05 14.4  16.3605  +2.2471 21.8 Updated May 23.35 UT             4   0.02 22.7  9.939
C46CD31 100 2026 05 21.4   1.2378  -3.4162 26.2 Updated May 23.35 UT             7   0.05 28.6  2.883
ST26ED1  98 2026 05 21.2   1.5908 -15.0588 26.8 Updated May 23.35 UT            20   0.16 30.2  2.941
TF26EE0 100 2026 05 20.5  16.3723  +8.8157 24.1 Updated May 22.38 UT             4   0.02 28.7  3.842
ST26EC8  98 2026 05 20.4  21.0004 -30.1649 22.1 Updated May 23.35 UT             6   0.14 28.6  3.889
ST26EC7  98 2026 05 20.4   2.4405  -8.4096 29.5 Updated May 23.35 UT             6   0.11 30.3  3.895
ST26EC5 100 2026 05 20.3  15.4107 -17.5935 20.3 Updated May 22.38 UT             4   0.03 24.9  3.987
P12nffX  10 2026 05 20.5  16.3353 -21.0371 21.7 Updated May 22.44 UT            15   7.94 19.3  1.929
P12nfaz  43 2026 05 20.3  13.2299 -27.8838 22.0 Updated May 23.25 UT            12   2.87 18.4  1.134
NAOCAN7 100 2026 05 17.7  15.2793 -21.8536 20.8 Updated May 22.38 UT             4   0.10 19.7  6.474
KPMa1Ih  87 2026 05 18.1  11.1237 -27.4419 23.4 Updated May 22.38 UT             5   0.01 20.8  6.223
CEMVK32  55 2026 05 17.4  16.5867  +9.1119 21.7 Updated May 23.35 UT            47   9.02 20.1  2.868
P12neKs  35 2026 05 14.6  18.0706 +57.1575 19.9 Updated May 24.25 UT           159   9.46 15.1  0.294
