TF26EG7 100 2026 05 22.5  15.7213  +9.7017 19.4 Added May 22.47 UT               2   0.00 23.5  0.105
ST26EE8  98 2026 05 22.2  15.5852 +11.0944 18.7 Updated May 22.47 UT             4   0.22 26.2  0.105
MKp7968  85 2026 05 17.7  14.1229  +5.2649 21.7 Added May 22.41 UT               6   4.04 23.0  0.873
C46CH71 100 2026 05 22.3  15.1829 +26.5689 19.6 Updated May 22.39 UT             8   0.04 23.6  0.187
C46CH41 100 2026 05 22.3  15.5876 +19.0337 19.7 Updated May 22.46 UT            12   0.10 25.7  0.125
ST26EE4  98 2026 05 22.3  18.2168 +16.5850 20.4 Updated May 22.46 UT            18   0.13 29.0  0.121
ST26EE3  98 2026 05 22.3  16.2962  +9.6881 19.5 Updated May 22.47 UT            12   0.21 28.4  0.113
CENWC52  98 2026 05 22.3  15.7705  -3.2193 20.1 Updated May 22.49 UT            15   0.18 27.7  0.093
CENU0L2  98 2026 05 22.2  14.0204  -3.6251 21.7 Updated May 22.37 UT             9   0.13 27.4  0.210
CENV8M2  98 2026 05 22.3  15.2897  +0.7668 18.5 Updated May 22.42 UT            19   0.12 31.1  0.174
NAOCBPP  97 2026 05 20.7  14.8375 -18.4787 21.4 Updated May 22.52 UT             8   1.14 21.4  0.722
8N2S001 100 2026 05 22.0  17.8022 +16.3735 19.2 Added May 22.24 UT               3   0.01 24.4  0.524
Sar2899  98 2026 05 22.0  16.0899 +11.6493 20.7 Updated May 22.45 UT            24   0.46 29.6  0.130
CZYNHKZ 100 2026 05 14.4  16.3740  +2.4441 21.4 Updated May 22.04 UT             4   0.02 22.8  8.189
P22nfmx  10 2026 05 21.3  14.4533  +1.5525 21.2 Updated May 22.46 UT            33  12.96 24.7  0.310
C46CD31 100 2026 05 21.4  22.8160  -5.6159 21.2 Updated May 21.45 UT             5   0.05 28.5  1.133
ST26ED8  79 2026 05 21.3  17.7037 +16.8449 20.3 Updated May 22.42 UT            39   1.08 25.8  0.163
ST26ED1  98 2026 05 21.2   0.7898 -17.5201 23.4 Updated May 21.71 UT            20   0.16 30.2  1.191
TF26EE0 100 2026 05 20.5  16.4079  +8.7901 22.9 Updated May 22.38 UT             4   0.02 28.7  2.092
ST26EC8  98 2026 05 20.4  19.2203 -24.2445 20.5 Updated May 21.71 UT             6   0.14 28.6  2.139
ST26EC7  98 2026 05 20.4   2.3343  -8.3454 28.1 Updated May 21.71 UT             6   0.11 30.2  2.145
ST26EC5 100 2026 05 20.3  15.9843 -13.8685 19.3 Updated May 22.38 UT             4   0.03 24.9  2.237
P12nfgD  10 2026 05 20.4  15.9515  -7.5566 21.8 Updated May 22.22 UT            30 5292.85 20.0  0.376
P12nffX  10 2026 05 20.5  16.3673 -20.8710 21.7 Updated May 22.44 UT            15   7.94 19.3  0.179
P12nffV  45 2026 05 20.5  16.4998 -18.7033 20.5 Updated May 22.27 UT            23   2.72 20.2  0.542
P12nfaz  48 2026 05 20.3  13.2438 -28.2145 22.0 Updated May 22.18 UT            10   1.84 18.4  0.408
P22nfat  20 2026 05 20.4  16.1795 +21.5339 22.1 Updated May 22.47 UT            25 623.97 19.7  0.107
NAOCAN7 100 2026 05 17.7  15.2767 -21.8083 20.7 Updated May 22.38 UT             4   0.10 19.7  4.724
KPMa1Ih  87 2026 05 18.1  11.1246 -26.6602 23.3 Updated May 22.38 UT             5   0.01 20.8  4.473
CEMVK32  55 2026 05 17.4  16.7185  +9.9534 21.6 Updated May 21.47 UT            47   9.02 20.1  1.118
P12neKs  35 2026 05 14.6  18.1286 +57.3692 20.0 Updated May 22.02 UT           121   7.45 15.2  0.557
