C1EYRR5 100 2026 05 23.4  15.8620  +2.9549 22.6 Updated May 23.48 UT            10   0.09 25.3  0.319
C1EYQL5 100 2026 05 23.4  15.8990  +1.7425 22.3 Updated May 23.48 UT             7   0.09 24.2  0.316
C1EYPU5  97 2026 05 23.4  15.8185  +2.9203 22.9 Updated May 23.49 UT             6   0.07 22.4  0.334
C1EYPT5 100 2026 05 23.4  15.8325  +2.6127 21.7 Updated May 23.46 UT            12   0.08 24.1  0.323
C46CN51 100 2026 05 23.4  17.2924 +22.4427 19.5 Updated May 23.46 UT            12   0.07 24.4  0.324
C1EYD55  66 2026 05 23.3  15.8208 -12.9340 22.1 Updated May 23.41 UT            10   0.06 19.4  0.394
C1EXH55 100 2026 05 23.3  13.9651  +5.0192 22.3 Updated May 23.37 UT            10   0.08 23.3  0.422
CENZ0T2  98 2026 05 23.3  16.0474 +59.8551 21.0 Updated May 23.37 UT            12   0.11 26.1  0.416
6EM3521 100 2026 05 23.1  13.1937 -12.7884 20.4 Updated May 23.51 UT            11   0.45 22.7  0.278
NAOCBPP  99 2026 05 20.7  14.8643 -19.2550 22.1 Updated May 22.70 UT             4   0.13 22.4  2.934
CZYNHKZ 100 2026 05 14.4  16.3737  +2.3421 21.7 Updated May 23.35 UT             4   0.02 22.7  9.398
C46CD31 100 2026 05 21.4   1.0325  -3.6695 25.4 Updated May 23.35 UT             7   0.05 28.6  2.342
ST26ED1  98 2026 05 21.2   1.5018 -15.3724 26.2 Updated May 23.35 UT            20   0.16 30.2  2.400
TF26EE0 100 2026 05 20.5  16.3798  +8.8165 23.8 Updated May 22.38 UT             4   0.02 28.7  3.301
ST26EC8  98 2026 05 20.4  20.6059 -29.3480 21.7 Updated May 23.35 UT             6   0.14 28.6  3.347
ST26EC7  98 2026 05 20.4   2.4207  -8.4033 29.2 Updated May 23.35 UT             6   0.11 30.3  3.353
ST26EC5 100 2026 05 20.3  15.5497 -16.7334 20.0 Updated May 22.38 UT             4   0.03 24.9  3.446
P12nffX  10 2026 05 20.5  16.3453 -20.9856 21.7 Updated May 22.44 UT            15   7.94 19.3  1.388
P12nfaz  38 2026 05 20.3  13.2340 -27.9861 22.0 Updated May 23.25 UT            12   2.87 18.4  0.592
NAOCAN7 100 2026 05 17.7  15.2784 -21.8397 20.8 Updated May 22.38 UT             4   0.10 19.7  5.932
KPMa1Ih  87 2026 05 18.1  11.1237 -27.2029 23.3 Updated May 22.38 UT             5   0.01 20.8  5.681
CEMVK32  55 2026 05 17.4  16.6268  +9.3719 21.6 Updated May 23.35 UT            47   9.02 20.1  2.326
P12neKs  35 2026 05 14.6  18.0887 +57.2259 19.9 Updated May 23.50 UT           149   8.88 15.1  0.332
