A11CDyX 100 2026 05 18.0  10.7874 -33.3927 19.6 Added May 18.22 UT               4   0.02 21.1  0.421
P22nf7J 100 2026 05 17.6  16.3990 +33.2654 21.0 Updated May 18.37 UT             9  20.57 23.1  0.508
P22nf7G 100 2026 05 17.6  16.2071 +34.9027 22.1 Added May 17.77 UT               4   0.04 22.8  0.883
P22nf3F  32 2026 05 17.5  17.5994 +37.0188 21.4 Updated May 18.35 UT            12   0.81 19.0  0.186
CEMVK32 100 2026 05 17.4  17.0511 +11.9148 21.6 Updated May 18.33 UT            30   5.77 20.2  0.282
A11Cvk7 100 2026 05 16.9  13.6996 -72.5296 19.6 Updated May 18.37 UT             4   0.03 22.7  1.559
CEMRK82  84 2026 05 16.5  21.5717 -10.1025 21.5 Updated May 18.37 UT             3   0.01 17.3  2.023
A11Cswo 100 2026 05 16.0  17.1879 -23.3429 18.5 Updated May 18.37 UT             4   0.02 20.9  2.486
ZTF10Du 100 2026 05 15.3  16.8831 -36.4045 19.6 Updated May 18.37 UT             4   0.03 26.4  3.189
ST26E84  98 2026 05 15.4  15.4203 +10.7127 20.7 Updated May 18.37 UT             6   0.47 26.4  2.598
ST26E75  98 2026 05 15.2   2.5038 -23.4721 26.3 Updated May 18.37 UT             7   0.09 28.6  3.168
P12neKs  35 2026 05 14.6  18.2585 +57.7629 20.2 Updated May 18.33 UT            58   3.67 15.3  0.248
RFD0300 100 2026 05 13.0  19.2641 -43.9685 25.1 Updated May 18.38 UT             2   0.00 29.8  5.457
CEMAUH2 100 2026 05 14.4  16.0259 -11.7485 21.2 Updated May 18.39 UT             6   0.07 23.9  4.045
ST26E61 100 2026 05 14.3  16.7004  +0.7330 23.8 Updated May 18.39 UT             6   0.05 28.9  4.121
MZ26075 100 2026 05 13.8  17.9906 +21.9519 21.1 Updated May 18.37 UT             3   0.01 25.0  4.665
A11CmCW 100 2026 05 13.3   6.4151 -69.7656 21.1 Updated May 18.39 UT             4   0.02 25.6  5.113
A11CmCS 100 2026 05 13.3  17.2334 -30.4163 20.7 Updated May 18.37 UT             4   0.04 25.6  5.171
OCA1642  84 2026 05 13.1  13.6988 -31.4030 19.5 Updated May 18.37 UT             3   0.02 14.2  5.359
S001563  73 2026 05 07.0  12.9754 -27.2543 21.6 Updated May 18.37 UT             3   0.03 17.7 11.410
C1EUYV5  35 2026 04 27.5  17.2204 +18.9483 21.9 Updated May 16.81 UT            36 300.17 12.8  2.026
