CELY6P2 100 2026 05 11.4  17.0139 +18.1563 21.0 Updated May 11.47 UT             8   0.05 23.0  0.390
ST26E38 100 2026 05 11.3  17.3491  +6.9885 20.0 Updated May 11.66 UT             6   0.14 25.7  0.403
C469HY1 100 2026 05 11.4  17.1850  +7.5058 18.5 Updated May 11.64 UT            13   0.06 26.0  0.401
6EA3I21  62 2026 05 11.3  19.4303  -5.2895 17.0 Added May 11.37 UT               3   0.01 13.0  0.525
CELXZH2 100 2026 05 11.3  14.8056 +24.0058 22.7 Added May 11.37 UT               3   0.01 22.0  0.510
CELXRN2  98 2026 05 11.3  13.1569 +26.6588 20.9 Updated May 11.39 UT             7   0.11 18.4  0.475
TF26E51 100 2026 05 11.3  15.3013  +8.7870 19.2 Added May 11.28 UT               2   0.00 23.3  0.583
ST26E34 100 2026 05 10.5  14.7065 +24.1985 21.2 Added May 10.70 UT               2   0.00 26.4  1.397
6E94521 100 2026 05 10.4  19.3970 -57.2891 19.4 Updated May 11.30 UT            13   0.92 19.0  0.580
CELUGK2  93 2026 05 10.3  14.8123 +27.6691 21.5 Updated May 11.19 UT            21   0.85 24.4  0.672
ZTF10Do  98 2026 05 10.2  13.8900 +10.1327 18.2 Updated May 11.58 UT            11   1.27 27.1  0.353
CELU1Q2  98 2026 05 10.2  11.5863 +31.2793 21.4 Updated May 11.21 UT            13   0.99 26.1  0.664
ST26E24  98 2026 05 10.2   3.2081 -16.5775 25.8 Updated May 10.52 UT            13   0.29 29.1  1.382
ZTF10Dn 100 2026 05 09.3  16.8544 -12.9054 20.3 Updated May 11.31 UT             4   0.04 26.9  2.522
XA9ttXA  97 2026 05 08.8  15.1182  +1.8477 22.6 Updated May 11.23 UT            13   2.46 21.8  0.639
ST26E18 100 2026 05 09.4  15.4728 -14.2473 22.7 Updated May 11.31 UT             4   0.00 30.1  2.491
CELT0C2  79 2026 05 09.2  12.6519 +44.8276 20.9 Updated May 11.05 UT            26   1.80 22.8  0.808
CELRZD2 100 2026 05 09.2  12.5129 +35.8715 22.1 Updated May 11.31 UT             8   0.10 22.6  2.509
TF26E23 100 2026 05 09.2  12.9750  -3.9204 17.6 Updated May 11.85 UT             2   0.00 19.6  2.641
ZTF10Dl 100 2026 05 08.3  18.8134 -15.5286 21.1 Updated May 10.31 UT             4   0.03 27.0  3.489
ST26E14 100 2026 05 08.4  13.3578  -3.2901 17.9 Updated May 10.31 UT             2   0.00 21.3  3.433
P22n0vC  24 2026 05 08.3  14.8013  +9.7676 22.4 Updated May 11.21 UT            25   2.87 19.9  0.653
CELLEH2  86 2026 05 08.3  15.8705 -16.5536 23.5 Updated May 11.82 UT            14   1.86 32.7  1.701
P22n0fQ  97 2026 05 07.4  15.0824 +10.0021 22.6 Updated May 11.31 UT             3   0.04 24.4  4.450
ZTF10Di 100 2026 05 07.4  22.1349 -10.8607 22.9 Updated May 11.31 UT             4   0.02 27.4  4.465
S001563  73 2026 05 07.0  12.9948 -26.9465 21.5 Updated May 11.31 UT             3   0.03 17.9  4.781
P22mZLU  68 2026 05 06.3  11.8043 -16.2704 21.0 Updated May 11.60 UT            17   4.96 20.7  0.624
A11BRI6  51 2026 05 03.0  10.9346 -39.5247 18.8 Updated May 11.39 UT            55   7.13 19.8  1.715
C1EUYV5  35 2026 04 27.5  17.3118 +18.6074 21.7 Updated May 11.29 UT            30  13.80 12.6  0.589
