P12nc1w 100 2026 05 14.5  16.2175  -5.6800 20.9 Added May 14.58 UT               4   0.04 23.6  0.215
P12nc1d 100 2026 05 14.5  16.9291  -5.4033 21.3 Added May 14.58 UT               3   0.04 22.8  0.210
P12nc1c 100 2026 05 14.5  16.8168  -6.8025 21.8 Added May 14.58 UT               4   0.04 22.6  0.211
RFD0300 100 2026 05 13.0  23.3181 -37.6896 23.6 Added May 14.52 UT               2   0.00 29.5  1.704
P12nc08 100 2026 05 14.4  15.9890 -18.5720 21.0 Added May 14.52 UT               3   0.02 17.5  0.266
CEMAUH2 100 2026 05 14.4  16.5162  +4.1463 21.3 Updated May 14.46 UT             6   0.07 24.0  0.292
CEMAY32 100 2026 05 14.4  16.7250  +4.1011 20.3 Updated May 14.47 UT             9   0.07 23.8  0.270
C46A061  98 2026 05 14.4  15.1683  -2.7553 17.5 Updated May 14.61 UT            19   0.16 30.5  0.193
CEMANR2 100 2026 05 14.4  16.3583  +3.7511 19.8 Updated May 14.67 UT            14   0.29 21.2  0.077
ST26E67  98 2026 05 14.3  16.0794  +0.2161 19.7 Updated May 14.66 UT            11   0.30 30.0  0.112
CEMA5R2 100 2026 05 14.3  15.5287  +6.7320 20.0 Updated May 14.67 UT            16   0.15 23.8  0.256
ST26E61 100 2026 05 14.3  16.0989  -0.0125 20.4 Updated May 14.37 UT             6   0.05 28.7  0.368
CEM9MQ2  98 2026 05 14.3  14.9168  +0.9056 20.3 Updated May 14.41 UT             8   0.09 28.6  0.331
CEM9DH2 100 2026 05 14.3  14.9519  +1.1874 20.7 Updated May 14.42 UT            10   0.10 24.3  0.323
CEM9AR2  98 2026 05 14.3  14.9159  +1.6771 21.5 Updated May 14.40 UT             8   0.09 26.1  0.339
ST26E59 100 2026 05 14.3  15.2039  -1.9154 19.9 Updated May 14.38 UT            14   0.07 26.8  0.361
ST26E57 100 2026 05 14.3  15.1707  -3.7059 19.2 Updated May 14.33 UT             8   0.05 27.0  0.407
CEM83E2 100 2026 05 14.3  14.0369  +0.8735 20.6 Updated May 14.36 UT             6   0.09 24.4  0.382
CEM7YT2 100 2026 05 14.3  13.2927  +2.1779 20.0 Updated May 14.36 UT             8   0.09 21.7  0.379
ST26E52 100 2026 05 14.2  13.6051  +6.8790 19.9 Updated May 14.38 UT             9   0.09 25.9  0.395
MZ26075 100 2026 05 13.8  16.7359  -1.6257 19.5 Added May 14.13 UT               3   0.01 25.1  0.912
A11CmCW 100 2026 05 13.3   4.7100 -77.4391 19.1 Added May 13.75 UT               4   0.02 24.5  1.360
A11CmCS 100 2026 05 13.3  16.5701 -37.9882 19.1 Added May 13.75 UT               4   0.04 25.4  1.418
OCA1642  84 2026 05 13.1  13.7597 -31.1873 19.4 Added May 13.56 UT               3   0.02 13.4  1.606
P22nay8  22 2026 05 13.4  15.7494  -2.0305 21.8 Updated May 14.59 UT            16  18.97 20.1  0.245
A11Cmv6 100 2026 05 13.0   8.5477 -50.4112 18.8 Updated May 14.10 UT            10   0.91 18.6  0.770
P22n4PC  55 2026 05 12.4  13.9675 -13.2633 20.6 Updated May 14.21 UT            17   1.83 21.0  0.542
CEM26R2  13 2026 05 12.4  16.5922 +15.4394 20.6 Updated May 14.25 UT            21   2.69 17.0  0.495
CEM1XD2  13 2026 05 12.3  14.5021 +17.4887 22.2 Updated May 14.22 UT            20   6.88 19.2  0.525
SO0005e 100 2026 05 11.7   0.0766  +5.2565 26.4 Updated May 14.35 UT             3   0.00 28.9  3.023
SO0005d 100 2026 05 11.7  19.0079 -25.2462 21.6 Updated May 14.34 UT             4   0.00 28.2  3.022
SO0005c 100 2026 05 11.7  22.4678 -30.7037 23.3 Updated May 14.34 UT             3   0.00 28.6  3.076
SO0005b 100 2026 05 11.6  22.8816  -9.1755 22.2 Updated May 14.34 UT             3   0.00 26.6  3.087
CELXZH2 100 2026 05 11.3  14.7538 +24.3260 22.3 Updated May 14.35 UT             3   0.01 25.0  3.386
6E94521  10 2026 05 10.4  19.6660 -64.0313 19.5 Updated May 14.42 UT            44   4.03 19.0  0.337
S001563  73 2026 05 07.0  12.9830 -27.0874 21.5 Updated May 14.34 UT             3   0.03 17.5  7.657
C1EUYV5  35 2026 04 27.5  17.2727 +18.7636 21.9 Updated May 14.43 UT            36 297.21 12.8  1.236
