P22nfcp 100 2026 05 20.4  16.9341  +3.4045 20.8 Added May 20.48 UT               3   0.03 21.4  0.077
P22nfcS  85 2026 05 20.4  16.9208  +2.2679 20.5 Added May 20.48 UT               3   0.03 17.5  0.077
P12nfck 100 2026 05 20.4  14.1607 -26.8810 19.3 Updated May 20.50 UT             4   0.03 26.4  0.124
P12nfaz  92 2026 05 20.3  13.2621 -28.5997 21.7 Added May 20.44 UT               3   0.03 18.8  0.177
P22nfat  86 2026 05 20.4  16.2145 +21.3103 21.6 Added May 20.44 UT               3   0.04 19.3  0.137
P22nfau  68 2026 05 20.4  16.7775 +17.0354 21.3 Updated May 20.48 UT             8   7.83 19.0  0.132
P22nfad 100 2026 05 20.4  16.9723 +20.5163 21.0 Updated May 20.43 UT             3   0.03 23.5  0.143
ST26EB8  91 2026 05 19.4  16.8887 +12.1992 20.2 Updated May 20.42 UT            22   0.95 25.9  0.129
CEN5QX2  91 2026 05 19.4  16.1807 -14.9667 20.6 Updated May 20.52 UT            21   1.02 25.4  0.116
A11CGDH 100 2026 05 19.2  16.3625 -71.8567 19.1 Updated May 20.02 UT             7   0.76 22.0  0.551
A11CGDI  96 2026 05 19.2  17.2090 -44.8263 18.8 Updated May 20.26 UT            21   0.88 21.5  0.465
NAOCAN7 100 2026 05 17.7  15.2748 -21.7527 20.7 Updated May 20.34 UT             4   0.10 20.1  2.681
KPMa1Ih  87 2026 05 18.1  11.1292 -25.7097 23.2 Updated May 20.34 UT             5   0.01 20.8  2.430
A11CDyX  83 2026 05 18.0  10.9036 -31.9140 19.6 Updated May 20.30 UT            19   1.92 20.6  0.560
CEMVK32  35 2026 05 17.4  16.8806 +10.9372 21.6 Updated May 20.52 UT            41   7.48 20.1  0.619
A11Cvk7 100 2026 05 16.9  13.1750 -70.9328 19.8 Updated May 20.34 UT             4   0.03 22.4  3.603
CEMRK82  84 2026 05 16.5  21.6295 -10.5178 21.5 Updated May 20.34 UT             3   0.01 17.4  4.068
A11Cswo 100 2026 05 16.0  17.0924 -22.9264 18.5 Updated May 20.34 UT             4   0.02 21.9  4.530
ST26E75  98 2026 05 15.2   2.5318 -20.7862 27.7 Updated May 20.34 UT             7   0.09 28.6  5.212
P12neKs  35 2026 05 14.6  18.1946 +57.5831 20.0 Updated May 20.37 UT           101   5.47 15.2  0.487
CEMAUH2 100 2026 05 14.4  15.8106 -18.2413 21.1 Updated May 20.34 UT             6   0.07 23.9  6.089
