P12nc1w  98 2026 05 14.5  16.2202  -5.5758 20.8 Updated May 14.79 UT             8   0.26 25.0  0.205
P12nc1d 100 2026 05 14.5  16.9275  -5.3798 21.3 Added May 14.58 UT               3   0.04 22.8  0.293
P12nc1c 100 2026 05 14.5  16.8142  -6.7794 21.8 Updated May 14.79 UT             5   0.13 19.9  0.204
RFD0300 100 2026 05 13.0  23.4099 -37.0970 23.7 Added May 14.52 UT               2   0.00 29.5  1.788
P12nc08 100 2026 05 14.4  15.9849 -18.5593 21.6 Updated May 14.79 UT             5   0.09 21.0  0.283
CEMAUH2 100 2026 05 14.4  16.5040  +3.7462 21.3 Updated May 14.46 UT             6   0.07 24.0  0.375
CEMAY32 100 2026 05 14.4  16.7061  +3.8901 20.3 Updated May 14.47 UT             9   0.07 23.8  0.353
C46A061  98 2026 05 14.4  15.4066  +2.7983 16.8 Updated May 14.61 UT            19   0.16 30.5  0.277
CEMANR2 100 2026 05 14.4  16.3502  +3.6860 19.8 Updated May 14.67 UT            14   0.29 21.2  0.161
ST26E67  98 2026 05 14.3  16.1077  +0.3248 19.8 Updated May 14.66 UT            11   0.30 30.0  0.195
CEMA5R2 100 2026 05 14.3  15.5329  +6.8735 20.0 Updated May 14.67 UT            16   0.15 23.8  0.340
ST26E61 100 2026 05 14.3  16.1544  +0.0617 20.6 Updated May 14.37 UT             6   0.05 28.7  0.451
CEM9MQ2  98 2026 05 14.3  14.9685  -0.1029 20.2 Updated May 14.41 UT             8   0.09 28.6  0.414
CEM9DH2 100 2026 05 14.3  14.9434  +1.3486 20.7 Updated May 14.42 UT            10   0.10 24.3  0.407
CEM9AR2  98 2026 05 14.3  14.9344  +1.6978 21.5 Updated May 14.40 UT             8   0.09 26.1  0.422
ST26E59 100 2026 05 14.3  15.1965  -2.5260 19.9 Updated May 14.38 UT            14   0.07 26.8  0.444
ST26E57 100 2026 05 14.3  15.2723  -4.3317 19.1 Updated May 14.33 UT             8   0.05 27.0  0.490
CEM83E2 100 2026 05 14.3  14.0522  +0.7587 20.6 Updated May 14.36 UT             6   0.09 24.4  0.465
CEM7YT2 100 2026 05 14.3  13.2860  +1.8445 20.0 Updated May 14.36 UT             8   0.09 21.7  0.462
ST26E52 100 2026 05 14.2  13.5998  +8.1519 19.9 Updated May 14.38 UT             9   0.09 25.9  0.478
MZ26075 100 2026 05 13.8  16.7757  -0.8272 19.6 Added May 14.13 UT               3   0.01 25.1  0.995
A11CmCW 100 2026 05 13.3   4.8359 -77.1920 19.2 Added May 13.75 UT               4   0.02 24.5  1.443
A11CmCS 100 2026 05 13.3  16.6018 -37.6766 19.2 Added May 13.75 UT               4   0.04 25.4  1.502
OCA1642  84 2026 05 13.1  13.7583 -31.1919 19.4 Added May 13.56 UT               3   0.02 13.4  1.690
A11Cmv6 100 2026 05 13.0   8.5370 -50.3763 18.8 Updated May 14.10 UT            10   0.91 18.6  0.853
P22n4PC  55 2026 05 12.4  13.9673 -13.1989 20.6 Updated May 14.21 UT            17   1.83 21.0  0.625
CEM26R2  13 2026 05 12.4  16.5907 +15.4349 20.6 Updated May 14.25 UT            21   2.69 17.0  0.578
CEM1XD2  13 2026 05 12.3  14.5003 +17.4769 22.2 Updated May 14.22 UT            20   6.88 19.2  0.608
SO0005e 100 2026 05 11.7   0.0855  +5.3578 26.5 Updated May 14.35 UT             3   0.00 28.9  3.106
SO0005d 100 2026 05 11.7  19.0228 -25.1574 21.7 Updated May 14.34 UT             4   0.00 28.2  3.105
SO0005c 100 2026 05 11.7  22.4966 -30.5593 23.4 Updated May 14.34 UT             3   0.00 28.6  3.159
SO0005b 100 2026 05 11.6  22.8926  -9.0613 22.3 Updated May 14.34 UT             3   0.00 26.6  3.170
CELXZH2 100 2026 05 11.3  14.7521 +24.3337 22.3 Updated May 14.35 UT             3   0.01 25.0  3.469
6E94521  10 2026 05 10.4  19.6755 -64.2253 19.5 Updated May 14.42 UT            44   4.03 19.0  0.421
S001563  73 2026 05 07.0  12.9827 -27.0913 21.5 Updated May 14.34 UT             3   0.03 17.5  7.740
C1EUYV5  35 2026 04 27.5  17.2715 +18.7679 21.9 Updated May 14.43 UT            36 297.21 12.8  1.319
