CEP5YT2 100 2026 05 27.2  14.2986 +38.1545 21.3 Updated May 28.19 UT            11   0.93 25.0  0.317
A11CWPw 100 2026 05 26.6   0.7025  +4.2089 19.2 Updated May 28.36 UT             4   0.02 28.8  1.917
C1F4195 100 2026 05 26.4  16.1460 +10.3942 22.7 Updated May 28.36 UT             7   0.07 27.7  2.044
P12nfxd 100 2026 05 25.6  17.7966 +17.2385 21.9 Updated May 28.36 UT            14   2.00 22.6  2.058
C1F32J5 100 2026 05 25.4  17.1789 +17.5456 22.0 Updated May 27.70 UT            11   1.88 23.6  1.159
C1F3245  48 2026 05 25.4  16.9690 +10.4187 22.7 Updated May 28.36 UT            11   1.00 20.3  2.048
SJA1250 100 2026 05 24.9  16.7414 +60.5583 20.2 Updated May 27.36 UT             3   0.03 17.1  3.526
C1F2HL5 100 2026 05 25.4  16.6543 -12.1478 22.4 Updated May 28.36 UT             8   0.07 25.5  3.070
C1F1TD5 100 2026 05 25.3  15.8246  +4.5502 25.4 Updated May 28.36 UT             4   0.02 33.9  3.168
C03UYWZ  98 2026 05 23.4  16.7186 +15.9088 22.2 Updated May 27.70 UT            13   5.98 23.1  2.070
P12nfw2  95 2026 05 24.6  21.1784  -2.8647 21.7 Updated May 27.69 UT            14   3.01 20.3  0.891
NAOCLYL  85 2026 05 23.8  15.9098 -17.4855 21.8 Updated May 28.36 UT             4   0.10 21.5  4.640
A11CQzo 100 2026 05 24.4  22.2833 -16.2301 22.0 Updated May 28.36 UT             5   0.05 29.8  4.062
oKr0080 100 2026 05 23.9  23.4955 +18.6105 20.4 Updated May 28.36 UT             3   0.00 17.8  4.607
C1F1535  97 2026 05 24.4  16.7580  +7.1085 22.3 Updated May 28.36 UT            11   0.87 23.3  3.211
6EN3D21 100 2026 05 24.2  16.1272 -80.4848 19.0 Updated May 28.36 UT             3   0.01 18.8  4.262
C1EYPU5 100 2026 05 23.4  15.8998  +3.6208 22.9 Updated May 28.37 UT            11   1.87 24.1  3.248
NAOCBPP  99 2026 05 20.7  14.9345 -22.1750 22.4 Updated May 28.36 UT             4   0.13 22.4  7.647
ST26EC8  98 2026 05 20.4  22.2628 -30.9461 24.1 Updated May 28.36 UT             6   0.14 28.6  8.060
P12nfaz  43 2026 05 20.3  13.2032 -27.0996 22.1 Updated May 28.36 UT            12   2.87 18.4  5.305
NAOCAN7 100 2026 05 17.7  15.2905 -21.9663 21.2 Updated May 28.37 UT             4   0.10 20.1 10.645
KPMa1Ih  87 2026 05 18.1  11.1319 -29.1751 23.5 Updated May 28.36 UT             5   0.01 20.8 10.394
CEMVK32  51 2026 05 17.4  16.2996  +7.1395 21.8 Updated May 27.66 UT            59  13.11 20.1  2.955
