ST26EB8 100 2026 05 19.4  16.6778  +8.1425 19.5 Updated May 19.95 UT            11   0.49 25.4  0.130
LA0C0VD 100 2026 05 17.5  22.5895 -67.5302 22.8 Added May 19.61 UT               6   0.07 30.8  2.449
CEN5QX2 100 2026 05 19.4  16.1349 -15.1341 20.5 Updated May 20.02 UT            15   0.54 25.2  0.138
A11CGDH 100 2026 05 19.2  16.2925 -72.2138 19.2 Updated May 20.02 UT             7   0.76 22.0  0.093
A11CGDI  98 2026 05 19.2  17.1481 -45.4275 18.9 Updated May 20.05 UT            12   0.85 21.5  0.033
NAOCAN7 100 2026 05 17.7  15.2740 -21.7405 20.6 Added May 19.07 UT               4   0.10 19.6  2.222
KPMa1Ih  87 2026 05 18.1  11.1311 -25.4926 23.2 Added May 18.68 UT               5   0.01 21.2  1.972
A11CDyX  93 2026 05 18.0  10.8764 -32.2564 19.7 Updated May 20.01 UT            15   1.92 20.7  0.104
CEMVK32  35 2026 05 17.4  16.9181 +11.1573 21.5 Updated May 19.63 UT            38   7.00 20.1  0.639
A11Cvk7 100 2026 05 16.9  13.1800 -70.9683 19.5 Updated May 18.37 UT             4   0.03 22.7  3.145
CEMRK82  84 2026 05 16.5  21.6165 -10.4186 21.5 Updated May 18.37 UT             3   0.01 17.3  3.609
A11Cswo 100 2026 05 16.0  17.0894 -22.9329 18.3 Updated May 18.37 UT             4   0.02 20.9  4.072
ST26E75  98 2026 05 15.2   2.5275 -21.1568 27.5 Updated May 18.37 UT             7   0.09 28.6  4.754
P12neKs  35 2026 05 14.6  18.2091 +57.6263 20.1 Updated May 20.03 UT            90   5.34 15.2  0.156
CEMAUH2 100 2026 05 14.4  15.8539 -16.9972 21.1 Updated May 18.39 UT             6   0.07 23.9  5.631
