ZTF10Ek 100 2026 07 10.3  17.3598  +6.8477 18.9 Added July 10.58 UT              4   0.01 24.3  0.327
OCA1648  99 2026 07 10.2  19.2380 -31.7567 18.8 Added July 10.46 UT              3   0.02 17.3  0.420
A11Evr9 100 2026 07 10.0  22.8796 -56.1223 18.6 Added July 10.39 UT              7   0.03 23.3  0.552
TF26G22 100 2026 07 10.3  20.5494 +11.2571 19.7 Added July 10.37 UT              2   0.00 25.3  0.320
ST26G18 100 2026 07 10.3  21.1600 +19.5436 19.9 Updated July 10.38 UT            4   0.02 25.7  0.293
ST26G17 100 2026 07 10.3  20.5852 +10.6411 20.1 Added July 10.37 UT              2   0.00 26.3  0.336
CEQKE72  99 2026 07 10.3  16.2206 +11.6124 21.4 Updated July 10.33 UT            7   0.05 19.4  0.318
A11Evap 100 2026 07 09.9  19.7978 -39.3016 19.5 Updated July 10.52 UT            7   0.27 21.2  0.429
P12o0YY  99 2026 07 09.5  20.8181 -22.2948 21.0 Updated July 9.68 UT             6   0.08 18.4  1.081
CEQJF02  98 2026 07 09.3  22.3136 +14.7133 20.8 Updated July 10.34 UT           11   0.63 27.2  0.654
P12o0Y2 100 2026 07 08.5  20.8619 -32.9723 21.1 Updated July 10.31 UT            8   1.60 22.1  0.542
P12o0Y1 100 2026 07 08.5  20.3421 -30.0384 21.3 Updated July 10.28 UT            8   1.50 22.5  0.661
P12nXcB  75 2026 07 08.5  21.3496 -31.3021 21.6 Updated July 9.64 UT             7   1.02 20.6  1.101
P12nXce 100 2026 07 08.5  21.9102 -32.1277 21.1 Updated July 9.54 UT             9   1.02 21.5  1.098
P12nXcA  80 2026 07 08.5  21.1110 -27.0802 20.0 Updated July 10.49 UT           15   1.76 22.7  0.364
P12nXcf 100 2026 07 08.5  20.9781 -19.4445 21.3 Updated July 9.49 UT            11   0.92 24.0  1.188
A11Eq8v 100 2026 07 07.9  21.6887 -42.7426 18.5 Updated July 10.15 UT           10   2.05 25.4  0.654
A11EpSe 100 2026 07 08.2  19.6653 -29.9461 19.4 Updated July 10.23 UT           10   0.83 19.2  1.615
W2nCdO   79 2026 07 07.4  19.1172 -24.4507 23.6 Updated July 9.49 UT            14  19.01 26.6  1.200
ST26G01  98 2026 07 07.2  20.1443 -56.4695 21.0 Updated July 9.23 UT            14   0.10 27.0  3.274
P22nTNT  10 2026 07 06.5  18.3097 +17.8186 21.0 Updated July 9.42 UT            24   2.71 19.0  1.452
P22nTLB  21 2026 07 06.3  17.7048  +7.9729 22.2 Updated July 9.42 UT            20   2.87 19.6  1.445
8N8R001 100 2026 07 05.9   5.2927  -2.4853 29.4 Updated July 9.23 UT             3   0.01 29.3  4.708
MAS0006  35 2026 06 19.3  18.3667 +23.8915 20.0 Updated July 10.32 UT          137  20.67  9.0  0.648
OMO0297  87 2026 06 25.8  23.6388  +3.7998 21.9 Updated July 10.23 UT           12  12.63 20.1  2.170
P22nJzF  35 2026 06 22.5  22.5234 +18.9596 21.6 Updated July 10.42 UT           23  25.46 14.1  0.616
