P12neKJ 100 2026 05 14.3  13.0250 -23.4928 21.1 Added May 14.92 UT               3   0.02 13.5  0.626
P12neKs  99 2026 05 14.6  18.3623 +57.9964 20.2 Added May 14.90 UT               3   0.03 15.4  0.385
P12nc1w  91 2026 05 14.5  16.2230  -5.3938 20.7 Updated May 14.96 UT            11   0.60 24.9  0.027
P12nc1d 100 2026 05 14.5  16.9242  -5.3327 21.3 Added May 14.58 UT               3   0.04 22.8  0.460
P12nc1c 100 2026 05 14.5  16.8099  -6.7304 21.7 Updated May 14.79 UT             5   0.13 19.9  0.371
RFD0300 100 2026 05 13.0  23.5659 -36.0305 24.0 Added May 14.52 UT               2   0.00 29.5  1.954
CEMAUH2 100 2026 05 14.4  16.4798  +2.9522 21.3 Updated May 14.46 UT             6   0.07 24.0  0.542
CEMAY32 100 2026 05 14.4  16.6691  +3.4772 20.4 Updated May 14.47 UT             9   0.07 23.8  0.520
CEMANR2  76 2026 05 14.4  16.3342  +3.5559 19.8 Updated May 14.97 UT            22   3.45 21.1  0.043
ST26E61 100 2026 05 14.3  16.2449  +0.1823 20.9 Updated May 14.37 UT             6   0.05 28.7  0.618
CEM9MQ2  98 2026 05 14.3  15.0806  -2.2872 20.0 Updated May 14.41 UT             8   0.09 28.6  0.581
CEM9DH2 100 2026 05 14.3  14.9257  +1.6806 20.6 Updated May 14.42 UT            10   0.10 24.3  0.573
CEM9AR2  98 2026 05 14.3  14.9791  +1.7554 21.5 Updated May 14.95 UT            12   0.64 27.5  0.036
ST26E59  88 2026 05 14.3  15.1804  -3.8550 19.9 Updated May 14.96 UT            18   0.65 26.9  0.030
ST26E57 100 2026 05 14.3  15.4769  -5.5789 19.1 Updated May 14.33 UT             8   0.05 27.0  0.657
CEM83E2 100 2026 05 14.3  14.0825  +0.5506 20.8 Updated May 14.91 UT            10   0.63 25.3  0.090
CEM7YT2  93 2026 05 14.3  13.2733  +1.1988 20.0 Updated May 14.97 UT            17   0.62 22.0  0.097
ST26E52  98 2026 05 14.2  13.5883 +10.7784 20.2 Updated May 14.95 UT            15   0.64 26.1  0.094
MZ26075 100 2026 05 13.8  16.8555  +0.7722 19.6 Added May 14.13 UT               3   0.01 25.1  1.162
A11CmCW 100 2026 05 13.3   5.0514 -76.7130 19.3 Added May 13.75 UT               4   0.02 24.5  1.610
A11CmCS 100 2026 05 13.3  16.6608 -37.0833 19.3 Added May 13.75 UT               4   0.04 25.4  1.668
OCA1642  84 2026 05 13.1  13.7556 -31.2009 19.4 Added May 13.56 UT               3   0.02 13.4  1.856
A11Cmv6 100 2026 05 13.0   8.5151 -50.3039 18.8 Updated May 14.95 UT            13   1.76 18.9  0.169
P22n4PC  55 2026 05 12.4  13.9670 -13.0700 20.6 Updated May 14.21 UT            17   1.83 21.0  0.792
CEM26R2  13 2026 05 12.4  16.5876 +15.4259 20.6 Updated May 14.25 UT            21   2.69 17.0  0.745
CEM1XD2  13 2026 05 12.3  14.4968 +17.4531 22.2 Updated May 14.22 UT            20   6.88 19.2  0.775
SO0005e 100 2026 05 11.7   0.1019  +5.5435 26.6 Updated May 14.35 UT             3   0.00 28.9  3.273
SO0005d 100 2026 05 11.7  19.0504 -24.9913 21.8 Updated May 14.34 UT             4   0.00 28.2  3.272
SO0005c 100 2026 05 11.7  22.5496 -30.2888 23.5 Updated May 14.34 UT             3   0.00 28.6  3.326
SO0005b 100 2026 05 11.6  22.9129  -8.8498 22.4 Updated May 14.34 UT             3   0.00 26.6  3.337
CELXZH2 100 2026 05 11.3  14.7485 +24.3488 22.3 Updated May 14.35 UT             3   0.01 25.0  3.636
6E94521  10 2026 05 10.4  19.6947 -64.6129 19.5 Updated May 14.42 UT            44   4.03 19.0  0.587
S001563  73 2026 05 07.0  12.9821 -27.0991 21.6 Updated May 14.34 UT             3   0.03 17.5  7.907
C1EUYV5  35 2026 04 27.5  17.2692 +18.7766 21.9 Updated May 14.43 UT            36 297.21 12.8  1.486
