SO0005d 100 2026 05 11.7  16.8064 -33.2760 17.9 Added May 12.10 UT               4   0.00 27.8  0.395
SO0005c 100 2026 05 11.7  17.6584 -31.3999 18.6 Added May 12.05 UT               3   0.00 28.5  0.449
SO0005b 100 2026 05 11.6  20.6708 -27.6899 17.2 Added May 12.04 UT               3   0.00 26.6  0.460
CELY6P2  99 2026 05 11.4  17.0201 +18.4909 20.7 Updated May 12.03 UT            11   0.59 25.8  0.095
ST26E38  96 2026 05 11.3  17.5464  +6.4991 20.1 Updated May 12.09 UT            11   0.75 26.9  0.037
C469HY1  86 2026 05 11.4  17.5193 +14.6048 18.4 Updated May 12.10 UT            26   0.68 25.7  0.027
6EA3I21  62 2026 05 11.3  19.4307  -5.2374 17.0 Added May 11.37 UT               3   0.01 13.0  0.775
CELXZH2 100 2026 05 11.3  14.8005 +24.0333 22.7 Added May 11.37 UT               3   0.01 22.0  0.760
CELXRN2  86 2026 05 11.3  13.1403 +26.8171 21.0 Updated May 12.10 UT            16   0.81 22.2  0.024
TF26E51 100 2026 05 11.3  15.3503  +9.0190 19.3 Added May 11.28 UT               2   0.00 23.3  0.833
ST26E34 100 2026 05 10.5  14.6600 +26.0181 21.4 Added May 10.70 UT               2   0.00 26.4  1.647
6E94521 100 2026 05 10.4  19.4167 -57.8743 19.4 Updated May 11.30 UT            13   0.92 19.0  0.830
CELUGK2  93 2026 05 10.3  14.8146 +27.2406 21.5 Updated May 11.19 UT            21   0.85 24.4  0.922
ZTF10Do  98 2026 05 10.2  14.1751 +16.1205 18.3 Updated May 11.58 UT            11   1.27 27.1  0.603
CELU1Q2  98 2026 05 10.2  11.5870 +31.2517 21.3 Updated May 11.21 UT            13   0.99 26.1  0.914
ST26E24  98 2026 05 10.2   2.9378 -14.7725 26.5 Updated May 10.52 UT            13   0.29 29.1  1.632
ZTF10Dn 100 2026 05 09.3  16.8935 -12.9651 20.5 Updated May 11.31 UT             4   0.04 26.9  2.772
XA9ttXA  97 2026 05 08.8  15.1131  +1.8590 22.5 Updated May 11.23 UT            13   2.46 21.8  0.889
ST26E18 100 2026 05 09.4  15.4816 -14.3392 22.8 Updated May 11.31 UT             4   0.00 30.1  2.741
CELRZD2 100 2026 05 09.2  12.4996 +36.0009 22.2 Updated May 11.31 UT             8   0.10 22.6  2.759
TF26E23 100 2026 05 09.2  12.9562  -3.7973 17.7 Updated May 12.10 UT             2   0.00 19.6  2.891
ZTF10Dl 100 2026 05 08.3  18.8595 -15.5257 21.2 Updated May 10.31 UT             4   0.03 27.0  3.739
ST26E14 100 2026 05 08.4  13.3512  -3.2204 17.9 Updated May 10.31 UT             2   0.00 21.3  3.683
P22n0vC  24 2026 05 08.3  14.7952  +9.7302 22.4 Updated May 11.21 UT            25   2.87 19.9  0.903
CELLEH2  86 2026 05 08.3  15.8759 -16.6379 23.6 Updated May 11.82 UT            14   1.86 32.7  1.951
P22n0fQ  97 2026 05 07.4  15.0809 +10.0217 22.6 Updated May 11.31 UT             3   0.04 24.4  4.700
ZTF10Di 100 2026 05 07.4  22.1709 -10.7470 23.0 Updated May 11.31 UT             4   0.02 27.4  4.715
S001563  73 2026 05 07.0  12.9936 -26.9589 21.5 Updated May 11.31 UT             3   0.03 17.9  5.031
P22mZLU  68 2026 05 06.3  11.8141 -16.0672 21.0 Updated May 11.60 UT            17   4.96 20.7  0.874
A11BRI6  35 2026 05 03.0  10.9849 -39.3923 19.0 Updated May 12.03 UT            60   8.46 19.9  0.635
C1EUYV5  35 2026 04 27.5  17.3084 +18.6215 21.7 Updated May 11.29 UT            30  13.80 12.6  0.839
