A11CWPw 100 2026 05 26.6  21.4995 -19.8524 18.0 Added May 26.81 UT               4   0.02 28.7  0.331
P12nfxy 100 2026 05 26.6  17.5390  +5.0081 20.4 Updated May 26.85 UT             4   0.21 21.9  0.309
CEP5WY2 100 2026 05 26.4  18.9657 +40.7261 20.9 Updated May 26.85 UT             9   1.05 21.8  0.435
C1F41L5  98 2026 05 26.4  15.9381 +10.0140 19.6 Updated May 26.90 UT            14   0.50 25.6  0.020
CEP5WU2 100 2026 05 26.4  17.6538 +49.3850 21.2 Updated May 26.44 UT            10   0.06 26.1  0.477
C1F4195 100 2026 05 26.4  16.1167  +8.2782 22.2 Updated May 26.45 UT             7   0.07 27.6  0.458
C1F4075 100 2026 05 26.4  16.0491 +27.1788 22.3 Updated May 26.48 UT             8   0.11 24.9  0.435
P12nfxd  96 2026 05 25.6  17.8227 +16.5770 21.9 Updated May 26.45 UT            14   2.00 22.6  0.472
C1F32J5 100 2026 05 25.4  17.1973 +14.3739 22.0 Updated May 26.31 UT             7   0.85 23.5  0.609
C1F3245  43 2026 05 25.4  17.0038 +10.5677 22.6 Updated May 26.78 UT            11   1.00 20.2  0.462
SJA1250 100 2026 05 24.9  16.8393 +61.2248 20.3 Added May 25.42 UT               3   0.03 17.5  1.940
C1F2HL5 100 2026 05 25.4  16.4563 -11.7372 22.4 Updated May 25.43 UT             8   0.07 25.5  1.484
C1F1TD5 100 2026 05 25.3  15.7807  +4.6573 24.0 Updated May 26.35 UT             4   0.02 33.6  1.582
C03UYWZ 100 2026 05 23.4  16.7368 +13.0811 22.4 Updated May 26.16 UT             7   2.00 23.1  1.466
A11CUyv  94 2026 05 24.1  17.5714 -56.2970 19.2 Updated May 26.35 UT            17   1.97 19.1  0.798
P12nfw2 100 2026 05 24.6  21.0879  -3.5225 21.7 Updated May 26.34 UT             8   1.73 20.3  0.588
NAOCLYL  85 2026 05 23.8  15.9031 -18.9674 21.7 Updated May 26.35 UT             4   0.10 21.7  3.054
A11CQzo 100 2026 05 24.4  21.7876 -17.3815 20.7 Updated May 26.35 UT             5   0.05 29.8  2.476
oKr0080 100 2026 05 23.9  23.4906 +18.5630 20.2 Updated May 26.34 UT             3   0.00 17.1  3.021
C1F1535  97 2026 05 24.4  16.7579  +6.6635 22.4 Updated May 26.35 UT            11   0.87 23.3  1.625
C1F0EU5  80 2026 05 24.3  15.4013 -10.0894 22.0 Updated May 26.33 UT            13   1.97 20.0  0.623
C1F0295  80 2026 05 24.3  15.3062  -6.9848 22.1 Updated May 26.10 UT            20   1.78 22.2  0.819
6EN3D21 100 2026 05 24.2  16.3845 -80.0461 18.6 Updated May 25.35 UT             3   0.01 21.1  2.676
C1EYPU5 100 2026 05 23.4  15.8723  +3.4165 22.8 Updated May 26.35 UT            11   1.87 24.1  1.662
NAOCBPP  99 2026 05 20.7  14.9102 -21.2293 22.3 Updated May 25.35 UT             4   0.13 22.4  6.061
ST26EC8  98 2026 05 20.4  21.9945 -31.0214 23.6 Updated May 25.35 UT             6   0.14 28.6  6.474
P12nfaz  43 2026 05 20.3  13.2122 -27.3966 22.0 Updated May 26.35 UT            12   2.87 18.3  3.719
NAOCAN7 100 2026 05 17.7  15.2871 -21.9299 21.0 Updated May 26.35 UT             4   0.10 19.7  9.058
KPMa1Ih  87 2026 05 18.1  11.1273 -28.5912 23.5 Updated May 26.35 UT             5   0.01 20.9  8.808
CEMVK32  53 2026 05 17.4  16.4043  +7.8818 21.7 Updated May 26.27 UT            52  11.97 20.1  2.506
