C46CH71 100 2026 05 22.3  15.1776 +28.3784 19.5 Updated May 22.39 UT             8   0.04 23.6  0.021
C46CH41 100 2026 05 22.3  15.5045 +20.4044 19.8 Updated May 22.39 UT             8   0.04 25.0  0.023
ST26EE4 100 2026 05 22.3  18.0998 +15.1791 20.1 Updated May 22.40 UT            14   0.08 29.0  0.009
ST26EE3 100 2026 05 22.3  16.1404 +11.9646 19.3 Added May 22.34 UT               2   0.00 26.2  0.149
CENWC52 100 2026 05 22.3  15.8258  -3.4434 20.1 Updated May 22.37 UT             7   0.06 27.7  0.040
CENU0L2  98 2026 05 22.2  13.9780  -3.9637 21.6 Updated May 22.37 UT             9   0.13 27.4  0.043
CENV8M2  98 2026 05 22.3  15.0744  -1.8673 19.2 Updated May 22.38 UT            12   0.09 31.0  0.036
NAOCBPP  99 2026 05 20.7  14.8452 -18.3473 22.1 Added May 22.28 UT               4   0.13 22.6  1.559
8N2S001 100 2026 05 22.0  17.8407 +17.4189 19.2 Added May 22.24 UT               3   0.01 24.4  0.357
Sar2899  98 2026 05 22.0  16.1780 +11.7800 20.7 Updated May 22.28 UT            20   0.29 29.7  0.129
CZYNHKZ 100 2026 05 14.4  16.3795  +2.4783 21.4 Updated May 22.04 UT             4   0.02 22.8  8.023
P22nfmx  79 2026 05 21.3  14.4282  +1.5315 21.2 Updated May 22.28 UT            27   1.06 24.7  0.154
C46CD31 100 2026 05 21.4  22.0878  -5.8553 20.4 Updated May 21.45 UT             5   0.05 28.5  0.967
ST26ED8  79 2026 05 21.3  17.7520 +15.5079 20.2 Updated May 22.37 UT            33   1.04 25.8  0.040
ST26ED1  98 2026 05 21.2   0.4358 -18.3611 22.5 Updated May 21.71 UT            20   0.16 30.2  1.025
TF26EE0 100 2026 05 20.5  16.4141  +8.7814 22.8 Updated May 22.38 UT             4   0.02 28.7  1.926
ST26EC8  98 2026 05 20.4  18.9601 -22.8918 20.3 Updated May 21.71 UT             6   0.14 28.6  1.972
ST26EC7  98 2026 05 20.4   2.3122  -8.3265 27.9 Updated May 21.71 UT             6   0.11 30.2  1.978
ST26EC5 100 2026 05 20.3  16.0632 -13.3210 19.3 Updated May 22.38 UT             4   0.03 24.9  2.071
P12nfgD  10 2026 05 20.4  15.9560  -7.5240 21.8 Updated May 22.22 UT            30 5292.85 20.0  0.210
P12nffX  10 2026 05 20.5  16.3703 -20.8556 21.6 Updated May 21.77 UT            12   6.91 18.9  1.040
P12nffV  45 2026 05 20.5  16.5006 -18.7747 20.5 Updated May 22.27 UT            23   2.72 20.2  0.375
P12nfaz  48 2026 05 20.3  13.2452 -28.2460 22.0 Updated May 22.18 UT            10   1.84 18.4  0.241
P22nfat  25 2026 05 20.4  16.1823 +21.5173 22.1 Updated May 21.73 UT            25 622.93 19.6  0.978
NAOCAN7 100 2026 05 17.7  15.2765 -21.8040 20.7 Updated May 22.38 UT             4   0.10 19.7  4.557
KPMa1Ih  87 2026 05 18.1  11.1249 -26.5844 23.3 Updated May 22.38 UT             5   0.01 20.8  4.306
CEMVK32  55 2026 05 17.4  16.7314 +10.0337 21.6 Updated May 21.47 UT            47   9.02 20.1  0.951
P12neKs  35 2026 05 14.6  18.1341 +57.3880 20.0 Updated May 22.02 UT           121   7.45 15.2  0.391
