ST26E38 100 2026 05 11.3  17.0522  +7.7559 20.0 Updated May 11.43 UT             4   0.02 25.5  0.100
C469HY1 100 2026 05 11.4  16.7229  -2.7347 18.3 Updated May 11.43 UT             7   0.03 24.9  0.012
6EA3I21  62 2026 05 11.3  19.4296  -5.3757 17.0 Added May 11.37 UT               3   0.01 13.0  0.108
CELXZH2 100 2026 05 11.3  14.8141 +23.9580 22.7 Added May 11.37 UT               3   0.01 22.0  0.093
CELXRN2  98 2026 05 11.3  13.1860 +26.4258 20.9 Updated May 11.39 UT             7   0.11 18.4  0.058
TF26E51 100 2026 05 11.3  15.2169  +8.3811 19.2 Added May 11.28 UT               2   0.00 23.3  0.167
ST26E35 100 2026 05 11.2  13.3291  +3.0584 19.2 Updated May 11.26 UT            10   0.06 28.0  0.190
ST26E34 100 2026 05 10.5  14.7973 +20.4724 20.8 Added May 10.70 UT               2   0.00 26.4  0.980
ST26E31  84 2026 05 10.4  13.9590 -10.2817 19.0 Updated May 11.33 UT            34   0.85 26.2  0.147
ZTF10Dp 100 2026 05 10.2  11.7167  +6.7783 18.3 Added May 10.57 UT               4   0.03 21.9  1.198
6E94521 100 2026 05 10.4  19.3653 -56.3152 19.4 Updated May 11.30 UT            13   0.92 19.0  0.163
CELUGK2  93 2026 05 10.3  14.8083 +28.3808 21.6 Updated May 11.19 UT            21   0.85 24.4  0.255
ZTF10Do  98 2026 05 10.2  13.4645  +0.6946 18.2 Updated May 11.39 UT             9   0.74 26.8  0.469
CELU1Q2  98 2026 05 10.2  11.5853 +31.3202 21.5 Updated May 11.21 UT            13   0.99 26.1  0.247
ST26E24  98 2026 05 10.2   4.3016 -22.6938 23.3 Updated May 10.52 UT            13   0.29 29.1  0.965
ZTF10Dn 100 2026 05 09.3  16.7714 -12.7752 19.9 Updated May 11.31 UT             4   0.04 26.9  2.105
XA9ttXA  97 2026 05 08.8  15.1268  +1.8278 22.6 Updated May 11.23 UT            13   2.46 21.8  0.223
ST26E18 100 2026 05 09.4  15.4541 -14.0538 22.3 Updated May 11.31 UT             4   0.00 30.1  2.075
CELT0C2  79 2026 05 09.2  12.7381 +43.4321 20.9 Updated May 11.05 UT            26   1.80 22.8  0.391
CELRZD2 100 2026 05 09.2  12.5368 +35.6369 22.0 Updated May 11.31 UT             8   0.10 22.6  2.093
TF26E23 100 2026 05 09.2  13.0096  -4.1470 17.5 Updated May 11.43 UT             2   0.00 19.6  2.224
ZTF10Dl 100 2026 05 08.3  18.7212 -15.5287 20.8 Updated May 10.31 UT             4   0.03 27.0  3.072
ST26E14 100 2026 05 08.4  13.3686  -3.4055 17.9 Updated May 10.31 UT             2   0.00 21.3  3.016
P22n0vC  24 2026 05 08.3  14.8116  +9.8290 22.4 Updated May 11.21 UT            25   2.87 19.9  0.236
CELLEH2  86 2026 05 08.3  15.8604 -16.3971 23.3 Updated May 11.31 UT            13   1.86 32.7  1.284
P22n0fQ  97 2026 05 07.4  15.0850  +9.9657 22.5 Updated May 11.31 UT             3   0.04 24.4  4.033
ZTF10Di 100 2026 05 07.4  22.0643 -11.0799 22.7 Updated May 11.31 UT             4   0.02 27.4  4.048
S001563  73 2026 05 07.0  12.9967 -26.9256 21.5 Updated May 11.31 UT             3   0.03 17.9  4.364
P22mZLU  68 2026 05 06.3  11.7880 -16.6091 21.0 Updated May 11.43 UT            17   4.96 20.7  0.208
A11BRI6  51 2026 05 03.0  10.8472 -39.7426 18.8 Updated May 11.39 UT            55   7.13 19.8  1.298
ZTF10Df  98 2026 05 02.2  10.4244  +1.4316 23.7 Updated May 11.31 UT             9   0.68 26.6  8.597
C1EUYV5  35 2026 04 27.5  17.3174 +18.5839 21.7 Updated May 11.29 UT            30  13.80 12.6  0.172
