ST26E49 100 2026 05 13.2  14.2965  -6.9606 19.0 Added May 13.26 UT               2   0.00 20.4  0.026
A11Cmv6 100 2026 05 13.0   8.7350 -50.9781 19.1 Added May 13.18 UT               4   0.02 18.7  0.206
ST26E47 100 2026 05 12.4  15.1587 -18.1734 19.0 Updated May 13.19 UT            15   0.77 25.0  0.090
P22n55t  38 2026 05 12.4  15.0300 -13.5250 21.4 Updated May 12.82 UT             8   4.22 19.5  0.731
P22n52K 100 2026 05 12.4  15.1891 -11.6290 21.0 Updated May 13.20 UT            11   0.74 24.9  0.093
P22n4V7 100 2026 05 12.4  14.4043 -19.9637 21.8 Updated May 13.05 UT             8   0.65 21.1  0.234
P22n4V6 100 2026 05 12.4  13.9953 -22.8852 21.6 Updated May 13.02 UT             9   0.61 23.4  0.274
P22n4V9  95 2026 05 12.4  14.4173 -15.8933 21.8 Updated May 13.03 UT            11   0.63 24.7  0.252
P22n4V8  98 2026 05 12.4  14.3332 -17.7894 21.2 Updated May 13.08 UT             9   0.67 27.4  0.203
CEM28F2 100 2026 05 12.4  17.6904 +17.0152 21.0 Updated May 12.47 UT             9   0.06 25.2  0.813
P22n4PD  98 2026 05 12.4  13.8988 -10.6839 21.1 Updated May 13.07 UT             8   0.69 27.8  0.226
P22n4PC  67 2026 05 12.4  13.9712 -14.3977 20.7 Updated May 13.03 UT             8   0.65 21.2  0.261
P22n4PB  74 2026 05 12.3  13.6641  -9.7252 21.1 Updated May 13.19 UT            16  25.54 24.0  0.297
CEM26R2  25 2026 05 12.4  16.6185 +15.5098 20.6 Updated May 13.26 UT            16   1.45 17.0  0.280
CEM1XD2  75 2026 05 12.3  14.5327 +17.6889 22.1 Updated May 12.41 UT            11   0.11 17.1  0.860
CEM1R02  91 2026 05 12.3  13.6082 +16.9293 21.7 Updated May 13.19 UT            18   0.89 22.1  0.098
6EB3121 100 2026 05 12.0  10.3385 -12.6250 20.0 Updated May 13.15 UT            12   1.16 23.9  0.132
SO0005e 100 2026 05 11.7  22.6570 -10.9988 22.7 Added May 12.10 UT               3   0.00 28.8  1.563
SO0005d 100 2026 05 11.7  18.5233 -27.8004 20.2 Added May 12.10 UT               4   0.00 27.8  1.562
SO0005c 100 2026 05 11.7  21.2775 -35.1254 21.5 Added May 12.05 UT               3   0.00 28.5  1.616
SO0005b 100 2026 05 11.6  22.5558 -12.5186 20.6 Added May 12.04 UT               3   0.00 26.6  1.627
CELXZH2 100 2026 05 11.3  14.7769 +24.1495 22.7 Added May 11.37 UT               3   0.01 22.0  1.926
ST26E34 100 2026 05 10.5  14.8589 +18.5382 23.3 Updated May 12.32 UT             2   0.00 28.1  2.813
6E94521  84 2026 05 10.4  19.5172 -60.6145 19.6 Updated May 13.15 UT            31   2.77 19.1  0.142
XA9ttXA  75 2026 05 08.8  15.0886  +1.9070 22.5 Updated May 13.17 UT            19   4.39 21.8  0.124
ST26E18 100 2026 05 09.4  15.5093 -14.6300 23.5 Updated May 11.31 UT             4   0.00 30.1  3.908
CELRZD2 100 2026 05 09.2  12.4401 +36.5745 22.4 Updated May 12.32 UT             8   0.10 22.7  3.926
ZTF10Dl 100 2026 05 08.3  18.9951 -15.5133 21.8 Updated May 12.32 UT             4   0.03 26.9  4.906
ST26E14 100 2026 05 08.4  13.3311  -3.0102 18.3 Updated May 12.32 UT             2   0.00 19.8  4.849
P22n0fQ  97 2026 05 07.4  15.0746 +10.0940 22.8 Updated May 11.31 UT             3   0.04 24.4  5.867
S001563  73 2026 05 07.0  12.9912 -27.0118 21.6 Updated May 12.31 UT             3   0.03 18.9  6.197
A11BRI6  47 2026 05 03.0  11.2000 -38.7679 19.1 Updated May 12.68 UT            76   9.17 19.9  1.091
C1EUYV5  35 2026 04 27.5  17.2926 +18.6859 21.8 Updated May 12.54 UT            33  15.04 12.7  0.766
