ST26E50 100 2026 05 13.2  14.5614  -3.8014 19.4 Updated May 13.32 UT             6   0.06 20.9  0.093
A11Cmv6 100 2026 05 13.0   8.7191 -50.9346 19.1 Added May 13.18 UT               4   0.02 18.7  0.332
ST26E47  86 2026 05 12.4  15.1211 -19.3631 19.1 Updated May 13.33 UT            17   0.91 25.0  0.074
P22n55t  36 2026 05 12.4  15.0264 -13.5473 21.4 Updated May 13.34 UT            11   5.01 19.8  0.067
P22n52K  74 2026 05 12.4  15.1817 -11.6834 21.2 Updated May 13.39 UT            17   5.02 25.0  0.037
P22n4V7 100 2026 05 12.4  14.4004 -19.9191 21.8 Updated May 13.34 UT            12   0.95 21.1  0.063
P22n4V6  91 2026 05 12.4  13.9878 -22.8958 21.6 Updated May 13.32 UT            16   0.93 23.5  0.086
P22n4V9  95 2026 05 12.4  14.4202 -15.7635 21.8 Updated May 13.03 UT            11   0.63 24.7  0.378
CEM28F2 100 2026 05 12.4  17.7384 +17.3350 21.0 Updated May 13.37 UT            15   0.97 25.1  0.029
P22n4PC  67 2026 05 12.4  13.9708 -14.2994 20.7 Updated May 13.03 UT             8   0.65 21.2  0.388
P22n4PB  72 2026 05 12.3  13.6679  -9.6080 21.1 Updated May 13.33 UT            19  25.87 24.0  0.090
CEM26R2  25 2026 05 12.4  16.6162 +15.5042 20.6 Updated May 13.26 UT            16   1.45 17.0  0.406
CEM1XD2 100 2026 05 12.3  14.5300 +17.6726 22.1 Updated May 12.41 UT            11   0.11 17.1  0.987
CEM1R02  91 2026 05 12.3  13.5988 +16.9340 21.7 Updated May 13.19 UT            18   0.89 22.1  0.224
6EB3121  81 2026 05 12.0  10.3460 -13.2634 20.0 Updated May 13.28 UT            19   1.16 23.9  0.258
SO0005e 100 2026 05 11.7  23.6684  +0.5337 24.5 Updated May 13.34 UT             3   0.00 28.9  1.690
SO0005d 100 2026 05 11.7  18.5169 -27.8828 20.4 Updated May 13.34 UT             4   0.00 28.3  1.688
SO0005c 100 2026 05 11.7  21.8433 -33.3943 21.9 Updated May 13.34 UT             3   0.00 28.3  1.742
SO0005b 100 2026 05 11.6  22.4156 -13.8471 20.7 Updated May 13.33 UT             3   0.00 26.7  1.753
CELXZH2 100 2026 05 11.3  14.7765 +24.1672 22.6 Updated May 13.34 UT             3   0.01 22.1  2.053
ST26E34 100 2026 05 10.5  14.8654 +18.2618 23.5 Updated May 13.34 UT             2   0.00 28.1  2.940
6E94521  84 2026 05 10.4  19.5289 -60.9112 19.6 Updated May 13.15 UT            31   2.77 19.1  0.269
XA9ttXA  75 2026 05 08.8  15.0860  +1.9117 22.5 Updated May 13.17 UT            19   4.39 21.8  0.250
ST26E18 100 2026 05 09.4  15.4956 -14.3963 23.7 Updated May 13.34 UT             4   0.00 30.3  4.035
CELRZD2 100 2026 05 09.2  12.4317 +36.6595 22.4 Updated May 13.33 UT             8   0.10 22.9  4.052
ZTF10Dl 100 2026 05 08.3  19.0234 -15.5058 21.8 Updated May 13.34 UT             4   0.03 26.9  5.032
ST26E14 100 2026 05 08.4  13.3292  -2.9700 18.5 Updated May 13.34 UT             2   0.00 17.6  4.976
P22n0fQ  97 2026 05 07.4  15.0338 +10.6351 21.7 Updated May 13.34 UT             3   0.04 23.4  5.993
S001563  73 2026 05 07.0  12.9910 -27.0111 21.5 Updated May 13.34 UT             3   0.03 18.4  6.324
A11BRI6  47 2026 05 03.0  11.2215 -38.7002 19.1 Updated May 12.68 UT            76   9.17 19.9  1.218
C1EUYV5  35 2026 04 27.5  17.2909 +18.6928 21.8 Updated May 12.54 UT            33  15.04 12.7  0.892
