CEP5YT2 100 2026 05 27.2  14.3456 +38.0643 21.2 Updated May 28.19 UT            11   0.93 25.0  0.776
A11CWPw 100 2026 05 26.6   2.0239 +14.3300 21.9 Updated May 28.36 UT             4   0.02 28.8  2.375
C1F4195 100 2026 05 26.4  16.1529 +10.8773 22.8 Updated May 28.36 UT             7   0.07 27.7  2.502
P12nfxd 100 2026 05 25.6  17.7890 +17.4165 21.9 Updated May 28.36 UT            14   2.00 22.6  2.517
C1F32J5 100 2026 05 25.4  17.1733 +18.4495 22.1 Updated May 27.70 UT            11   1.88 23.6  1.617
C1F3245  48 2026 05 25.4  16.9588 +10.3719 22.6 Updated May 28.36 UT            11   1.00 20.3  2.506
SJA1250 100 2026 05 24.9  16.7138 +60.3608 20.2 Updated May 27.36 UT             3   0.03 17.1  3.984
C1F2HL5 100 2026 05 25.4  16.7120 -12.2640 22.4 Updated May 28.36 UT             8   0.07 25.5  3.528
C1F1TD5 100 2026 05 25.3  15.8344  +4.5170 25.7 Updated May 28.36 UT             4   0.02 33.9  3.626
C03UYWZ  98 2026 05 23.4  16.7132 +16.7210 22.3 Updated May 27.70 UT            13   5.98 23.1  2.528
P12nfw2 100 2026 05 24.6  21.2047  -2.6726 21.6 Updated May 27.69 UT            14   3.01 20.3  1.349
NAOCLYL  85 2026 05 23.8  15.9118 -17.0637 21.9 Updated May 28.36 UT             4   0.10 21.5  5.099
A11CQzo 100 2026 05 24.4  22.3645 -16.0097 22.2 Updated May 28.36 UT             5   0.05 29.8  4.520
oKr0080 100 2026 05 23.9  23.4968 +18.6223 20.4 Updated May 28.36 UT             3   0.00 17.8  5.065
C1F1535  97 2026 05 24.4  16.7579  +7.2373 22.3 Updated May 28.36 UT            11   0.87 23.3  3.669
6EN3D21 100 2026 05 24.2  16.0419 -80.6513 18.9 Updated May 28.36 UT             3   0.01 18.8  4.720
C1EYPU5 100 2026 05 23.4  15.9079  +3.6739 22.9 Updated May 28.37 UT            11   1.87 24.1  3.706
NAOCBPP  99 2026 05 20.7  14.9417 -22.4415 22.4 Updated May 28.36 UT             4   0.13 22.4  8.105
ST26EC8  98 2026 05 20.4  22.3236 -30.9160 24.2 Updated May 28.36 UT             6   0.14 28.6  8.518
P12nfaz  43 2026 05 20.3  13.2009 -27.0141 22.1 Updated May 28.36 UT            12   2.87 18.4  5.763
NAOCAN7 100 2026 05 17.7  15.2918 -21.9766 21.3 Updated May 28.37 UT             4   0.10 20.1 11.103
KPMa1Ih  87 2026 05 18.1  11.1336 -29.3597 23.6 Updated May 28.36 UT             5   0.01 20.8 10.852
CEMVK32  51 2026 05 17.4  16.2703  +6.9272 21.8 Updated May 27.66 UT            59  13.11 20.1  3.413
