P12nc1w  98 2026 05 14.5  16.2209  -5.5310 20.8 Updated May 14.79 UT             8   0.26 25.0  0.246
P12nc1d 100 2026 05 14.5  16.9267  -5.3681 21.3 Added May 14.58 UT               3   0.04 22.8  0.335
P12nc1c 100 2026 05 14.5  16.8131  -6.7672 21.7 Updated May 14.79 UT             5   0.13 19.9  0.246
RFD0300 100 2026 05 13.0  23.4521 -36.8160 23.8 Added May 14.52 UT               2   0.00 29.5  1.829
CEMAUH2 100 2026 05 14.4  16.4979  +3.5469 21.3 Updated May 14.46 UT             6   0.07 24.0  0.417
CEMAY32 100 2026 05 14.4  16.6967  +3.7857 20.3 Updated May 14.47 UT             9   0.07 23.8  0.395
CEMANR2 100 2026 05 14.4  16.3462  +3.6534 19.8 Updated May 14.67 UT            14   0.29 21.2  0.202
ST26E67  98 2026 05 14.3  16.1208  +0.3751 19.9 Updated May 14.66 UT            11   0.30 30.0  0.237
CEMA5R2 100 2026 05 14.3  15.5351  +6.9449 20.0 Updated May 14.67 UT            16   0.15 23.8  0.381
ST26E61 100 2026 05 14.3  16.1794  +0.0950 20.7 Updated May 14.37 UT             6   0.05 28.7  0.493
CEM9MQ2  98 2026 05 14.3  14.9954  -0.6277 20.2 Updated May 14.41 UT             8   0.09 28.6  0.456
CEM9DH2 100 2026 05 14.3  14.9390  +1.4304 20.7 Updated May 14.42 UT            10   0.10 24.3  0.448
CEM9AR2  98 2026 05 14.3  14.9438  +1.7083 21.5 Updated May 14.40 UT             8   0.09 26.1  0.464
ST26E59 100 2026 05 14.3  15.1927  -2.8324 19.9 Updated May 14.38 UT            14   0.07 26.8  0.486
ST26E57 100 2026 05 14.3  15.3233  -4.6444 19.1 Updated May 14.33 UT             8   0.05 27.0  0.532
CEM83E2 100 2026 05 14.3  14.0599  +0.7010 20.6 Updated May 14.36 UT             6   0.09 24.4  0.507
CEM7YT2 100 2026 05 14.3  13.2827  +1.6779 20.0 Updated May 14.36 UT             8   0.09 21.7  0.504
ST26E52 100 2026 05 14.2  13.5971  +8.7955 19.9 Updated May 14.38 UT             9   0.09 25.9  0.520
MZ26075 100 2026 05 13.8  16.7957  -0.4274 19.6 Added May 14.13 UT               3   0.01 25.1  1.037
A11CmCW 100 2026 05 13.3   4.8940 -77.0700 19.2 Added May 13.75 UT               4   0.02 24.5  1.485
A11CmCS 100 2026 05 13.3  16.6171 -37.5246 19.2 Added May 13.75 UT               4   0.04 25.4  1.543
OCA1642  84 2026 05 13.1  13.7576 -31.1941 19.4 Added May 13.56 UT               3   0.02 13.4  1.731
A11Cmv6 100 2026 05 13.0   8.5316 -50.3588 18.8 Updated May 14.10 UT            10   0.91 18.6  0.895
P22n4PC  55 2026 05 12.4  13.9672 -13.1666 20.6 Updated May 14.21 UT            17   1.83 21.0  0.667
CEM26R2  13 2026 05 12.4  16.5899 +15.4327 20.6 Updated May 14.25 UT            21   2.69 17.0  0.620
CEM1XD2  13 2026 05 12.3  14.4995 +17.4709 22.2 Updated May 14.22 UT            20   6.88 19.2  0.650
SO0005e 100 2026 05 11.7   0.0898  +5.4062 26.5 Updated May 14.35 UT             3   0.00 28.9  3.148
SO0005d 100 2026 05 11.7  19.0300 -25.1145 21.7 Updated May 14.34 UT             4   0.00 28.2  3.147
SO0005c 100 2026 05 11.7  22.5104 -30.4894 23.4 Updated May 14.34 UT             3   0.00 28.6  3.201
SO0005b 100 2026 05 11.6  22.8979  -9.0064 22.3 Updated May 14.34 UT             3   0.00 26.6  3.212
CELXZH2 100 2026 05 11.3  14.7512 +24.3375 22.3 Updated May 14.35 UT             3   0.01 25.0  3.511
6E94521  10 2026 05 10.4  19.6803 -64.3223 19.5 Updated May 14.42 UT            44   4.03 19.0  0.462
S001563  73 2026 05 07.0  12.9826 -27.0933 21.5 Updated May 14.34 UT             3   0.03 17.5  7.782
C1EUYV5  35 2026 04 27.5  17.2710 +18.7701 21.9 Updated May 14.43 UT            36 297.21 12.8  1.361
