ST26EE8 100 2026 05 22.2  15.7578 +10.0676 19.3 Added May 22.44 UT               2   0.00 24.8  0.198
MKp7968  85 2026 05 17.7  14.1238  +5.1833 21.7 Added May 22.41 UT               6   4.04 23.0  0.748
C46CH71 100 2026 05 22.3  15.1790 +27.9169 19.5 Updated May 22.39 UT             8   0.04 23.6  0.062
C46CH41 100 2026 05 22.3  15.5250 +20.0574 19.8 Updated May 22.39 UT             8   0.04 25.0  0.064
ST26EE4  98 2026 05 22.3  18.1316 +15.5646 20.2 Updated May 22.43 UT            16   0.11 29.0  0.021
ST26EE3  98 2026 05 22.3  16.1766 +11.3597 19.4 Updated May 22.43 UT             4   0.16 26.4  0.030
CENWC52  98 2026 05 22.3  15.8121  -3.3864 20.2 Updated May 22.41 UT            11   0.10 27.8  0.041
CENU0L2  98 2026 05 22.2  13.9891  -3.8755 21.6 Updated May 22.37 UT             9   0.13 27.4  0.085
CENV8M2  98 2026 05 22.3  15.1150  -1.3718 19.1 Updated May 22.42 UT            19   0.12 31.1  0.049
NAOCBPP  99 2026 05 20.7  14.8458 -18.3750 22.1 Added May 22.28 UT               4   0.13 22.6  1.601
8N2S001 100 2026 05 22.0  17.8311 +17.1607 19.2 Added May 22.24 UT               3   0.01 24.4  0.399
Sar2899  98 2026 05 22.0  16.1548 +11.7463 20.6 Updated May 22.43 UT            22   0.43 29.6  0.030
CZYNHKZ 100 2026 05 14.4  16.3782  +2.4698 21.4 Updated May 22.04 UT             4   0.02 22.8  8.064
P22nfmx  79 2026 05 21.3  14.4345  +1.5368 21.2 Updated May 22.28 UT            27   1.06 24.7  0.195
C46CD31 100 2026 05 21.4  22.2934  -5.8088 20.6 Updated May 21.45 UT             5   0.05 28.5  1.008
ST26ED8  74 2026 05 21.3  17.7399 +15.8469 20.2 Updated May 22.42 UT            39   1.08 25.8  0.038
ST26ED1  98 2026 05 21.2   0.5432 -18.1222 22.7 Updated May 21.71 UT            20   0.16 30.2  1.066
TF26EE0 100 2026 05 20.5  16.4125  +8.7837 22.8 Updated May 22.38 UT             4   0.02 28.7  1.967
ST26EC8  98 2026 05 20.4  19.0268 -23.2505 20.3 Updated May 21.71 UT             6   0.14 28.6  2.014
ST26EC7  98 2026 05 20.4   2.3181  -8.3317 27.9 Updated May 21.71 UT             6   0.11 30.2  2.020
ST26EC5 100 2026 05 20.3  16.0429 -13.4625 19.3 Updated May 22.38 UT             4   0.03 24.9  2.112
P12nfgD  10 2026 05 20.4  15.9549  -7.5322 21.8 Updated May 22.22 UT            30 5292.85 20.0  0.251
P12nffX  10 2026 05 20.5  16.3695 -20.8591 21.7 Updated May 22.44 UT            15   7.94 19.3  0.054
P12nffV  45 2026 05 20.5  16.5004 -18.7569 20.5 Updated May 22.27 UT            23   2.72 20.2  0.417
P12nfaz  48 2026 05 20.3  13.2448 -28.2382 22.0 Updated May 22.18 UT            10   1.84 18.4  0.283
P22nfat  25 2026 05 20.4  16.1816 +21.5215 22.1 Updated May 21.73 UT            25 622.93 19.6  1.020
NAOCAN7 100 2026 05 17.7  15.2765 -21.8051 20.7 Updated May 22.38 UT             4   0.10 19.7  4.599
KPMa1Ih  87 2026 05 18.1  11.1248 -26.6033 23.3 Updated May 22.38 UT             5   0.01 20.8  4.348
CEMVK32  55 2026 05 17.4  16.7282 +10.0136 21.6 Updated May 21.47 UT            47   9.02 20.1  0.993
P12neKs  35 2026 05 14.6  18.1327 +57.3833 20.0 Updated May 22.02 UT           121   7.45 15.2  0.432
