6EE3C21 100 2026 05 15.2  15.4567 -24.1523 18.9 Updated May 15.26 UT             3   0.01 24.1  0.070
A11Cr0m 100 2026 05 15.0  15.9800 -52.9409 17.9 Updated May 15.25 UT            12   0.18 19.9  0.114
P12neKJ 100 2026 05 14.3  13.0223 -23.4660 20.9 Updated May 15.22 UT            10   0.88 20.3  0.063
P12neKs  97 2026 05 14.6  18.3538 +57.9804 20.4 Updated May 15.26 UT            10   0.48 15.2  0.224
P12nc1d 100 2026 05 14.5  16.9163  -5.2504 21.5 Updated May 15.17 UT             6   0.67 19.1  0.123
P12nc1c  96 2026 05 14.5  16.8023  -6.6440 22.0 Updated May 15.26 UT            11   0.76 20.4  0.028
RFD0300 100 2026 05 13.0  23.7752 -34.4803 24.5 Added May 14.52 UT               2   0.00 29.5  2.247
CEMAUH2 100 2026 05 14.4  16.4379  +1.5772 21.3 Updated May 14.46 UT             6   0.07 24.0  0.835
CEMAY32  93 2026 05 14.4  16.6090  +2.8026 20.3 Updated May 15.20 UT            17   0.80 23.8  0.082
ST26E61 100 2026 05 14.3  16.3591  +0.3336 21.4 Updated May 14.37 UT             6   0.05 28.7  0.911
CEM9MQ2  98 2026 05 14.3  15.3102  -6.7300 19.6 Updated May 14.41 UT             8   0.09 28.6  0.874
ST26E57 100 2026 05 14.3  15.8377  -7.7254 19.1 Updated May 14.33 UT             8   0.05 27.0  0.950
CEM7YT2  91 2026 05 14.3  13.2504  +0.0504 20.0 Updated May 15.19 UT            31   0.92 22.0  0.092
ST26E52  86 2026 05 14.2  13.5678 +15.5372 20.2 Updated May 15.18 UT            27   0.92 26.1  0.106
MZ26075 100 2026 05 13.8  16.9958  +3.5796 19.7 Added May 14.13 UT               3   0.01 25.1  1.455
A11CmCW 100 2026 05 13.3   5.3421 -75.9376 19.6 Added May 13.75 UT               4   0.02 24.5  1.903
A11CmCS 100 2026 05 13.3  16.7525 -36.1286 19.4 Added May 13.75 UT               4   0.04 25.4  1.961
OCA1642  84 2026 05 13.1  13.7509 -31.2168 19.4 Added May 13.56 UT               3   0.02 13.4  2.150
A11Cmv6  84 2026 05 13.0   8.4770 -50.1762 19.0 Updated May 15.23 UT            19   2.04 19.1  0.187
CEM26R2  18 2026 05 12.4  16.5822 +15.4097 20.6 Updated May 14.25 UT            21   2.69 17.0  1.038
CEM1XD2  11 2026 05 12.3  14.4908 +17.4106 22.2 Updated May 15.17 UT            22   7.84 19.2  0.117
SO0005e 100 2026 05 11.7   0.1267  +5.8247 26.8 Updated May 14.35 UT             3   0.00 28.9  3.566
SO0005d 100 2026 05 11.7  19.0929 -24.7315 22.0 Updated May 14.34 UT             4   0.00 28.2  3.565
SO0005c 100 2026 05 11.7  22.6302 -29.8657 23.7 Updated May 14.34 UT             3   0.00 28.6  3.619
SO0005b 100 2026 05 11.6  22.9441  -8.5243 22.6 Updated May 14.34 UT             3   0.00 26.6  3.630
CELXZH2 100 2026 05 11.3  14.7420 +24.3744 22.3 Updated May 14.35 UT             3   0.01 25.0  3.929
6E94521  10 2026 05 10.4  19.7298 -65.2927 19.5 Updated May 15.20 UT            47   4.82 19.0  0.091
S001563  73 2026 05 07.0  12.9812 -27.1128 21.6 Updated May 14.34 UT             3   0.03 17.5  8.200
C1EUYV5  35 2026 04 27.5  17.2652 +18.7917 21.9 Updated May 14.43 UT            36 297.21 12.8  1.779
