ST26E89 100 2026 05 16.2  13.8724 +10.4671 19.3 Added May 16.27 UT               2   0.00 22.7  0.064
CEMEEG2 100 2026 05 16.2  12.3820  -6.8328 21.2 Added May 16.25 UT               4   0.02 23.6  0.033
A11Cswo 100 2026 05 16.0  17.3021 -23.8108 18.9 Added May 16.13 UT               4   0.02 20.7  0.276
ZTF10Du 100 2026 05 15.3  15.5930 -30.2562 17.4 Added May 15.45 UT               4   0.03 26.1  0.979
ST26E84  98 2026 05 15.4  14.9286 +10.7782 20.1 Updated May 16.23 UT             6   0.47 26.4  0.388
ST26E76  86 2026 05 15.2  14.3923  +7.6315 21.7 Updated May 16.22 UT            17   0.93 30.7  0.111
ST26E75 100 2026 05 15.2  14.7983 -15.6497 18.2 Updated May 15.38 UT             4   0.01 25.6  1.042
6EE3C21  91 2026 05 15.2  15.7432 -20.6058 19.2 Updated May 16.23 UT            20   0.98 25.9  0.104
A11Cr0m  96 2026 05 15.0  16.0426 -51.0440 17.9 Updated May 16.15 UT            17   1.17 20.1  0.130
P12neKJ 100 2026 05 14.3  13.0098 -23.3823 20.9 Updated May 15.88 UT            13   1.51 20.1  0.432
P12neKs  45 2026 05 14.6  18.3248 +57.9207 20.3 Updated May 16.26 UT            28   1.68 15.4  0.025
P12nc1c  96 2026 05 14.5  16.7759  -6.3463 21.7 Updated May 15.38 UT            21   0.90 20.1  0.897
RFD0300 100 2026 05 13.0   0.1707 -31.1547 25.6 Added May 14.52 UT               2   0.00 29.5  3.247
CEMAUH2 100 2026 05 14.4  16.3018  -2.8986 21.3 Updated May 14.46 UT             6   0.07 24.0  1.835
ST26E61 100 2026 05 14.3  16.5567  +0.5876 22.5 Updated May 14.37 UT             6   0.05 28.7  1.911
ST26E57  98 2026 05 14.3  17.0059 -13.6805 19.7 Updated May 15.95 UT            15   1.67 28.0  0.334
MZ26075 100 2026 05 13.8  17.3055  +9.5941 20.3 Updated May 15.33 UT             3   0.01 25.5  2.455
A11CmCW 100 2026 05 13.3   5.9621 -72.6807 20.1 Updated May 15.33 UT             4   0.02 25.5  2.903
A11CmCS 100 2026 05 13.3  16.9659 -33.7683 19.9 Updated May 15.33 UT             4   0.04 25.5  2.961
OCA1642  84 2026 05 13.1  13.7346 -31.2816 19.4 Updated May 15.33 UT             3   0.02 13.1  3.150
CEM26R2  10 2026 05 12.4  16.5636 +15.3500 20.9 Updated May 16.25 UT            29   4.64 17.3  0.094
CEM1XD2  16 2026 05 12.3  14.4702 +17.2617 22.2 Updated May 15.17 UT            22   7.84 19.2  1.117
SO0005e 100 2026 05 11.7   0.1867  +6.4974 27.3 Updated May 14.35 UT             3   0.00 28.9  4.566
SO0005d 100 2026 05 11.7  19.1977 -24.0691 22.5 Updated May 14.34 UT             4   0.00 28.2  4.565
SO0005c 100 2026 05 11.7  22.8237 -28.7891 24.3 Updated May 14.34 UT             3   0.00 28.6  4.619
SO0005b 100 2026 05 11.6  23.0211  -7.7196 23.1 Updated May 14.34 UT             3   0.00 26.6  4.630
CELXZH2 100 2026 05 11.3  14.7186 +24.4535 22.1 Updated May 14.35 UT             3   0.01 25.0  4.929
S001563  73 2026 05 07.0  12.9781 -27.1587 21.6 Updated May 14.34 UT             3   0.03 17.5  9.200
C1EUYV5  35 2026 04 27.5  17.2513 +18.8422 21.9 Updated May 15.51 UT            36 299.14 12.8  0.846
