C1EXH55 100 2026 05 23.3  13.9368  +4.5636 22.3 Added May 23.32 UT               4   0.02 24.1  0.025
CENZ0T2 100 2026 05 23.3  15.8069 +59.0194 21.0 Added May 23.29 UT               4   0.02 24.6  0.048
TF26EG9 100 2026 05 23.2  15.2462 +17.9796 18.0 Added May 23.29 UT               2   0.00 22.3  0.077
6EM4C21  20 2026 05 23.2  15.9654 -26.2587 17.8 Added May 23.26 UT               3   0.01 12.9  0.114
6EM3521  98 2026 05 23.1  13.2175 -13.6000 20.1 Updated May 23.31 UT             7   0.25 22.9  0.016
SO0006A 100 2026 05 22.7  21.7825 -36.6700 19.3 Added May 22.70 UT               4   0.01 23.9  0.639
ST26EE4  98 2026 05 22.3  18.5331 +20.2023 21.4 Updated May 22.46 UT            18   0.13 29.0  0.871
NAOCBPP  99 2026 05 20.7  14.8578 -18.9562 22.1 Updated May 22.70 UT             4   0.13 22.4  2.476
8N2S001  93 2026 05 22.0  17.6567 +12.6715 19.4 Updated May 23.19 UT            18   1.14 22.7  0.140
CZYNHKZ 100 2026 05 14.4  16.3490  +2.2862 21.4 Updated May 22.04 UT             4   0.02 22.8  8.939
C46CD31 100 2026 05 21.4   0.2957  -4.5208 23.8 Updated May 21.45 UT             5   0.05 28.5  1.883
ST26ED1  98 2026 05 21.2   1.3735 -15.8049 25.5 Updated May 21.71 UT            20   0.16 30.2  1.941
TF26EE0 100 2026 05 20.5  16.3880  +8.8122 23.5 Updated May 22.38 UT             4   0.02 28.7  2.842
ST26EC8  98 2026 05 20.4  20.1740 -28.1313 21.3 Updated May 21.71 UT             6   0.14 28.6  2.889
ST26EC7  98 2026 05 20.4   2.3979  -8.3931 28.8 Updated May 21.71 UT             6   0.11 30.2  2.895
ST26EC5 100 2026 05 20.3  15.6906 -15.8329 19.7 Updated May 22.38 UT             4   0.03 24.9  2.987
P12nffX  10 2026 05 20.5  16.3536 -20.9421 21.7 Updated May 22.44 UT            15   7.94 19.3  0.929
P12nfaz  38 2026 05 20.3  13.2376 -28.0728 22.0 Updated May 23.25 UT            12   2.87 18.4  0.134
NAOCAN7 100 2026 05 17.7  15.2777 -21.8279 20.7 Updated May 22.38 UT             4   0.10 19.7  5.474
KPMa1Ih  87 2026 05 18.1  11.1239 -26.9986 23.3 Updated May 22.38 UT             5   0.01 20.8  5.223
CEMVK32  55 2026 05 17.4  16.6613  +9.5922 21.6 Updated May 21.47 UT            47   9.02 20.1  1.868
P12neKs  35 2026 05 14.6  18.1039 +57.2818 20.0 Updated May 23.30 UT           136   8.50 15.1  0.249
