TF26EE0 100 2026 05 20.5  16.5587  +8.5167 20.7 Updated May 20.74 UT             4   0.02 28.7  0.507
TF26ED8 100 2026 05 20.5  16.5369  +1.5325 18.2 Added May 20.66 UT               2   0.00 24.3  0.528
ST26EC8 100 2026 05 20.4  16.3398  -3.4084 18.5 Updated May 20.66 UT             4   0.02 27.1  0.554
ST26EC7 100 2026 05 20.4   1.0383  -6.8977 22.1 Updated May 20.60 UT             4   0.01 29.5  0.560
ST26EC5 100 2026 05 20.3  17.0464  -5.9250 19.0 Updated May 20.59 UT             4   0.03 24.6  0.653
P12nfgD  86 2026 05 20.4  15.9944  -7.2506 21.6 Updated May 20.69 UT             6   0.14 20.1  0.416
P12nffX  10 2026 05 20.5  16.3954 -20.7213 21.7 Updated May 20.69 UT             5   0.08 14.9  0.419
P12nfdO  94 2026 05 20.5  16.2638 -23.0192 21.7 Updated May 20.69 UT             5   0.09 28.9  0.420
P12nffV  69 2026 05 20.5  16.5074 -19.3762 20.6 Updated May 20.70 UT             6   0.09 18.0  0.417
P12nfdQ  98 2026 05 20.4  15.5310 -15.1880 19.7 Updated May 20.98 UT            13   0.53 28.1  0.016
P22nfcp 100 2026 05 20.4  16.9497  +4.0607 21.0 Updated May 20.70 UT             7   0.16 22.2  0.412
P22nfcS  83 2026 05 20.4  16.9160  +2.1593 20.6 Updated May 20.70 UT             7   0.16 17.4  0.412
P12nfck  98 2026 05 20.4  14.3618 -24.0248 19.1 Updated May 20.69 UT             6   0.11 26.1  0.501
P12nfaz  80 2026 05 20.3  13.2574 -28.5140 21.9 Updated May 20.70 UT             5   0.13 14.5  0.538
P22nfat  74 2026 05 20.4  16.2063 +21.3649 21.8 Updated May 20.69 UT             5   0.22 14.4  0.410
A11CGDH 100 2026 05 19.2  16.4326 -71.4730 18.8 Updated May 20.82 UT            10   1.57 21.9  0.199
A11CGDI  86 2026 05 19.2  17.2692 -44.2077 18.7 Updated May 20.63 UT            24   1.40 21.4  0.406
NAOCAN7 100 2026 05 17.7  15.2753 -21.7649 20.7 Updated May 20.34 UT             4   0.10 20.1  3.139
KPMa1Ih  87 2026 05 18.1  11.1279 -25.9261 23.2 Updated May 20.34 UT             5   0.01 20.8  2.888
A11CDyX  81 2026 05 18.0  10.9315 -31.5636 19.6 Updated May 20.78 UT            22   2.72 20.6  0.220
CEMVK32  55 2026 05 17.4  16.8435 +10.7168 21.6 Updated May 20.52 UT            41   7.48 20.1  1.078
ST26E75  98 2026 05 15.2   2.5350 -20.4841 27.9 Updated May 20.34 UT             7   0.09 28.6  5.670
P12neKs  35 2026 05 14.6  18.1800 +57.5382 20.0 Updated May 20.86 UT           103   6.28 15.2  0.139
