A11CvyY 100 2026 05 17.4  14.1760 -24.7212 19.4 Added May 17.47 UT               4   0.02 21.4  0.084
CEMVK32  98 2026 05 17.4  17.1376 +12.3891 21.7 Updated May 17.46 UT            10   0.09 21.4  0.030
CEMVGV2  98 2026 05 17.3  16.1620 +11.0002 20.0 Updated May 17.46 UT            15   0.11 26.0  0.032
CEMV1Q2  98 2026 05 17.3  15.1613  +7.7445 20.9 Updated May 17.44 UT            16   0.13 26.3  0.054
CEMUUC2 100 2026 05 17.3  14.4791  +9.1172 20.5 Updated May 17.39 UT            14   0.10 25.6  0.101
A11Cvk7 100 2026 05 16.9  14.0569 -73.2898 19.6 Added May 16.99 UT               4   0.03 21.5  0.557
CEMRK82  84 2026 05 16.5  21.5433  -9.9096 21.6 Added May 16.49 UT               3   0.01 17.7  1.022
6EF1B21  97 2026 05 16.2  15.3543 -17.5985 19.6 Updated May 17.34 UT            10   1.16 26.3  0.155
ST26E98  86 2026 05 16.3  19.1470 +30.6311 21.4 Updated May 17.34 UT            17   1.63 29.0  0.513
CEMK452  77 2026 05 16.3  14.2944  -4.5268 21.5 Updated May 17.33 UT            24   1.03 22.1  0.173
A11Cswo 100 2026 05 16.0  17.2427 -23.5619 18.6 Updated May 17.33 UT             4   0.02 22.1  1.484
ZTF10Du 100 2026 05 15.3  16.6153 -35.4151 18.8 Updated May 17.33 UT             4   0.03 26.4  2.188
ST26E84  98 2026 05 15.4  15.2326 +10.7713 20.4 Updated May 17.33 UT             6   0.47 26.4  1.597
ST26E76  74 2026 05 15.2  14.2325  +8.6428 23.0 Updated May 17.28 UT            17   2.00 30.8  0.249
ST26E75  98 2026 05 15.2   2.4607 -27.6173 24.8 Updated May 16.82 UT             7   0.09 28.6  2.166
P12neKs  91 2026 05 14.6  18.2889 +57.8390 20.3 Updated May 17.36 UT            48   2.50 15.4  0.414
P12nc1c  72 2026 05 14.5  16.7427  -5.9824 21.7 Updated May 17.45 UT            31   2.96 20.2  0.039
RFD0300 100 2026 05 13.0  19.5513 -44.6626 24.7 Updated May 16.38 UT             2   0.00 29.8  4.456
CEMAUH2 100 2026 05 14.4  16.1501  -7.8090 21.3 Updated May 16.38 UT             6   0.07 23.9  3.043
ST26E61 100 2026 05 14.3  16.6557  +0.6952 23.4 Updated May 16.38 UT             6   0.05 29.0  3.120
MZ26075 100 2026 05 13.8  16.7958  -1.1254 22.4 Updated May 16.37 UT             3   0.01 27.4  3.663
A11CmCW 100 2026 05 13.3   6.2052 -72.1020 20.8 Updated May 16.38 UT             4   0.02 24.8  4.111
A11CmCS 100 2026 05 13.3  17.1557 -31.3844 20.3 Updated May 16.38 UT             4   0.04 25.4  4.170
OCA1642  84 2026 05 13.1  13.7152 -31.3469 19.4 Updated May 16.37 UT             3   0.02 14.0  4.358
CEM26R2  10 2026 05 12.4  16.5407 +15.2691 20.6 Updated May 16.91 UT            35   5.35 17.1  0.583
CEM1XD2  11 2026 05 12.3  14.4458 +17.0728 22.3 Updated May 17.20 UT            25   9.86 19.3  0.301
S001563  73 2026 05 07.0  12.9805 -27.2022 21.7 Updated May 16.37 UT             3   0.03 18.3 10.408
C1EUYV5  35 2026 04 27.5  17.2345 +18.9011 21.9 Updated May 16.81 UT            36 300.17 12.8  1.025
