C1F41L5 100 2026 05 26.4  16.0227  +7.2654 19.8 Updated May 26.44 UT             8   0.05 23.7  0.017
CEP5WU2 100 2026 05 26.4  17.4092 +50.1110 21.1 Updated May 26.44 UT            10   0.06 26.1  0.018
C1F4195 100 2026 05 26.4  16.1061  +7.5012 22.2 Added May 26.41 UT               3   0.01 27.5  0.054
C1F4075 100 2026 05 26.4  16.0475 +27.8514 22.2 Added May 26.39 UT               4   0.02 25.3  0.071
P12nfxd  91 2026 05 25.6  17.8301 +16.3722 21.9 Updated May 26.45 UT            14   2.00 22.6  0.014
P12nfwU  94 2026 05 25.5  16.9138 +14.5877 21.7 Updated May 26.28 UT            11   8.88 23.4  0.178
C1F32J5 100 2026 05 25.4  17.2024 +13.4453 21.9 Updated May 26.31 UT             7   0.85 23.5  0.151
C1F3245  80 2026 05 25.4  17.0132 +10.6093 22.9 Added May 25.48 UT               4   0.02 16.9  0.980
SJA1250 100 2026 05 24.9  16.8688 +61.4076 20.3 Added May 25.42 UT               3   0.03 17.5  1.482
C1F2X35  96 2026 05 25.4  16.3330  +1.0059 21.8 Updated May 26.18 UT            12   0.79 22.7  0.290
C1F2HL5 100 2026 05 25.4  16.3984 -11.6145 22.4 Updated May 25.43 UT             8   0.07 25.5  1.025
C1F2HK5  86 2026 05 25.4  16.1678 -12.0041 21.7 Updated May 26.35 UT            17   1.99 22.7  0.111
C1F1TD5 100 2026 05 25.3  15.7388  +4.7586 23.6 Updated May 26.35 UT             4   0.02 33.6  1.124
C03UYWZ 100 2026 05 23.4  16.7418 +12.2655 22.4 Updated May 26.16 UT             7   2.00 23.1  1.008
A11CUyv  94 2026 05 24.1  17.5824 -56.7271 19.2 Updated May 26.35 UT            17   1.97 19.1  0.339
P12nfw2 100 2026 05 24.6  21.0619  -3.7102 21.7 Updated May 26.34 UT             8   1.73 20.3  0.130
NAOCLYL  85 2026 05 23.8  15.9012 -19.4102 21.7 Updated May 26.35 UT             4   0.10 21.7  2.596
A11CQzo 100 2026 05 24.4  21.5046 -17.9230 20.2 Updated May 26.35 UT             5   0.05 29.8  2.018
oKr0080 100 2026 05 23.9  23.4889 +18.5507 20.2 Updated May 26.34 UT             3   0.00 17.1  2.562
C1F1535  97 2026 05 24.4  16.7577  +6.5352 22.4 Updated May 26.35 UT            11   0.87 23.3  1.167
C1F0TQ5  77 2026 05 24.4  15.8458  -8.5389 21.8 Updated May 26.20 UT            18   3.85 24.4  0.267
C1F0EU5  80 2026 05 24.3  15.4106 -10.0888 22.0 Updated May 26.33 UT            13   1.97 20.0  0.164
C1F0295  80 2026 05 24.3  15.3148  -7.0775 22.1 Updated May 26.10 UT            20   1.78 22.2  0.361
6EN3D21 100 2026 05 24.2  16.4662 -79.7902 18.7 Updated May 25.35 UT             3   0.01 21.1  2.217
C1EYPU5 100 2026 05 23.4  15.8644  +3.3515 22.8 Updated May 26.35 UT            11   1.87 24.1  1.203
C1EYD55  24 2026 05 23.3  15.7406 -13.5654 22.2 Updated May 26.43 UT            18   3.07 20.5  0.047
NAOCBPP  99 2026 05 20.7  14.9033 -20.9490 22.3 Updated May 25.35 UT             4   0.13 22.4  5.602
C46CD31 100 2026 05 21.4   1.5700  -2.9642 27.7 Updated May 25.35 UT             7   0.05 28.6  5.010
ST26ED1  98 2026 05 21.2   1.7364 -14.5010 28.1 Updated May 25.35 UT            20   0.16 30.2  5.068
ST26EC8  98 2026 05 20.4  21.8829 -31.0103 23.4 Updated May 25.35 UT             6   0.14 28.6  6.015
ST26EC7  98 2026 05 20.4   2.4828  -8.3829 30.3 Updated May 25.35 UT             6   0.11 30.3  6.022
P12nfaz  43 2026 05 20.3  13.2151 -27.4827 22.0 Updated May 26.35 UT            12   2.87 18.3  3.260
NAOCAN7 100 2026 05 17.7  15.2860 -21.9185 20.9 Updated May 26.35 UT             4   0.10 19.7  8.600
KPMa1Ih  87 2026 05 18.1  11.1262 -28.3969 23.5 Updated May 26.35 UT             5   0.01 20.9  8.350
CEMVK32  53 2026 05 17.4  16.4356  +8.0983 21.7 Updated May 26.27 UT            52  11.97 20.1  2.048
P12neKs  35 2026 05 14.6  17.9985 +56.8630 19.9 Updated May 26.32 UT           173  11.53 15.1  0.350
