CEP5YT2 100 2026 05 27.2  14.3068 +38.1391 21.3 Updated May 28.19 UT            11   0.93 25.0  0.401
A11CWPw 100 2026 05 26.6   0.9465  +6.1920 19.6 Updated May 28.36 UT             4   0.02 28.8  2.000
C1F4195 100 2026 05 26.4  16.1473 +10.4856 22.7 Updated May 28.36 UT             7   0.07 27.7  2.127
P12nfxd 100 2026 05 25.6  17.7952 +17.2713 21.9 Updated May 28.36 UT            14   2.00 22.6  2.142
C1F32J5 100 2026 05 25.4  17.1779 +17.7104 22.0 Updated May 27.70 UT            11   1.88 23.6  1.242
C1F3245  48 2026 05 25.4  16.9671 +10.4103 22.7 Updated May 28.36 UT            11   1.00 20.3  2.131
SJA1250 100 2026 05 24.9  16.7364 +60.5226 20.2 Updated May 27.36 UT             3   0.03 17.1  3.609
C1F2HL5 100 2026 05 25.4  16.6648 -12.1691 22.4 Updated May 28.36 UT             8   0.07 25.5  3.153
C1F1TD5 100 2026 05 25.3  15.8265  +4.5438 25.5 Updated May 28.36 UT             4   0.02 33.9  3.251
C03UYWZ  98 2026 05 23.4  16.7176 +16.0566 22.2 Updated May 27.70 UT            13   5.98 23.1  2.153
P12nfw2  95 2026 05 24.6  21.1832  -2.8299 21.7 Updated May 27.69 UT            14   3.01 20.3  0.974
NAOCLYL  85 2026 05 23.8  15.9102 -17.4085 21.8 Updated May 28.36 UT             4   0.10 21.5  4.724
A11CQzo 100 2026 05 24.4  22.2994 -16.1870 22.0 Updated May 28.36 UT             5   0.05 29.8  4.145
oKr0080 100 2026 05 23.9  23.4957 +18.6127 20.4 Updated May 28.36 UT             3   0.00 17.8  4.690
C1F1535  97 2026 05 24.4  16.7580  +7.1319 22.3 Updated May 28.36 UT            11   0.87 23.3  3.294
6EN3D21 100 2026 05 24.2  16.1120 -80.5155 18.9 Updated May 28.36 UT             3   0.01 18.8  4.345
C1EYPU5 100 2026 05 23.4  15.9013  +3.6306 22.9 Updated May 28.37 UT            11   1.87 24.1  3.331
NAOCBPP  99 2026 05 20.7  14.9359 -22.2237 22.4 Updated May 28.36 UT             4   0.13 22.4  7.730
ST26EC8  98 2026 05 20.4  22.2744 -30.9408 24.1 Updated May 28.36 UT             6   0.14 28.6  8.143
P12nfaz  43 2026 05 20.3  13.2028 -27.0840 22.1 Updated May 28.36 UT            12   2.87 18.4  5.388
NAOCAN7 100 2026 05 17.7  15.2907 -21.9682 21.2 Updated May 28.37 UT             4   0.10 20.1 10.728
KPMa1Ih  87 2026 05 18.1  11.1322 -29.2088 23.5 Updated May 28.36 UT             5   0.01 20.8 10.477
CEMVK32  51 2026 05 17.4  16.2942  +7.1008 21.8 Updated May 27.66 UT            59  13.11 20.1  3.038
