A11CDyX 100 2026 05 18.0  10.7787 -33.4993 19.6 Added May 18.22 UT               4   0.02 21.1  0.254
P22nf7J 100 2026 05 17.6  16.3993 +33.0662 21.3 Added May 17.77 UT               3   0.04 19.5  0.716
P22nf7G 100 2026 05 17.6  16.2030 +34.7546 22.1 Added May 17.77 UT               4   0.04 22.8  0.716
P22nf3F  34 2026 05 17.5  17.5995 +36.9903 21.6 Updated May 18.31 UT             9   0.81 19.2  0.020
CEMVK32 100 2026 05 17.4  17.0654 +11.9940 21.7 Updated May 18.22 UT            26   5.77 20.3  0.115
A11Cvk7 100 2026 05 16.9  13.7423 -72.6524 19.6 Added May 16.99 UT               4   0.03 21.5  1.392
CEMRK82  84 2026 05 16.5  21.5668 -10.0692 21.6 Added May 16.49 UT               3   0.01 17.7  1.857
A11Cswo 100 2026 05 16.0  17.1933 -23.3554 18.4 Updated May 17.33 UT             4   0.02 22.1  2.319
ZTF10Du 100 2026 05 15.3  16.9322 -36.5580 19.5 Updated May 17.33 UT             4   0.03 26.4  3.023
ST26E84  98 2026 05 15.4  15.3936 +10.7239 20.6 Updated May 17.33 UT             6   0.47 26.4  2.431
ST26E75  98 2026 05 15.2   2.5001 -23.8958 26.2 Updated May 16.82 UT             7   0.09 28.6  3.001
P12neKs  35 2026 05 14.6  18.2636 +57.7760 20.3 Updated May 18.26 UT            55   3.67 15.4  0.082
RFD0300 100 2026 05 13.0  19.6364 -44.8356 25.1 Updated May 16.38 UT             2   0.00 29.8  5.290
CEMAUH2 100 2026 05 14.4  16.0532 -10.8889 21.2 Updated May 16.38 UT             6   0.07 23.9  3.878
ST26E61 100 2026 05 14.3  16.6936  +0.7275 23.8 Updated May 16.38 UT             6   0.05 29.0  3.954
MZ26075 100 2026 05 13.8  16.8204  -0.6672 22.8 Updated May 16.37 UT             3   0.01 27.4  4.498
A11CmCW 100 2026 05 13.3   6.3253 -71.3781 21.1 Updated May 16.38 UT             4   0.02 24.8  4.946
A11CmCS 100 2026 05 13.3  17.2393 -30.2717 20.6 Updated May 16.38 UT             4   0.04 25.4  5.004
OCA1642  84 2026 05 13.1  13.7021 -31.3913 19.4 Updated May 16.37 UT             3   0.02 14.0  5.193
S001563  73 2026 05 07.0  12.9794 -27.2378 21.7 Updated May 16.37 UT             3   0.03 18.3 11.243
C1EUYV5  35 2026 04 27.5  17.2227 +18.9405 21.9 Updated May 16.81 UT            36 300.17 12.8  1.859
