TF26EF3 100 2026 05 21.5  15.4754 +12.8719 17.9 Added May 21.59 UT               2   0.00 19.6  0.140
TF26EF2 100 2026 05 21.5  15.4748 +12.8723 18.1 Updated May 21.59 UT             2   0.00 22.4  0.145
P22nfmx 100 2026 05 21.3  14.3047  +1.4196 21.0 Added May 21.42 UT               3   0.03 23.1  0.260
C46CD31 100 2026 05 21.4  16.8976  -1.9362 18.5 Updated May 21.45 UT             5   0.05 28.5  0.174
CENGF22 100 2026 05 21.3  15.4305 -17.5482 20.4 Updated May 21.41 UT             8   0.07 25.2  0.208
ST26ED8 100 2026 05 21.3  17.9965  +8.4458 20.1 Updated May 21.58 UT            14   0.13 25.9  0.145
ST26ED7  98 2026 05 21.3  17.7930 +10.3391 19.2 Updated May 21.58 UT            14   0.14 26.0  0.152
ST26ED4  98 2026 05 21.3  15.7647 +12.7203 19.4 Updated May 21.58 UT            10   0.16 27.5  0.174
ST26ED1  98 2026 05 21.2  15.9774  +4.0770 18.0 Updated May 21.40 UT            17   0.14 29.9  0.247
TF26EE0 100 2026 05 20.5  16.4584  +8.7037 21.8 Updated May 20.74 UT             4   0.02 28.7  1.132
TF26ED8 100 2026 05 20.5  16.8400  -0.7916 18.3 Added May 20.66 UT               2   0.00 24.3  1.153
ST26EC8 100 2026 05 20.4  17.6390 -14.4745 18.6 Updated May 20.66 UT             4   0.02 27.1  1.179
ST26EC7 100 2026 05 20.4   2.2174  -8.2910 26.4 Updated May 20.60 UT             4   0.01 29.5  1.185
ST26EC5 100 2026 05 20.3  16.5013 -10.1295 19.0 Updated May 20.59 UT             4   0.03 24.6  1.278
P12nfgD  46 2026 05 20.4  15.9774  -7.3704 22.0 Updated May 21.44 UT            12   0.98 20.3  0.203
P12nffX  10 2026 05 20.5  16.3845 -20.7804 21.7 Updated May 21.37 UT             9   0.87 18.6  0.247
P12nfdO  94 2026 05 20.5  16.2636 -23.3431 22.2 Updated May 21.50 UT             8   0.91 29.1  0.221
P12nffV  39 2026 05 20.5  16.5047 -19.1122 20.6 Updated May 21.40 UT            10   0.91 20.2  0.217
P12nfaz  50 2026 05 20.3  13.2521 -28.3958 22.0 Updated May 21.47 UT             8   1.05 18.5  0.247
P22nfat  44 2026 05 20.4  16.1959 +21.4343 21.9 Updated May 21.47 UT            15   1.07 19.5  0.185
A11CGDI  84 2026 05 19.2  17.3500 -43.3362 18.7 Updated May 21.20 UT            27   1.72 21.4  0.704
NAOCAN7 100 2026 05 17.7  15.2760 -21.7863 20.7 Updated May 21.35 UT             4   0.10 19.6  3.764
KPMa1Ih  87 2026 05 18.1  11.1263 -26.2177 23.3 Updated May 21.35 UT             5   0.01 20.8  3.513
CEMVK32  35 2026 05 17.4  16.7936 +10.4158 21.6 Updated May 21.47 UT            47   9.02 20.1  0.158
ST26E75  98 2026 05 15.2   2.5390 -20.1299 28.0 Updated May 21.35 UT             7   0.09 28.5  6.295
P12neKs  35 2026 05 14.6  18.1598 +57.4741 20.0 Updated May 21.47 UT           118   6.83 15.2  0.208
