A11CmCW 100 2026 05 13.3   2.5916 -79.1314 18.2 Added May 13.75 UT               4   0.02 24.5  0.610
A11CmCS 100 2026 05 13.3  16.1970 -41.3177 18.7 Added May 13.75 UT               4   0.04 25.4  0.668
OCA1642  79 2026 05 13.1  13.7719 -31.1459 19.4 Added May 13.56 UT               3   0.02 13.4  0.856
P22nay8  81 2026 05 13.4  15.7712  -1.8926 21.3 Added May 13.52 UT               3   0.02 22.9  0.527
P22nawA 100 2026 05 13.4  15.1577  -3.1993 21.1 Updated May 13.90 UT             7   0.45 24.7  0.098
A11Cmv6 100 2026 05 13.0   8.6451 -50.7146 18.7 Updated May 13.51 UT             7   0.43 17.7  0.504
ST26E47  79 2026 05 12.4  14.9456 -24.6561 19.3 Updated May 13.91 UT            22   1.48 24.9  0.080
P22n4V7 100 2026 05 12.4  14.3824 -19.7128 21.8 Updated May 13.34 UT            12   0.95 21.1  0.647
P22n4V6  91 2026 05 12.4  13.9533 -22.9436 21.6 Updated May 13.32 UT            16   0.93 23.5  0.670
CEM28F2  93 2026 05 12.4  17.9813 +18.8664 20.6 Updated May 13.96 UT            23   1.54 24.7  0.036
P22n4PC  67 2026 05 12.4  13.9692 -13.8450 20.6 Updated May 13.93 UT            11   1.55 21.0  0.071
CEM26R2  30 2026 05 12.4  16.6058 +15.4771 20.6 Updated May 13.26 UT            16   1.45 17.0  0.989
CEM1XD2  23 2026 05 12.3  14.5179 +17.5932 22.2 Updated May 13.86 UT            18   6.19 19.2  0.468
CEM1R02  10 2026 05 12.3  13.5548 +16.9522 21.7 Updated May 13.87 UT            29  20.49 22.1  0.124
SO0005e 100 2026 05 11.7  23.8472  +2.6114 25.4 Updated May 13.34 UT             3   0.00 28.9  2.273
SO0005d 100 2026 05 11.7  18.7452 -26.7109 21.0 Updated May 13.34 UT             4   0.00 28.3  2.272
SO0005c 100 2026 05 11.7  22.3481 -31.2907 22.7 Updated May 13.34 UT             3   0.00 28.3  2.326
SO0005b 100 2026 05 11.6  22.6007 -12.0225 21.5 Updated May 13.33 UT             3   0.00 26.7  2.337
CELXZH2 100 2026 05 11.3  14.7655 +24.2179 22.6 Updated May 13.34 UT             3   0.01 22.1  2.636
ST26E34 100 2026 05 10.5  14.8565 +18.6545 23.9 Updated May 13.34 UT             2   0.00 28.1  3.523
6E94521  10 2026 05 10.4  19.5859 -62.2792 19.6 Updated May 13.71 UT            34   3.04 19.1  0.583
XA9ttXA  75 2026 05 08.8  15.0736  +1.9320 22.5 Updated May 13.17 UT            19   4.39 21.8  0.834
ST26E18 100 2026 05 09.4  15.5035 -14.4814 24.0 Updated May 13.34 UT             4   0.00 30.3  4.618
CELRZD2 100 2026 05 09.2  12.4080 +36.8792 22.5 Updated May 13.33 UT             8   0.10 22.9  4.636
ST26E14 100 2026 05 08.4  13.3187  -2.8535 18.6 Updated May 13.34 UT             2   0.00 17.6  5.559
P22n0fQ  97 2026 05 07.4  15.0253 +10.7395 21.7 Updated May 13.34 UT             3   0.04 23.4  6.576
S001563  73 2026 05 07.0  12.9892 -27.0381 21.5 Updated May 13.34 UT             3   0.03 18.4  6.907
A11BRI6  10 2026 05 03.0  11.3168 -38.3891 19.2 Updated May 13.96 UT            86  10.91 19.9  0.057
C1EUYV5  35 2026 04 27.5  17.2830 +18.7241 21.9 Updated May 13.76 UT            36 297.21 12.8  0.486
