TF26E48 100 2026 05 10.5  15.0632 +14.7961 19.8 Added May 10.70 UT               2   0.00 25.9  0.294
ST26E34 100 2026 05 10.5  14.9925 +11.8128 20.1 Added May 10.70 UT               2   0.00 26.4  0.312
ST26E33  98 2026 05 10.5  15.0987  +5.9599 15.0 Added May 10.70 UT               2   0.00 14.1  0.312
ST26E31 100 2026 05 10.4  14.5420  +2.9526 18.6 Updated May 10.70 UT             4   0.02 24.3  0.309
ST26E32 100 2026 05 10.4  15.0204  +7.8852 18.8 Updated May 10.70 UT             4   0.02 23.5  0.303
ZTF10Dp 100 2026 05 10.2  11.5185 +12.2651 18.2 Added May 10.57 UT               4   0.03 21.9  0.530
6E94521 100 2026 05 10.4  19.3215 -54.8000 18.3 Added May 10.41 UT               3   0.01 20.8  0.398
CELUGR2  98 2026 05 10.3  14.9859 +32.8314 20.3 Updated May 10.42 UT            10   0.09 26.1  0.351
CELUGK2 100 2026 05 10.3  14.8006 +29.4990 21.6 Updated May 10.44 UT            11   0.10 23.4  0.337
ZTF10Do  98 2026 05 10.2  12.9120 -11.5571 18.6 Updated May 10.48 UT             6   0.23 26.6  0.312
ST26E26  98 2026 05 10.2  15.2680  -7.7980 20.1 Updated May 10.42 UT            10   0.17 29.2  0.354
ST26E25  98 2026 05 10.2  14.8661  -3.4916 20.6 Updated May 10.42 UT            13   0.17 28.7  0.359
CELU1Q2 100 2026 05 10.2  11.5822 +31.3756 22.2 Updated May 10.32 UT             7   0.11 25.8  0.461
ST26E24  98 2026 05 10.2  11.3946 -13.1259 18.5 Updated May 10.52 UT            13   0.29 29.1  0.297
P22n4ou  87 2026 05 09.4  14.7321  +7.4761 21.5 Updated May 10.69 UT            15   0.86 21.5  0.550
ZTF10Dn 100 2026 05 09.3  16.5669 -12.4255 19.1 Added May 9.51 UT                4   0.04 26.9  1.437
XA9ttXA  99 2026 05 08.8  15.1404  +1.7941 22.2 Updated May 10.41 UT             8   1.61 20.7  0.400
ST26E18 100 2026 05 09.4  15.6704 -16.4549 20.8 Added May 9.37 UT                4   0.00 28.7  1.407
CELT2A2  94 2026 05 09.3  13.6559 +35.3637 20.4 Updated May 10.67 UT            27   0.91 21.5  0.591
CELT0C2  93 2026 05 09.2  12.8642 +41.2426 21.0 Updated May 10.15 UT            16   0.89 22.9  0.631
CELRZD2 100 2026 05 09.2  12.5807 +35.2062 21.8 Updated May 9.36 UT              8   0.10 22.8  1.425
TF26E23 100 2026 05 09.2  13.0756  -4.5785 17.2 Updated May 10.76 UT             2   0.00 19.6  1.556
ZTF10Dl 100 2026 05 08.3  18.5150 -15.4995 20.3 Updated May 10.31 UT             4   0.03 27.0  2.404
ST26E14 100 2026 05 08.4  13.3860  -3.5885 17.9 Updated May 10.31 UT             2   0.00 21.3  2.348
P22n0vC  26 2026 05 08.3  14.8281  +9.9251 22.3 Updated May 10.26 UT            22   1.91 19.8  0.525
CELLEH2  86 2026 05 08.3  15.8351 -16.0219 22.8 Updated May 10.22 UT            12   1.86 32.6  0.616
P22n0fQ  97 2026 05 07.4  15.0878  +9.9215 22.2 Updated May 9.34 UT              3   0.04 24.3  3.365
ZTF10Di 100 2026 05 07.4  22.0137 -11.2248 22.2 Updated May 9.34 UT              4   0.02 27.4  3.380
S001563  73 2026 05 07.0  13.0010 -26.8917 21.5 Updated May 9.33 UT              3   0.03 17.7  3.696
P22mZLU  93 2026 05 06.3  11.7622 -17.1556 20.9 Updated May 10.76 UT            10   1.71 20.6  2.792
A11BX2S 100 2026 05 05.2  19.2536  +1.4276 20.3 Updated May 9.33 UT              2   0.01 24.8  5.542
A11BRI6  53 2026 05 03.0  10.6968 -40.0811 18.8 Updated May 10.31 UT            50   5.00 19.9  2.756
ZTF10Df  98 2026 05 02.2  10.4200  +1.4418 23.5 Updated May 9.33 UT              9   0.68 26.6  7.929
C1EUYV5  91 2026 04 27.5  17.3263 +18.5455 21.8 Updated May 10.33 UT            24  12.79 12.7  0.515
