6EI3621 100 2026 05 19.1  12.7342  -6.7519 20.2 Added May 19.15 UT               3   0.01 22.0  0.068
NAOCAN7 100 2026 05 17.7  15.2733 -21.7149 20.6 Added May 19.07 UT               4   0.10 19.6  1.304
KPMa1Ih  87 2026 05 18.1  11.1346 -25.0477 23.2 Added May 18.68 UT               5   0.01 21.2  1.054
A11CDyX 100 2026 05 18.0  10.8238 -32.9188 19.7 Updated May 19.02 UT             9   0.92 20.6  0.186
P22nf7G 100 2026 05 17.6  16.2238 +35.4935 22.1 Added May 17.77 UT               4   0.04 22.8  1.551
P22nf3F  32 2026 05 17.5  17.5987 +37.1305 21.4 Updated May 18.35 UT            12   0.81 19.0  0.854
CEMVK32 100 2026 05 17.4  16.9945 +11.5968 21.7 Updated May 18.33 UT            30   5.77 20.2  0.950
A11Cvk7 100 2026 05 16.9  13.4714 -71.9220 19.6 Updated May 18.37 UT             4   0.03 22.7  2.227
CEMRK82  84 2026 05 16.5  21.5906 -10.2339 21.5 Updated May 18.37 UT             3   0.01 17.3  2.691
A11Cswo 100 2026 05 16.0  17.1482 -23.1790 18.4 Updated May 18.37 UT             4   0.02 20.9  3.154
ST26E84  98 2026 05 15.4  15.5236 +10.6584 20.8 Updated May 18.37 UT             6   0.47 26.4  3.266
ST26E75  98 2026 05 15.2   2.5167 -22.2089 26.9 Updated May 18.37 UT             7   0.09 28.6  3.836
P12neKs  35 2026 05 14.6  18.2378 +57.7077 20.1 Updated May 19.12 UT            67   4.41 15.2  0.177
CEMAUH2 100 2026 05 14.4  15.9511 -14.0643 21.2 Updated May 18.39 UT             6   0.07 23.9  4.713
C1EUYV5  35 2026 04 27.5  17.2109 +18.9788 21.9 Updated May 16.81 UT            36 300.17 12.8  2.694
