C46AEZ1 100 2026 05 16.3  15.0109 -14.9612 18.6 Updated May 16.35 UT             7   0.03 32.7  0.015
CEMK452  91 2026 05 16.3  14.2777  -4.7115 21.4 Updated May 16.34 UT             8   0.05 20.4  0.032
ST26E93  98 2026 05 16.2  15.0915 +10.8636 19.6 Updated May 16.34 UT            16   0.08 27.1  0.029
ST26E89  98 2026 05 16.2  13.8473 +10.1397 19.2 Updated May 16.31 UT            10   0.10 28.5  0.054
CEMEEG2 100 2026 05 16.2  12.3793  -7.0634 21.0 Updated May 16.29 UT            12   0.06 24.5  0.076
A11Cswo 100 2026 05 16.0  17.2982 -23.7960 18.9 Added May 16.13 UT               4   0.02 20.7  0.359
ZTF10Du 100 2026 05 15.3  15.6857 -30.8437 17.5 Added May 15.45 UT               4   0.03 26.1  1.063
ST26E84  98 2026 05 15.4  14.9529 +10.7813 20.1 Updated May 16.23 UT             6   0.47 26.4  0.472
ST26E76  86 2026 05 15.2  14.3743  +7.7474 21.8 Updated May 16.22 UT            17   0.93 30.7  0.195
ST26E75 100 2026 05 15.2  14.8083 -17.3212 18.2 Updated May 15.38 UT             4   0.01 25.6  1.125
6EE3C21  91 2026 05 15.2  15.7620 -20.3613 19.3 Updated May 16.23 UT            20   0.98 25.9  0.188
A11Cr0m  86 2026 05 15.0  16.0478 -50.8766 17.8 Updated May 16.31 UT            19   1.17 20.0  0.214
P12neKJ  93 2026 05 14.3  13.0088 -23.3749 20.9 Updated May 16.32 UT            19   1.94 20.2  0.081
P12neKs  43 2026 05 14.6  18.3223 +57.9155 20.3 Updated May 16.31 UT            30   1.68 15.4  0.109
P12nc1c  84 2026 05 14.5  16.7736  -6.3214 21.8 Updated May 16.33 UT            24   1.55 20.2  0.328
RFD0300 100 2026 05 13.0   0.1916 -30.9643 25.7 Added May 14.52 UT               2   0.00 29.5  3.331
CEMAUH2 100 2026 05 14.4  16.2909  -3.2557 21.3 Updated May 14.46 UT             6   0.07 24.0  1.918
ST26E61 100 2026 05 14.3  16.5665  +0.5997 22.5 Updated May 14.37 UT             6   0.05 28.7  1.995
ST26E57  86 2026 05 14.3  17.0929 -14.0852 19.5 Updated May 16.33 UT            18   1.75 27.8  0.336
MZ26075 100 2026 05 13.8  17.3340 +10.1427 20.3 Updated May 15.33 UT             3   0.01 25.5  2.538
A11CmCW 100 2026 05 13.3   5.9904 -72.5322 20.1 Updated May 15.33 UT             4   0.02 25.5  2.986
A11CmCS 100 2026 05 13.3  16.9804 -33.5967 19.9 Updated May 15.33 UT             4   0.04 25.5  3.045
OCA1642  84 2026 05 13.1  13.7332 -31.2862 19.4 Updated May 15.33 UT             3   0.02 13.1  3.233
CEM26R2  10 2026 05 12.4  16.5620 +15.3448 20.9 Updated May 16.32 UT            32   4.64 17.3  0.178
CEM1XD2  16 2026 05 12.3  14.4685 +17.2490 22.2 Updated May 15.17 UT            22   7.84 19.2  1.200
SO0005e 100 2026 05 11.7   0.1905  +6.5399 27.4 Updated May 14.35 UT             3   0.00 28.9  4.649
SO0005d 100 2026 05 11.7  19.2044 -24.0255 22.5 Updated May 14.34 UT             4   0.00 28.2  4.648
SO0005c 100 2026 05 11.7  22.8359 -28.7184 24.4 Updated May 14.34 UT             3   0.00 28.6  4.702
SO0005b 100 2026 05 11.6  23.0260  -7.6677 23.1 Updated May 14.34 UT             3   0.00 26.6  4.713
CELXZH2 100 2026 05 11.3  14.7165 +24.4594 22.1 Updated May 14.35 UT             3   0.01 25.0  5.012
S001563  73 2026 05 07.0  12.9779 -27.1625 21.6 Updated May 14.34 UT             3   0.03 17.5  9.283
C1EUYV5  35 2026 04 27.5  17.2502 +18.8463 21.9 Updated May 15.51 UT            36 299.14 12.8  0.930
