P22nf7J 100 2026 05 17.6  16.4061 +32.8217 21.3 Added May 17.77 UT               3   0.04 19.5  0.507
P22nf7G 100 2026 05 17.6  16.1979 +34.5692 22.1 Added May 17.77 UT               4   0.04 22.8  0.508
P22nf3F  64 2026 05 17.5  17.5994 +36.9545 21.6 Updated May 17.78 UT             6   0.12 17.1  0.498
A11CvyY  91 2026 05 17.4  14.2424 -22.7854 19.5 Updated May 18.09 UT            21   0.63 23.3  0.113
CEMVK32 100 2026 05 17.4  17.0833 +12.0927 21.7 Updated May 18.08 UT            22   5.54 20.3  0.139
CEMV1Q2  88 2026 05 17.3  15.3016  +7.3662 21.0 Updated May 17.98 UT            26   0.64 26.3  0.176
A11Cvk7 100 2026 05 16.9  13.8189 -72.8235 19.6 Added May 16.99 UT               4   0.03 21.5  1.184
CEMRK82  84 2026 05 16.5  21.5610 -10.0290 21.6 Added May 16.49 UT               3   0.01 17.7  1.648
A11Cswo 100 2026 05 16.0  17.2064 -23.4101 18.5 Updated May 17.33 UT             4   0.02 22.1  2.111
ZTF10Du 100 2026 05 15.3  16.8668 -36.3406 19.3 Updated May 17.33 UT             4   0.03 26.4  2.814
ST26E84  98 2026 05 15.4  15.3564 +10.7379 20.6 Updated May 17.33 UT             6   0.47 26.4  2.223
ST26E75  98 2026 05 15.2   2.4935 -24.5364 25.9 Updated May 16.82 UT             7   0.09 28.6  2.793
P12neKs  35 2026 05 14.6  18.2699 +57.7922 20.3 Updated May 17.91 UT            52   3.32 15.4  0.221
RFD0300 100 2026 05 13.0  19.6177 -44.7987 25.0 Updated May 16.38 UT             2   0.00 29.8  5.082
CEMAUH2 100 2026 05 14.4  16.0768 -10.1442 21.2 Updated May 16.38 UT             6   0.07 23.9  3.670
ST26E61 100 2026 05 14.3  16.6856  +0.7215 23.7 Updated May 16.38 UT             6   0.05 29.0  3.746
MZ26075 100 2026 05 13.8  16.8150  -0.7679 22.7 Updated May 16.37 UT             3   0.01 27.4  4.290
A11CmCW 100 2026 05 13.3   6.2993 -71.5399 21.0 Updated May 16.38 UT             4   0.02 24.8  4.738
A11CmCS 100 2026 05 13.3  17.2205 -30.5267 20.5 Updated May 16.38 UT             4   0.04 25.4  4.796
OCA1642  84 2026 05 13.1  13.7054 -31.3803 19.4 Updated May 16.37 UT             3   0.02 14.0  4.984
S001563  73 2026 05 07.0  12.9797 -27.2290 21.7 Updated May 16.37 UT             3   0.03 18.3 11.035
C1EUYV5  35 2026 04 27.5  17.2257 +18.9308 21.9 Updated May 16.81 UT            36 300.17 12.8  1.651
