C1F0EU5  82 2026 05 24.3  15.4531 -10.0942 22.1 Added May 24.35 UT               4   0.02 15.0  0.032
C1F0295  99 2026 05 24.3  15.3541  -7.5008 22.7 Added May 24.34 UT               4   0.02 24.4  0.035
CEP1CX2 100 2026 05 24.3  15.0525  +2.7716 20.9 Added May 24.31 UT               4   0.02 22.7  0.067
6EN3D21 100 2026 05 24.2  16.7289 -78.7754 19.1 Added May 24.29 UT               3   0.01 19.2  0.133
CEP0PP2 100 2026 05 24.2  14.7379  -5.5818 20.8 Updated May 24.32 UT             7   0.07 27.3  0.052
ST26EF6  98 2026 05 24.2  13.6499  -2.0535 19.3 Updated May 24.33 UT            19   0.13 26.1  0.036
C1EYRR5 100 2026 05 23.4  15.8698  +2.2698 22.6 Updated May 23.48 UT            10   0.09 25.3  0.902
C1EYQL5 100 2026 05 23.4  15.8624  +1.1594 22.0 Updated May 24.28 UT            10   0.89 24.4  0.105
C1EYPU5  97 2026 05 23.4  15.8275  +3.0218 22.9 Updated May 23.49 UT             6   0.07 22.4  0.917
C1EYPT5  89 2026 05 23.4  15.8231  +1.9056 21.7 Updated May 24.24 UT            18   0.86 24.2  0.127
C1EYD55  64 2026 05 23.3  15.8035 -13.0704 22.1 Updated May 24.30 UT            12   0.95 20.1  0.088
C1EXH55  93 2026 05 23.3  14.0015  +5.5866 22.4 Updated May 24.21 UT            20   0.91 23.7  0.176
6EM3521  79 2026 05 23.1  13.1635 -11.7244 20.2 Updated May 24.29 UT            29   1.14 22.4  0.174
NAOCBPP 100 2026 05 20.7  14.8716 -19.5838 22.3 Updated May 24.34 UT             4   0.13 22.4  3.517
CZYNHKZ 100 2026 05 14.4  16.3595  +2.2397 21.8 Updated May 23.35 UT             4   0.02 22.7  9.981
C46CD31 100 2026 05 21.4   1.2498  -3.4010 26.2 Updated May 23.35 UT             7   0.05 28.6  2.925
ST26ED1  98 2026 05 21.2   1.5960 -15.0400 26.8 Updated May 23.35 UT            20   0.16 30.2  2.983
TF26EE0 100 2026 05 20.5  16.3663  +8.8240 24.1 Updated May 24.34 UT             4   0.02 28.8  3.884
ST26EC8  98 2026 05 20.4  21.0266 -30.2094 22.2 Updated May 23.35 UT             6   0.14 28.6  3.931
ST26EC7  98 2026 05 20.4   2.4418  -8.4098 29.5 Updated May 23.35 UT             6   0.11 30.3  3.937
ST26EC5 100 2026 05 20.3  15.4194 -17.5369 20.3 Updated May 24.34 UT             4   0.03 24.8  4.029
P12nffX  10 2026 05 20.5  16.3345 -21.0410 21.7 Updated May 24.34 UT            15   7.94 19.3  1.971
P12nfaz  43 2026 05 20.3  13.2295 -27.8759 21.9 Updated May 24.34 UT            12   2.87 18.3  1.175
NAOCAN7 100 2026 05 17.7  15.2799 -21.8613 20.9 Updated May 24.34 UT             4   0.10 19.9  6.515
KPMa1Ih  87 2026 05 18.1  11.1238 -27.4497 23.4 Updated May 24.34 UT             5   0.01 20.8  6.265
CEMVK32  55 2026 05 17.4  16.5837  +9.0919 21.7 Updated May 23.35 UT            47   9.02 20.1  2.909
P12neKs  35 2026 05 14.6  18.0692 +57.1521 19.9 Updated May 24.25 UT           159   9.46 15.1  0.335
