MZ26136 100 2026 06 01.8  14.6928 +70.4929 19.7 Added June 1.98 UT               6   0.01 19.7  0.250
C1F9WZ5 100 2026 06 01.3  17.0599 +27.5605 21.3 Updated June 1.46 UT            12   0.12 24.9  0.570
A11D0Xd 100 2026 05 30.0  19.2363 -41.0060 19.0 Updated June 1.42 UT             4   0.01 24.0  2.984
NAOCYLA 100 2026 05 27.7  16.2449 -20.6077 20.9 Updated June 1.43 UT             4   0.13 21.6  5.158
C07PYDZ 100 2026 05 27.2  14.3149 +47.7811 21.7 Updated June 1.43 UT             4   0.02 19.6  5.823
C1F4195 100 2026 05 26.4  16.1938 +13.5047 23.6 Updated June 1.43 UT             7   0.07 27.6  6.576
C1F3245  48 2026 05 25.4  16.8665  +9.8813 22.6 Updated June 1.43 UT            11   1.00 20.2  6.580
C1F2HL5 100 2026 05 25.4  17.1004 -13.0314 22.7 Updated June 1.43 UT             8   0.07 26.1  7.602
NAOCLYL  85 2026 05 23.8  15.9304 -13.2707 22.1 Updated June 1.43 UT             4   0.10 21.6  9.172
A11CQzo 100 2026 05 24.4  22.7110 -14.9429 23.7 Updated June 1.43 UT             5   0.05 29.9  8.594
oKr0080 100 2026 05 23.9  23.5017 +18.7301 20.2 Updated June 1.42 UT             3   0.00 13.5  9.139
P12nfaz  43 2026 05 20.3  13.1849 -26.2649 22.0 Updated June 1.43 UT            12   2.87 18.3  9.837
