ST26E26 100 2026 05 10.2  14.9792  -3.9007 18.9 Updated May 10.29 UT             4   0.04 28.3  0.026
ST26E25 100 2026 05 10.2  14.7800  -0.7438 19.7 Updated May 10.29 UT             6   0.05 28.4  0.027
CELU1Q2 100 2026 05 10.2  11.5805 +31.3989 21.7 Updated May 10.22 UT             3   0.02 19.5  0.096
ST26E24 100 2026 05 10.2  12.8293  -1.8222 19.3 Updated May 10.25 UT             8   0.06 28.9  0.069
P22n4ou  89 2026 05 09.4  14.7347  +7.5340 21.6 Updated May 10.23 UT            11   0.86 21.5  0.092
ZTF10Dn 100 2026 05 09.3  16.2980 -11.9223 18.4 Added May 9.51 UT                4   0.04 26.9  0.978
XA9ttXA  96 2026 05 08.8  15.1499  +1.7774 21.4 Added May 9.48 UT                3   0.03 19.7  1.523
ST26E18 100 2026 05 09.4  15.5397 -15.1575 20.3 Added May 9.37 UT                4   0.00 28.7  0.948
CELT2A2  96 2026 05 09.3  13.7036 +35.7526 20.6 Updated May 10.18 UT            17   0.91 21.7  0.133
CELT0C2  93 2026 05 09.2  12.9431 +39.7782 20.9 Updated May 10.15 UT            16   0.89 22.9  0.173
CELRZD2 100 2026 05 09.2  12.6145 +34.8591 21.7 Updated May 9.36 UT              8   0.10 22.8  0.966
TF26E23 100 2026 05 09.2  13.0879  -4.7245 16.7 Added May 9.23 UT                2   0.00 17.7  1.098
gb00845  77 2026 05 08.8  13.0448  -8.6479 20.1 Updated May 10.09 UT            44   1.29 23.9  0.227
P22n0x5  72 2026 05 08.5  15.2877 -15.5785 20.3 Updated May 10.09 UT            30   1.70 30.0  0.237
P22n0w4  77 2026 05 08.4  15.3458  +3.3016 20.1 Updated May 10.26 UT            37   1.79 23.9  0.147
ZTF10Dl 100 2026 05 08.3  18.2860 -15.4117 19.8 Added May 8.49 UT                4   0.03 27.0  1.946
ST26E14 100 2026 05 08.4  13.3977  -3.7163 18.0 Added May 8.45 UT                2   0.00 16.2  1.890
P22n0vC  26 2026 05 08.3  14.8395  +9.9892 22.3 Updated May 10.26 UT            22   1.91 19.8  0.067
CELLEH2  86 2026 05 08.3  15.8126 -15.6858 22.5 Updated May 10.22 UT            12   1.86 32.6  0.158
CELHF72  70 2026 05 08.3  14.9702 -10.1438 21.2 Updated May 10.28 UT            30   1.97 24.6  0.042
P22n0gv  96 2026 05 07.6  17.2150 +48.1839 21.1 Updated May 9.45 UT             22   1.84 21.3  0.875
P22n0fQ  97 2026 05 07.4  15.0915  +9.8614 22.1 Updated May 9.34 UT              3   0.04 24.3  2.907
ZTF10Di 100 2026 05 07.4  21.8690 -11.6548 21.8 Updated May 9.34 UT              4   0.02 27.4  2.922
S001563  73 2026 05 07.0  13.0032 -26.8680 21.4 Updated May 9.33 UT              3   0.03 17.7  3.238
P22mZLU  93 2026 05 06.3  11.7448 -17.5268 20.9 Updated May 10.31 UT            10   1.71 20.6  2.333
A11BX2S 100 2026 05 05.2  19.1797  +1.5930 20.1 Updated May 9.33 UT              2   0.01 24.8  5.084
A11BRI6  53 2026 05 03.0  10.5857 -40.3018 18.8 Updated May 8.52 UT             50   5.00 19.9  2.297
ZTF10Df  98 2026 05 02.2  10.4168  +1.4484 23.4 Updated May 9.33 UT              9   0.68 26.6  7.471
C1EUYV5  91 2026 04 27.5  17.3324 +18.5189 21.8 Updated May 10.30 UT            21  12.79 12.7  0.056
