SO0006A 100 2026 05 22.7  21.1919 -35.9245 19.1 Added May 22.70 UT               4   0.01 23.9  0.305
MKp7968  83 2026 05 17.7  14.1200  +5.5377 21.9 Updated May 22.83 UT             8  26.24 23.2  1.290
ST26EE4  98 2026 05 22.3  18.4225 +18.9699 21.0 Updated May 22.46 UT            18   0.13 29.0  0.538
CENU0L2  98 2026 05 22.2  14.1087  -2.9219 22.0 Updated May 22.37 UT             9   0.13 27.4  0.627
CENV8M2  88 2026 05 22.3  23.3534 +34.6212 19.5 Updated May 22.95 UT            18   0.58 31.2  0.132
NAOCBPP  99 2026 05 20.7  14.8531 -18.7370 22.1 Updated May 22.70 UT             4   0.13 22.4  2.142
8N2S001 100 2026 05 22.0  17.7027 +13.6105 19.0 Added May 22.24 UT               3   0.01 24.4  0.940
Sar2899  86 2026 05 22.0  15.9132 +11.3660 21.0 Updated May 22.94 UT            30   0.95 29.6  0.059
CZYNHKZ 100 2026 05 14.4  16.3601  +2.3572 21.4 Updated May 22.04 UT             4   0.02 22.8  8.606
C46CD31 100 2026 05 21.4  23.8616  -4.9213 22.9 Updated May 21.45 UT             5   0.05 28.5  1.550
ST26ED8  77 2026 05 21.3  17.5874 +19.9700 20.4 Updated May 22.98 UT            43   1.62 25.8  0.046
ST26ED1  98 2026 05 21.2   1.2123 -16.3190 24.8 Updated May 21.71 UT            20   0.16 30.2  1.608
TF26EE0 100 2026 05 20.5  16.3956  +8.8052 23.3 Updated May 22.38 UT             4   0.02 28.7  2.509
ST26EC8  98 2026 05 20.4  19.7927 -26.7784 20.9 Updated May 21.71 UT             6   0.14 28.6  2.556
ST26EC7  98 2026 05 20.4   2.3750  -8.3774 28.5 Updated May 21.71 UT             6   0.11 30.2  2.562
ST26EC5 100 2026 05 20.3  15.8100 -15.0482 19.5 Updated May 22.38 UT             4   0.03 24.9  2.654
P12nffX  10 2026 05 20.5  16.3597 -20.9105 21.7 Updated May 22.44 UT            15   7.94 19.3  0.596
P12nffV  45 2026 05 20.5  16.4975 -18.5243 20.4 Updated May 22.98 UT            25   3.65 20.2  0.028
P12nfaz  48 2026 05 20.3  13.2403 -28.1357 22.0 Updated May 22.18 UT            10   1.84 18.4  0.824
NAOCAN7 100 2026 05 17.7  15.2772 -21.8193 20.7 Updated May 22.38 UT             4   0.10 19.7  5.140
KPMa1Ih  87 2026 05 18.1  11.1242 -26.8488 23.3 Updated May 22.38 UT             5   0.01 20.8  4.890
CEMVK32  55 2026 05 17.4  16.6866  +9.7527 21.6 Updated May 21.47 UT            47   9.02 20.1  1.534
P12neKs  35 2026 05 14.6  18.1149 +57.3212 20.0 Updated May 22.98 UT           124   8.40 15.1  0.021
