ST26E86  98 2026 05 15.4   3.3738 -18.1626 26.5 Updated May 15.58 UT             6   0.11 33.1  0.362
ZTF10Du 100 2026 05 15.3  14.9284 -25.3877 16.8 Added May 15.45 UT               4   0.03 26.1  0.521
ST26E84 100 2026 05 15.4  14.7794 +10.7140 20.0 Updated May 15.45 UT             4   0.03 24.4  0.375
TF26E97  98 2026 05 15.3  15.7805 -15.9093 18.8 Updated May 15.57 UT             4   0.12 27.4  0.367
ST26E76  98 2026 05 15.2  14.5380  +6.7116 20.8 Updated May 15.44 UT             6   0.20 30.7  0.381
ST26E75 100 2026 05 15.2  14.7478  -6.8503 18.5 Updated May 15.38 UT             4   0.01 25.6  0.583
6EE3C21 100 2026 05 15.2  15.6278 -22.0786 19.0 Updated May 15.44 UT            11   0.22 25.9  0.406
A11Cr0m 100 2026 05 15.0  16.0140 -51.9365 17.9 Updated May 15.37 UT            14   0.31 20.0  0.525
P12neKJ 100 2026 05 14.3  13.0154 -23.4206 20.9 Updated May 15.22 UT            10   0.88 20.3  0.605
P12neKs  97 2026 05 14.6  18.3382 +57.9490 20.4 Updated May 15.26 UT            10   0.48 15.2  0.766
P12nc1c  96 2026 05 14.5  16.7881  -6.4832 21.7 Updated May 15.38 UT            21   0.90 20.1  0.438
RFD0300 100 2026 05 13.0   0.0300 -32.3987 25.2 Added May 14.52 UT               2   0.00 29.5  2.789
CEMAUH2 100 2026 05 14.4  16.3629  -0.8901 21.3 Updated May 14.46 UT             6   0.07 24.0  1.377
CEMAY32  79 2026 05 14.4  16.5053  +1.6352 20.4 Updated May 15.51 UT            37   1.08 23.8  0.347
ST26E61 100 2026 05 14.3  16.4889  +0.5024 22.0 Updated May 14.37 UT             6   0.05 28.7  1.453
ST26E57  98 2026 05 14.3  16.4982 -11.1641 19.4 Updated May 15.43 UT            12   1.14 28.0  0.402
ST26E52  76 2026 05 14.2  13.5253 +24.6982 20.4 Updated May 15.38 UT            28   1.01 26.1  0.563
MZ26075 100 2026 05 13.8  17.1423  +6.4174 20.1 Updated May 15.33 UT             3   0.01 25.5  1.997
A11CmCW 100 2026 05 13.3   5.7703 -73.6048 19.8 Updated May 15.33 UT             4   0.02 25.5  2.445
A11CmCS 100 2026 05 13.3  16.8759 -34.8048 19.7 Updated May 15.33 UT             4   0.04 25.5  2.503
OCA1642  84 2026 05 13.1  13.7419 -31.2557 19.4 Updated May 15.33 UT             3   0.02 13.1  2.691
A11Cmv6  84 2026 05 13.0   8.4064 -49.9303 19.0 Updated May 15.23 UT            19   2.04 19.1  0.728
CEM26R2  18 2026 05 12.4  16.5722 +15.3781 20.6 Updated May 15.33 UT            21   2.69 17.0  1.580
CEM1XD2  11 2026 05 12.3  14.4796 +17.3308 22.2 Updated May 15.17 UT            22   7.84 19.2  0.659
SO0005e 100 2026 05 11.7   0.1629  +6.2320 27.1 Updated May 14.35 UT             3   0.00 28.9  4.108
SO0005d 100 2026 05 11.7  19.1559 -24.3372 22.3 Updated May 14.34 UT             4   0.00 28.2  4.106
SO0005c 100 2026 05 11.7  22.7473 -29.2243 24.1 Updated May 14.34 UT             3   0.00 28.6  4.160
SO0005b 100 2026 05 11.6  22.9903  -8.0413 22.9 Updated May 14.34 UT             3   0.00 26.6  4.171
CELXZH2 100 2026 05 11.3  14.7296 +24.4189 22.2 Updated May 14.35 UT             3   0.01 25.0  4.471
6E94521  10 2026 05 10.4  19.7989 -66.5421 19.5 Updated May 15.42 UT            53   5.03 19.0  0.422
S001563  73 2026 05 07.0  12.9795 -27.1378 21.6 Updated May 14.34 UT             3   0.03 17.5  8.742
C1EUYV5  35 2026 04 27.5  17.2577 +18.8192 21.9 Updated May 15.51 UT            36 299.14 12.8  0.388
