OCA1642  79 2026 05 13.1  13.7788 -31.1225 19.4 Added May 13.56 UT               3   0.02 13.4  0.440
P22nay8  81 2026 05 13.4  15.7811  -1.8184 21.3 Added May 13.52 UT               3   0.02 22.9  0.110
P22nawA 100 2026 05 13.4  15.1397  -3.2406 20.9 Added May 13.52 UT               3   0.02 22.1  0.108
ST26E50  98 2026 05 13.2  14.5365  -3.1969 19.7 Updated May 13.45 UT            10   0.19 26.7  0.121
A11Cmv6 100 2026 05 13.0   8.6976 -50.8695 18.6 Updated May 13.51 UT             7   0.43 17.7  0.087
ST26E47  91 2026 05 12.4  15.0712 -20.9104 19.2 Updated May 13.33 UT            17   0.91 25.0  0.241
P22n55t  36 2026 05 12.4  15.0215 -13.5773 21.4 Updated May 13.34 UT            11   5.01 19.8  0.234
P22n52K  74 2026 05 12.4  15.1719 -11.7553 21.2 Updated May 13.50 UT            20   5.15 25.0  0.078
P22n4V7 100 2026 05 12.4  14.3952 -19.8604 21.8 Updated May 13.34 UT            12   0.95 21.1  0.230
P22n4V6  91 2026 05 12.4  13.9781 -22.9096 21.6 Updated May 13.32 UT            16   0.93 23.5  0.253
P22n4V9  83 2026 05 12.4  14.4239 -15.5918 21.8 Updated May 13.50 UT            17   1.09 24.7  0.082
CEM28F2 100 2026 05 12.4  17.8044 +17.7608 21.0 Updated May 13.37 UT            15   0.97 25.1  0.196
P22n4PC  67 2026 05 12.4  13.9704 -14.1697 20.7 Updated May 13.03 UT             8   0.65 21.2  0.554
P22n4PB  72 2026 05 12.3  13.6731  -9.4522 21.1 Updated May 13.33 UT            19  25.87 24.0  0.256
CEM26R2  25 2026 05 12.4  16.6133 +15.4967 20.6 Updated May 13.26 UT            16   1.45 17.0  0.573
CEM1XD2 100 2026 05 12.3  14.5264 +17.6510 22.1 Updated May 12.41 UT            11   0.11 17.1  1.153
CEM1R02  91 2026 05 12.3  13.5863 +16.9398 21.7 Updated May 13.19 UT            18   0.89 22.1  0.391
6EB3121  81 2026 05 12.0  10.3561 -14.1087 20.0 Updated May 13.28 UT            19   1.16 23.9  0.425
SO0005e 100 2026 05 11.7  23.7327  +1.2819 24.8 Updated May 13.34 UT             3   0.00 28.9  1.856
SO0005d 100 2026 05 11.7  18.5948 -27.4952 20.6 Updated May 13.34 UT             4   0.00 28.3  1.855
SO0005c 100 2026 05 11.7  22.0214 -32.7150 22.1 Updated May 13.34 UT             3   0.00 28.3  1.909
SO0005b 100 2026 05 11.6  22.4800 -13.2189 21.0 Updated May 13.33 UT             3   0.00 26.7  1.920
CELXZH2 100 2026 05 11.3  14.7734 +24.1822 22.6 Updated May 13.34 UT             3   0.01 22.1  2.219
ST26E34 100 2026 05 10.5  14.8626 +18.3871 23.6 Updated May 13.34 UT             2   0.00 28.1  3.106
6E94521  84 2026 05 10.4  19.5448 -61.3023 19.6 Updated May 13.15 UT            31   2.77 19.1  0.435
XA9ttXA  75 2026 05 08.8  15.0824  +1.9177 22.5 Updated May 13.17 UT            19   4.39 21.8  0.417
ST26E18 100 2026 05 09.4  15.4981 -14.4228 23.8 Updated May 13.34 UT             4   0.00 30.3  4.201
CELRZD2 100 2026 05 09.2  12.4247 +36.7251 22.4 Updated May 13.33 UT             8   0.10 22.9  4.219
ZTF10Dl 100 2026 05 08.3  19.0392 -15.5025 21.9 Updated May 13.34 UT             4   0.03 26.9  5.199
ST26E14 100 2026 05 08.4  13.3261  -2.9362 18.5 Updated May 13.34 UT             2   0.00 17.6  5.142
P22n0fQ  97 2026 05 07.4  15.0314 +10.6654 21.7 Updated May 13.34 UT             3   0.04 23.4  6.160
S001563  73 2026 05 07.0  12.9905 -27.0188 21.5 Updated May 13.34 UT             3   0.03 18.4  6.490
A11BRI6  35 2026 05 03.0  11.2494 -38.6110 19.1 Updated May 13.46 UT            81  10.09 19.9  0.465
C1EUYV5  35 2026 04 27.5  17.2886 +18.7018 21.9 Updated May 13.51 UT            36  16.03 12.8  0.069
