TF26E48 100 2026 05 10.5  15.0601 +16.9150 19.9 Added May 10.70 UT               2   0.00 25.9  0.379
ST26E34 100 2026 05 10.5  14.9634 +13.1540 20.2 Added May 10.70 UT               2   0.00 26.4  0.397
ST26E33  98 2026 05 10.5  15.0963  +5.9556 15.0 Added May 10.70 UT               2   0.00 14.1  0.397
ST26E31 100 2026 05 10.4  14.4659  +1.2414 18.5 Updated May 10.70 UT             4   0.02 24.3  0.393
ZTF10Dp 100 2026 05 10.2  11.5463 +11.5080 18.2 Added May 10.57 UT               4   0.03 21.9  0.615
6E94521 100 2026 05 10.4  19.3287 -55.0193 18.3 Added May 10.41 UT               3   0.01 20.8  0.483
CELUGR2  98 2026 05 10.3  14.9650 +33.3583 20.3 Updated May 10.42 UT            10   0.09 26.1  0.435
CELUGK2 100 2026 05 10.3  14.8013 +29.3495 21.6 Updated May 10.44 UT            11   0.10 23.4  0.422
ZTF10Do  98 2026 05 10.2  12.9715 -10.2835 18.5 Updated May 10.48 UT             6   0.23 26.6  0.397
ST26E26  98 2026 05 10.2  15.2977  -8.1992 20.3 Updated May 10.42 UT            10   0.17 29.2  0.439
ST26E25  98 2026 05 10.2  14.8763  -3.8196 20.7 Updated May 10.42 UT            13   0.17 28.7  0.444
CELU1Q2 100 2026 05 10.2  11.5821 +31.3713 22.3 Updated May 10.32 UT             7   0.11 25.8  0.546
ST26E24  98 2026 05 10.2  10.7621 -17.3888 18.4 Updated May 10.52 UT            13   0.29 29.1  0.382
P22n4ou  87 2026 05 09.4  14.7316  +7.4652 21.5 Updated May 10.69 UT            15   0.86 21.5  0.635
ZTF10Dn 100 2026 05 09.3  16.6025 -12.4877 19.2 Added May 9.51 UT                4   0.04 26.9  1.522
XA9ttXA  99 2026 05 08.8  15.1387  +1.7987 22.2 Updated May 10.41 UT             8   1.61 20.7  0.485
ST26E18 100 2026 05 09.4  15.6891 -16.6378 20.9 Added May 9.37 UT                4   0.00 28.7  1.491
CELT2A2  74 2026 05 09.3  13.6470 +35.2894 20.4 Updated May 10.82 UT            30   1.54 21.5  0.039
CELT0C2  86 2026 05 09.2  12.8490 +41.5164 21.0 Updated May 10.85 UT            18   1.59 22.9  0.017
CELRZD2 100 2026 05 09.2  12.5748 +35.2657 21.8 Updated May 9.36 UT              8   0.10 22.8  1.509
TF26E23 100 2026 05 09.2  13.0664  -4.5184 17.2 Updated May 10.85 UT             2   0.00 19.6  1.641
ZTF10Dl 100 2026 05 08.3  18.5465 -15.5066 20.4 Updated May 10.31 UT             4   0.03 27.0  2.489
ST26E14 100 2026 05 08.4  13.3838  -3.5654 17.9 Updated May 10.31 UT             2   0.00 21.3  2.433
P22n0vC  26 2026 05 08.3  14.8260  +9.9131 22.3 Updated May 10.26 UT            22   1.91 19.8  0.610
CELLEH2  86 2026 05 08.3  15.8385 -16.0739 22.8 Updated May 10.22 UT            12   1.86 32.6  0.701
P22n0fQ  97 2026 05 07.4  15.0871  +9.9319 22.2 Updated May 9.34 UT              3   0.04 24.3  3.450
ZTF10Di 100 2026 05 07.4  22.0360 -11.1569 22.3 Updated May 9.34 UT              4   0.02 27.4  3.465
S001563  73 2026 05 07.0  13.0006 -26.8961 21.5 Updated May 9.33 UT              3   0.03 17.7  3.781
P22mZLU  93 2026 05 06.3  11.7654 -17.0870 20.9 Updated May 10.85 UT            10   1.71 20.6  2.877
A11BRI6  53 2026 05 03.0  10.7166 -40.0391 18.8 Updated May 10.31 UT            50   5.00 19.9  2.841
ZTF10Df  98 2026 05 02.2  10.4205  +1.4406 23.5 Updated May 9.33 UT              9   0.68 26.6  8.014
C1EUYV5  91 2026 04 27.5  17.3251 +18.5504 21.8 Updated May 10.33 UT            24  12.79 12.7  0.599
