C1EYRR5 100 2026 05 23.4  15.8642  +2.7589 22.6 Updated May 23.48 UT            10   0.09 25.3  0.486
C1EYQL5 100 2026 05 23.4  15.8885  +1.5786 22.3 Updated May 23.48 UT             7   0.09 24.2  0.482
C1EYPU5  97 2026 05 23.4  15.8210  +2.9497 22.9 Updated May 23.49 UT             6   0.07 22.4  0.501
C1EYPT5 100 2026 05 23.4  15.8298  +2.4053 21.8 Updated May 23.79 UT            14   0.08 24.3  0.489
C1EYD55  66 2026 05 23.3  15.8158 -12.9731 22.1 Updated May 23.41 UT            10   0.06 19.4  0.560
C1EXH55 100 2026 05 23.3  13.9751  +5.1777 22.3 Updated May 23.37 UT            10   0.08 23.3  0.588
6EM3521  86 2026 05 23.1  13.1851 -12.4871 20.0 Updated May 23.93 UT            22   0.86 22.3  0.036
NAOCBPP  99 2026 05 20.7  14.8666 -19.3629 22.1 Updated May 22.70 UT             4   0.13 22.4  3.101
CZYNHKZ 100 2026 05 14.4  16.3697  +2.3130 21.8 Updated May 23.35 UT             4   0.02 22.7  9.564
C46CD31 100 2026 05 21.4   1.1074  -3.5786 25.7 Updated May 23.35 UT             7   0.05 28.6  2.508
ST26ED1  98 2026 05 21.2   1.5342 -15.2597 26.4 Updated May 23.35 UT            20   0.16 30.2  2.566
TF26EE0 100 2026 05 20.5  16.3773  +8.8168 23.9 Updated May 22.38 UT             4   0.02 28.7  3.467
ST26EC8  98 2026 05 20.4  20.7388 -29.6540 21.8 Updated May 23.35 UT             6   0.14 28.6  3.514
ST26EC7  98 2026 05 20.4   2.4275  -8.4061 29.3 Updated May 23.35 UT             6   0.11 30.3  3.520
ST26EC5 100 2026 05 20.3  15.5041 -17.0188 20.1 Updated May 22.38 UT             4   0.03 24.9  3.612
P12nffX  10 2026 05 20.5  16.3422 -21.0014 21.7 Updated May 22.44 UT            15   7.94 19.3  1.554
P12nfaz  38 2026 05 20.3  13.2327 -27.9547 22.0 Updated May 23.25 UT            12   2.87 18.4  0.759
NAOCAN7 100 2026 05 17.7  15.2786 -21.8440 20.8 Updated May 22.38 UT             4   0.10 19.7  6.099
KPMa1Ih  87 2026 05 18.1  11.1237 -27.2767 23.4 Updated May 22.38 UT             5   0.01 20.8  5.848
CEMVK32  55 2026 05 17.4  16.6144  +9.2918 21.6 Updated May 23.35 UT            47   9.02 20.1  2.493
P12neKs  35 2026 05 14.6  18.0831 +57.2051 19.9 Updated May 23.93 UT           152   9.35 15.1  0.030
