ST26E86  98 2026 05 15.4   3.6121 -23.3806 21.5 Updated May 15.58 UT             6   0.11 33.1  0.154
ZTF10Du 100 2026 05 15.3  14.5107 -21.7346 16.6 Added May 15.45 UT               4   0.03 26.1  0.313
ST26E84 100 2026 05 15.4  14.7070 +10.6948 19.9 Updated May 15.45 UT             4   0.03 24.4  0.166
TF26E97  98 2026 05 15.3  15.5647 -11.8833 19.1 Updated May 15.57 UT             4   0.12 27.4  0.159
ST26E76  98 2026 05 15.2  14.6432  +6.0126 20.4 Updated May 15.44 UT             6   0.20 30.7  0.173
ST26E75 100 2026 05 15.2  14.7271  -3.1279 18.7 Updated May 15.38 UT             4   0.01 25.6  0.375
6EE3C21 100 2026 05 15.2  15.5672 -22.8313 19.0 Updated May 15.44 UT            11   0.22 25.9  0.198
A11Cr0m 100 2026 05 15.0  16.0009 -52.3307 17.9 Updated May 15.37 UT            14   0.31 20.0  0.317
P12neKJ 100 2026 05 14.3  13.0180 -23.4381 20.9 Updated May 15.22 UT            10   0.88 20.3  0.396
P12neKs  97 2026 05 14.6  18.3442 +57.9613 20.4 Updated May 15.26 UT            10   0.48 15.2  0.557
P12nc1d 100 2026 05 14.5  16.9087  -5.1542 21.4 Updated May 15.33 UT            12   0.83 19.2  0.293
P12nc1c  96 2026 05 14.5  16.7936  -6.5452 21.8 Updated May 15.38 UT            21   0.90 20.1  0.230
RFD0300 100 2026 05 13.0  23.9467 -33.1031 24.9 Added May 14.52 UT               2   0.00 29.5  2.581
CEMAUH2 100 2026 05 14.4  16.3914  +0.0471 21.3 Updated May 14.46 UT             6   0.07 24.0  1.168
CEMAY32  79 2026 05 14.4  16.5439  +2.0697 20.4 Updated May 15.51 UT            37   1.08 23.8  0.139
ST26E61 100 2026 05 14.3  16.4475  +0.4491 21.8 Updated May 14.37 UT             6   0.05 28.7  1.245
ST26E57  98 2026 05 14.3  16.2537  -9.8648 19.3 Updated May 15.43 UT            12   1.14 28.0  0.194
ST26E52  76 2026 05 14.2  13.5424 +21.1379 20.3 Updated May 15.38 UT            28   1.01 26.1  0.354
MZ26075 100 2026 05 13.8  17.0646  +4.8850 20.0 Updated May 15.33 UT             3   0.01 25.5  1.788
A11CmCW 100 2026 05 13.3   5.6564 -74.0937 19.7 Updated May 15.33 UT             4   0.02 25.5  2.236
A11CmCS 100 2026 05 13.3  16.8283 -35.3344 19.6 Updated May 15.33 UT             4   0.04 25.5  2.295
OCA1642  84 2026 05 13.1  13.7453 -31.2439 19.4 Updated May 15.33 UT             3   0.02 13.1  2.483
A11Cmv6  84 2026 05 13.0   8.4336 -50.0264 19.0 Updated May 15.23 UT            19   2.04 19.1  0.520
CEM26R2  18 2026 05 12.4  16.5761 +15.3905 20.6 Updated May 15.33 UT            21   2.69 17.0  1.371
CEM1XD2  11 2026 05 12.3  14.4839 +17.3617 22.2 Updated May 15.17 UT            22   7.84 19.2  0.450
SO0005e 100 2026 05 11.7   0.1502  +6.0896 27.0 Updated May 14.35 UT             3   0.00 28.9  3.899
SO0005d 100 2026 05 11.7  19.1337 -24.4774 22.2 Updated May 14.34 UT             4   0.00 28.2  3.898
SO0005c 100 2026 05 11.7  22.7063 -29.4523 23.9 Updated May 14.34 UT             3   0.00 28.6  3.952
SO0005b 100 2026 05 11.6  22.9741  -8.2117 22.8 Updated May 14.34 UT             3   0.00 26.6  3.963
CELXZH2 100 2026 05 11.3  14.7345 +24.4023 22.2 Updated May 14.35 UT             3   0.01 25.0  4.262
6E94521  10 2026 05 10.4  19.7716 -66.0627 19.5 Updated May 15.42 UT            53   5.03 19.0  0.214
S001563  73 2026 05 07.0  12.9801 -27.1282 21.6 Updated May 14.34 UT             3   0.03 17.5  8.533
C1EUYV5  35 2026 04 27.5  17.2606 +18.8087 21.9 Updated May 15.51 UT            36 299.14 12.8  0.180
