ST26E34 100 2026 05 10.5  14.8736 +17.1864 20.5 Added May 10.70 UT               2   0.00 26.4  0.688
ST26E31  93 2026 05 10.4  14.2197  -4.4664 18.7 Updated May 11.06 UT            18   0.60 25.9  0.110
ZTF10Dp 100 2026 05 10.2  11.6358  +9.0409 18.3 Added May 10.57 UT               4   0.03 21.9  0.906
6E94521 100 2026 05 10.4  19.3553 -55.8119 18.2 Added May 10.41 UT               3   0.01 20.8  0.774
CELUGK2 100 2026 05 10.3  14.8034 +28.8257 21.5 Updated May 10.44 UT            11   0.10 23.4  0.713
ZTF10Do  98 2026 05 10.2  13.1872  -5.5701 18.4 Updated May 10.48 UT             6   0.23 26.6  0.689
CELU1Q2 100 2026 05 10.2  11.5817 +31.3578 22.5 Updated May 10.32 UT             7   0.11 25.8  0.838
ST26E24  98 2026 05 10.2   6.8886 -29.0466 19.9 Updated May 10.52 UT            13   0.29 29.1  0.673
ZTF10Dn 100 2026 05 09.3  16.7040 -12.6594 19.6 Added May 9.51 UT                4   0.04 26.9  1.813
XA9ttXA  89 2026 05 08.8  15.1328  +1.8138 22.4 Updated May 11.14 UT            11   2.36 21.1  0.030
ST26E18 100 2026 05 09.4  15.7445 -17.1755 21.2 Added May 9.37 UT                4   0.00 28.7  1.783
CELT2A2  82 2026 05 09.3  13.6161 +35.0296 20.4 Updated May 10.94 UT            32   1.66 21.5  0.210
CELT0C2  79 2026 05 09.2  12.7950 +42.4682 20.9 Updated May 11.05 UT            26   1.80 22.8  0.099
CELRZD2 100 2026 05 09.2  12.5556 +35.4603 21.9 Updated May 9.36 UT              8   0.10 22.8  1.801
TF26E23 100 2026 05 09.2  13.0367  -4.3240 17.4 Updated May 11.14 UT             2   0.00 19.6  1.932
ZTF10Dl 100 2026 05 08.3  18.6420 -15.5223 20.6 Updated May 10.31 UT             4   0.03 27.0  2.781
ST26E14 100 2026 05 08.4  13.3762  -3.4857 17.9 Updated May 10.31 UT             2   0.00 21.3  2.724
P22n0vC  26 2026 05 08.3  14.8188  +9.8714 22.3 Updated May 10.26 UT            22   1.91 19.8  0.902
CELLEH2  86 2026 05 08.3  15.8492 -16.2344 23.0 Updated May 10.22 UT            12   1.86 32.6  0.992
P22n0fQ  97 2026 05 07.4  15.0849  +9.9660 22.2 Updated May 9.34 UT              3   0.04 24.3  3.742
ZTF10Di 100 2026 05 07.4  22.1047 -10.9454 22.5 Updated May 9.34 UT              4   0.02 27.4  3.757
S001563  73 2026 05 07.0  12.9992 -26.9110 21.5 Updated May 9.33 UT              3   0.03 17.7  4.072
P22mZLU  93 2026 05 06.3  11.7766 -16.8507 20.9 Updated May 11.14 UT            10   1.71 20.6  3.168
A11BRI6  51 2026 05 03.0  10.7831 -39.8924 18.8 Updated May 10.91 UT            52   7.13 19.8  1.007
ZTF10Df  98 2026 05 02.2  10.4225  +1.4362 23.6 Updated May 9.33 UT              9   0.68 26.6  8.306
C1EUYV5  91 2026 04 27.5  17.3213 +18.5672 21.8 Updated May 10.33 UT            24  12.79 12.7  0.891
