ST26E47 100 2026 05 12.4  15.2626 -14.7096 18.4 Updated May 12.72 UT             4   0.01 23.7  0.466
P22n55t  38 2026 05 12.4  15.0411 -13.4573 21.4 Updated May 12.82 UT             8   4.22 19.5  0.356
P22n52K 100 2026 05 12.4  15.2108 -11.4650 21.1 Updated May 12.69 UT             6   0.10 24.1  0.355
P22n4V7 100 2026 05 12.4  14.4158 -20.0965 21.7 Updated May 12.68 UT             5   0.10 20.2  0.407
P22n4V6 100 2026 05 12.4  14.0163 -22.8551 21.7 Updated May 12.68 UT             6   0.10 21.5  0.408
P22n4V9  95 2026 05 12.4  14.4077 -16.2763 21.7 Updated May 12.69 UT             8   0.10 23.1  0.404
P22n4V8 100 2026 05 12.4  14.3577 -16.7464 21.2 Updated May 12.68 UT             6   0.09 25.7  0.404
CEM28F2 100 2026 05 12.4  17.5550 +16.1121 21.0 Updated May 12.47 UT             9   0.06 25.2  0.438
P22n4PE 100 2026 05 12.3  13.6990  -7.7331 20.2 Updated May 12.78 UT             8   0.16 25.9  0.460
P22n4PD 100 2026 05 12.4  13.8244  -9.5757 20.8 Updated May 12.68 UT             5   0.08 27.2  0.459
P22n4PC  69 2026 05 12.4  13.9720 -14.6914 20.6 Updated May 12.68 UT             5   0.08 20.2  0.463
P22n4PB  96 2026 05 12.3  13.6518 -10.0700 21.1 Updated May 12.68 UT             8   0.10 23.1  0.460
CEM26R2  67 2026 05 12.4  16.6251 +15.5258 20.6 Updated May 12.65 UT            10   0.22 16.9  0.289
C469P61  98 2026 05 12.4  16.2548  -5.7109 19.3 Updated May 12.78 UT            14   0.34 29.1  0.185
CEM1YU2  98 2026 05 12.3  15.1149  +9.5854 20.7 Updated May 12.43 UT            12   0.10 28.1  0.475
CEM20F2  98 2026 05 12.3  14.8314 +17.1752 22.1 Updated May 12.43 UT            12   0.10 27.0  0.471
CEM1XD2  75 2026 05 12.3  14.5408 +17.7371 22.0 Updated May 12.41 UT            11   0.11 17.1  0.485
ST26E41  98 2026 05 12.3  15.1294 -13.1096 18.8 Updated May 12.40 UT            12   0.11 28.7  0.507
CEM1R02 100 2026 05 12.3  13.6366 +16.9118 21.7 Updated May 12.42 UT            12   0.14 21.2  0.480
ST26E39 100 2026 05 12.2  12.7951 -21.7227 19.5 Updated May 12.26 UT            10   0.07 23.5  0.636
6EB3121 100 2026 05 12.0  10.3163 -10.7685 19.9 Updated May 12.18 UT             9   0.19 23.7  0.735
SO0005e 100 2026 05 11.7  22.2822 -14.9546 21.8 Added May 12.10 UT               3   0.00 28.8  1.188
SO0005d 100 2026 05 11.7  18.2441 -29.0906 19.6 Added May 12.10 UT               4   0.00 27.8  1.187
SO0005c 100 2026 05 11.7  20.6201 -36.3232 20.7 Added May 12.05 UT               3   0.00 28.5  1.241
SO0005b 100 2026 05 11.6  22.3163 -14.8503 19.9 Added May 12.04 UT               3   0.00 26.6  1.252
CELXZH2 100 2026 05 11.3  14.7845 +24.1143 22.7 Added May 11.37 UT               3   0.01 22.0  1.551
ST26E34 100 2026 05 10.5  14.8675 +18.1550 23.1 Updated May 12.32 UT             2   0.00 28.1  2.438
6E94521  84 2026 05 10.4  19.4833 -59.7339 19.5 Updated May 12.49 UT            28   2.04 19.0  0.496
XA9ttXA  77 2026 05 08.8  15.0965  +1.8925 22.5 Updated May 12.19 UT            16   3.41 21.8  0.731
ST26E18 100 2026 05 09.4  15.5022 -14.5548 23.3 Updated May 11.31 UT             4   0.00 30.1  3.533
CELRZD2 100 2026 05 09.2  12.4567 +36.4180 22.3 Updated May 12.32 UT             8   0.10 22.7  3.551
ZTF10Dl 100 2026 05 08.3  18.9536 -15.5202 21.6 Updated May 12.32 UT             4   0.03 26.9  4.531
ST26E14 100 2026 05 08.4  13.3388  -3.0935 18.2 Updated May 12.32 UT             2   0.00 19.8  4.474
P22n0fQ  97 2026 05 07.4  15.0765 +10.0741 22.7 Updated May 11.31 UT             3   0.04 24.4  5.492
S001563  73 2026 05 07.0  12.9924 -26.9945 21.6 Updated May 12.31 UT             3   0.03 18.9  5.822
A11BRI6  35 2026 05 03.0  11.1342 -38.9690 19.0 Updated May 12.68 UT            76   9.17 19.9  0.716
C1EUYV5  35 2026 04 27.5  17.2977 +18.6655 21.8 Updated May 12.54 UT            33  15.04 12.7  0.391
