P12nfxd  98 2026 05 25.6  17.8341 +16.2603 21.8 Updated May 25.79 UT             6   1.15 22.5  0.612
P12nfwU  96 2026 05 25.5  16.9117 +14.5057 21.7 Updated May 25.97 UT             8   8.14 23.3  0.667
C1F32J5 100 2026 05 25.4  17.2096 +12.8369 22.1 Added May 25.48 UT               4   0.02 25.7  0.728
C1F3245  75 2026 05 25.4  17.0187 +10.6288 22.9 Added May 25.48 UT               4   0.02 16.9  0.730
SJA1250 100 2026 05 24.9  16.8851 +61.5061 20.3 Added May 25.42 UT               3   0.03 17.5  1.232
C1F2X35  91 2026 05 25.4  16.3404  +1.3188 21.8 Updated May 26.18 UT            12   0.79 22.7  0.040
C1F2HL5 100 2026 05 25.4  16.3670 -11.5473 22.4 Updated May 25.43 UT             8   0.07 25.5  0.775
C1F2HK5 100 2026 05 25.4  16.1815 -11.7557 21.8 Updated May 25.43 UT             8   0.07 22.8  0.778
C1F1TD5 100 2026 05 25.3  15.6399  +4.2704 21.9 Added May 25.33 UT               4   0.02 27.4  0.874
C03UYWZ 100 2026 05 23.4  16.7445 +11.8205 22.4 Updated May 26.16 UT             7   2.00 23.1  0.758
A11CUyv 100 2026 05 24.1  17.5883 -56.9601 19.2 Updated May 26.12 UT            14   1.97 19.1  0.089
P12nfw2 100 2026 05 24.6  21.0481  -3.8105 21.4 Updated May 25.71 UT             5   1.00 19.3  0.606
NAOCLYL  85 2026 05 23.8  15.8999 -19.6283 21.6 Added May 24.59 UT               4   0.10 21.5  2.346
A11CQzo 100 2026 05 24.4  21.2910 -18.2579 20.0 Added May 24.51 UT               5   0.05 29.9  1.768
oKr0080 100 2026 05 23.9  23.4872 +18.5464 20.2 Added May 24.47 UT               3   0.00 15.5  2.312
C1F1535  87 2026 05 24.4  16.7577  +6.4652 22.4 Updated May 25.30 UT            11   0.87 23.3  0.917
C1F0TQ5  89 2026 05 24.4  15.8616  -8.1930 21.7 Updated May 25.39 UT            15   2.93 24.3  0.937
C1F0EU5  80 2026 05 24.3  15.4157 -10.0886 22.1 Updated May 26.15 UT            11   1.81 19.5  0.071
C1F0295  80 2026 05 24.3  15.3195  -7.1282 22.1 Updated May 26.10 UT            20   1.78 22.2  0.111
6EN3D21 100 2026 05 24.2  16.5064 -79.6557 18.7 Updated May 25.35 UT             3   0.01 21.1  1.967
C1EYPU5 100 2026 05 23.4  15.8601  +3.3150 22.9 Updated May 25.26 UT            11   1.87 24.2  0.953
C1EYD55  69 2026 05 23.3  15.7488 -13.4998 22.2 Updated May 25.35 UT            12   0.95 20.1  1.923
NAOCBPP  99 2026 05 20.7  14.8996 -20.7948 22.3 Updated May 25.35 UT             4   0.13 22.4  5.352
C46CD31 100 2026 05 21.4   1.5483  -2.9970 27.5 Updated May 25.35 UT             7   0.05 28.6  4.760
ST26ED1  98 2026 05 21.2   1.7265 -14.5422 28.0 Updated May 25.35 UT            20   0.16 30.2  4.818
ST26EC8  98 2026 05 20.4  21.8141 -30.9929 23.2 Updated May 25.35 UT             6   0.14 28.6  5.765
ST26EC7  98 2026 05 20.4   2.4793  -8.3892 30.2 Updated May 25.35 UT             6   0.11 30.3  5.772
P12nfaz  43 2026 05 20.3  13.2167 -27.5298 22.0 Updated May 24.34 UT            12   2.87 18.3  3.010
NAOCAN7 100 2026 05 17.7  15.2835 -21.9068 21.0 Updated May 24.34 UT             4   0.10 19.9  8.350
KPMa1Ih  87 2026 05 18.1  11.1258 -28.2267 23.5 Updated May 24.34 UT             5   0.01 20.8  8.100
CEMVK32  53 2026 05 17.4  16.4528  +8.2167 21.7 Updated May 24.42 UT            50  11.97 20.1  1.798
P12neKs  35 2026 05 14.6  18.0071 +56.8998 19.9 Updated May 25.03 UT           167  10.45 15.1  1.182
