TF26EE0 100 2026 05 20.5  16.5287  +8.5740 21.0 Updated May 20.74 UT             4   0.02 28.7  0.632
TF26ED8 100 2026 05 20.5  16.5981  +1.0639 18.3 Added May 20.66 UT               2   0.00 24.3  0.653
ST26EC8 100 2026 05 20.4  16.5842  -5.6046 18.4 Updated May 20.66 UT             4   0.02 27.1  0.679
ST26EC7 100 2026 05 20.4   1.6178  -7.6743 23.7 Updated May 20.60 UT             4   0.01 29.5  0.685
ST26EC5 100 2026 05 20.3  16.9238  -6.8907 19.0 Updated May 20.59 UT             4   0.03 24.6  0.778
P12nfgD  86 2026 05 20.4  15.9911  -7.2742 21.6 Updated May 20.69 UT             6   0.14 20.1  0.541
P12nffX  10 2026 05 20.5  16.3931 -20.7329 21.7 Updated May 20.69 UT             5   0.08 14.9  0.544
P12nfdO  94 2026 05 20.5  16.2633 -23.0891 21.8 Updated May 20.69 UT             5   0.09 28.9  0.545
P12nffV  69 2026 05 20.5  16.5067 -19.3238 20.6 Updated May 20.70 UT             6   0.09 18.0  0.542
P12nfdQ  98 2026 05 20.4  15.4554 -14.7421 19.5 Updated May 20.98 UT            13   0.53 28.1  0.141
P22nfcp 100 2026 05 20.4  16.9549  +4.2457 21.0 Updated May 21.05 UT            15   6.53 23.0  0.101
P22nfcS  83 2026 05 20.4  16.9147  +2.1294 20.6 Updated May 20.70 UT             7   0.16 17.4  0.537
P12nfck  98 2026 05 20.4  14.4155 -23.2315 19.1 Updated May 20.69 UT             6   0.11 26.1  0.626
P12nfaz  80 2026 05 20.3  13.2561 -28.4904 21.9 Updated May 20.70 UT             5   0.13 14.5  0.663
P22nfat  74 2026 05 20.4  16.2041 +21.3796 21.8 Updated May 20.69 UT             5   0.22 14.4  0.535
A11CGDH 100 2026 05 19.2  16.4523 -71.3599 18.8 Updated May 21.04 UT            13   1.72 21.9  0.176
A11CGDI  86 2026 05 19.2  17.2855 -44.0359 18.7 Updated May 20.63 UT            24   1.40 21.4  0.531
NAOCAN7 100 2026 05 17.7  15.2754 -21.7682 20.7 Updated May 20.34 UT             4   0.10 20.1  3.264
KPMa1Ih  87 2026 05 18.1  11.1275 -25.9848 23.2 Updated May 20.34 UT             5   0.01 20.8  3.013
A11CDyX  81 2026 05 18.0  10.9392 -31.4666 19.6 Updated May 20.78 UT            22   2.72 20.6  0.345
CEMVK32  55 2026 05 17.4  16.8335 +10.6566 21.6 Updated May 20.52 UT            41   7.48 20.1  1.203
ST26E75  98 2026 05 15.2   2.5358 -20.4106 28.0 Updated May 20.34 UT             7   0.09 28.6  5.795
P12neKs  35 2026 05 14.6  18.1760 +57.5256 20.0 Updated May 21.05 UT           106   6.45 15.2  0.093
