C1EYRR5 100 2026 05 23.4  15.8608  +3.0529 22.6 Updated May 23.48 UT            10   0.09 25.3  0.236
C1EYQL5 100 2026 05 23.4  15.9043  +1.8260 22.3 Updated May 23.48 UT             7   0.09 24.2  0.232
C1EYPU5  97 2026 05 23.4  15.8172  +2.9055 22.9 Updated May 23.49 UT             6   0.07 22.4  0.251
C1EYPT5 100 2026 05 23.4  15.8339  +2.7168 21.7 Updated May 23.46 UT            12   0.08 24.1  0.239
C46CN51 100 2026 05 23.4  17.3097 +22.9482 19.5 Updated May 23.46 UT            12   0.07 24.4  0.240
C1EYD55  66 2026 05 23.3  15.8234 -12.9145 22.1 Updated May 23.41 UT            10   0.06 19.4  0.310
C1EXH55 100 2026 05 23.3  13.9601  +4.9384 22.3 Updated May 23.37 UT            10   0.08 23.3  0.338
CENZ0T2  98 2026 05 23.3  15.9998 +59.6964 21.0 Updated May 23.37 UT            12   0.11 26.1  0.333
6EM3521 100 2026 05 23.1  13.1980 -12.9380 20.4 Updated May 23.51 UT            11   0.45 22.7  0.195
SO0006A 100 2026 05 22.7  22.4851 -36.6955 19.5 Added May 22.70 UT               4   0.01 23.9  1.014
NAOCBPP  99 2026 05 20.7  14.8631 -19.2009 22.1 Updated May 22.70 UT             4   0.13 22.4  2.851
8N2S001  91 2026 05 22.0  17.5890 +10.8333 19.4 Updated May 23.42 UT            21   1.38 22.7  0.280
CZYNHKZ 100 2026 05 14.4  16.3758  +2.3565 21.7 Updated May 23.35 UT             4   0.02 22.7  9.314
C46CD31 100 2026 05 21.4   0.9897  -3.7206 25.3 Updated May 23.35 UT             7   0.05 28.6  2.258
ST26ED1  98 2026 05 21.2   1.4833 -15.4359 26.1 Updated May 23.35 UT            20   0.16 30.2  2.316
TF26EE0 100 2026 05 20.5  16.3811  +8.8161 23.7 Updated May 22.38 UT             4   0.02 28.7  3.217
ST26EC8  98 2026 05 20.4  20.5351 -29.1722 21.6 Updated May 23.35 UT             6   0.14 28.6  3.264
ST26EC7  98 2026 05 20.4   2.4170  -8.4016 29.2 Updated May 23.35 UT             6   0.11 30.3  3.270
ST26EC5 100 2026 05 20.3  15.5735 -16.5829 19.9 Updated May 22.38 UT             4   0.03 24.9  3.362
P12nffX  10 2026 05 20.5  16.3468 -20.9777 21.7 Updated May 22.44 UT            15   7.94 19.3  1.304
P12nfaz  38 2026 05 20.3  13.2346 -28.0019 22.0 Updated May 23.25 UT            12   2.87 18.4  0.509
NAOCAN7 100 2026 05 17.7  15.2782 -21.8376 20.8 Updated May 22.38 UT             4   0.10 19.7  5.849
KPMa1Ih  87 2026 05 18.1  11.1237 -27.1659 23.3 Updated May 22.38 UT             5   0.01 20.8  5.598
CEMVK32  55 2026 05 17.4  16.6331  +9.4119 21.6 Updated May 23.35 UT            47   9.02 20.1  2.243
P12neKs  35 2026 05 14.6  18.0914 +57.2362 20.0 Updated May 23.50 UT           149   8.88 15.1  0.249
