W2nCdO   81 2026 07 07.4  19.0621 -23.9969 23.2 Updated July 8.05 UT            11  17.03 26.6  0.794
A11EpRZ 100 2026 07 07.9  19.6913 -57.3907 19.2 Updated July 8.07 UT             6   0.07 21.8  0.242
C46H4Z1  86 2026 07 07.4  18.1680 +42.8101 19.9 Updated July 8.18 UT            20   0.77 27.2  0.085
CEQJ2D2  98 2026 07 07.3  17.3601 +26.2148 21.0 Updated July 8.21 UT            13   0.88 24.5  0.030
ST26G01  98 2026 07 07.2  18.0447 -32.5099 19.1 Updated July 7.36 UT            14   0.10 27.0  0.884
P12nTOm  85 2026 07 06.5  20.4681  -0.5887 21.6 Updated July 7.49 UT            17   0.91 19.9  0.790
P22nTOi 100 2026 07 06.5  20.8260  +6.3653 21.0 Updated July 7.69 UT            15   0.91 23.6  0.787
P22nTNT  10 2026 07 06.5  18.3340 +18.4732 20.8 Updated July 7.32 UT            13   0.84 18.7  0.940
P22nTLB  28 2026 07 06.3  17.7456  +8.6485 22.2 Updated July 8.15 UT            15   1.83 19.6  0.096
8N8R001 100 2026 07 05.9   5.2555  -1.0119 28.8 Updated July 7.23 UT             3   0.01 29.9  2.318
A11EfSk  86 2026 07 05.0  20.7583 -40.2352 18.3 Updated July 8.14 UT            21   2.91 21.5  0.303
MAS0006  35 2026 06 19.3  18.3822 +23.8442 20.1 Updated July 7.88 UT           112  17.75  9.1  1.186
CEQCZT2  84 2026 06 27.4  22.4267  +3.0935 20.8 Updated July 7.41 UT            37   9.97 20.6  0.823
OMO0297  89 2026 06 25.8  23.5585  +3.6180 22.0 Updated July 7.23 UT             8   4.31 20.2  8.101
P22nJzF  99 2026 06 22.5  22.5613 +19.0984 21.5 Updated July 7.23 UT            22  12.00 14.0 11.686
