P22nfcp 100 2026 05 20.4  16.9327  +3.3465 20.8 Added May 20.48 UT               3   0.03 21.4  0.035
P22nfcS  85 2026 05 20.4  16.9212  +2.2777 20.5 Added May 20.48 UT               3   0.03 17.5  0.035
P12nfck 100 2026 05 20.4  14.1376 -27.1909 19.4 Updated May 20.47 UT             3   0.03 24.1  0.083
P12nfaz  92 2026 05 20.3  13.2624 -28.6076 21.7 Added May 20.44 UT               3   0.03 18.8  0.135
P22nfat  86 2026 05 20.4  16.2152 +21.3054 21.6 Added May 20.44 UT               3   0.04 19.3  0.095
P22nfau  68 2026 05 20.4  16.7784 +17.0400 21.3 Updated May 20.48 UT             8   7.83 19.0  0.090
P22nfad 100 2026 05 20.4  16.9738 +20.5837 21.0 Updated May 20.43 UT             3   0.03 23.5  0.101
ST26EB8  91 2026 05 19.4  16.8704 +11.8521 20.2 Updated May 20.42 UT            22   0.95 25.9  0.088
CEN5QX2  93 2026 05 19.4  16.1764 -14.9825 20.5 Updated May 20.42 UT            19   1.02 25.3  0.074
A11CGDH 100 2026 05 19.2  16.3561 -71.8907 19.1 Updated May 20.02 UT             7   0.76 22.0  0.510
A11CGDI  96 2026 05 19.2  17.2035 -44.8817 18.8 Updated May 20.26 UT            21   0.88 21.5  0.424
NAOCAN7 100 2026 05 17.7  15.2747 -21.7516 20.7 Updated May 20.34 UT             4   0.10 20.1  2.639
KPMa1Ih  87 2026 05 18.1  11.1294 -25.6899 23.2 Updated May 20.34 UT             5   0.01 20.8  2.388
A11CDyX  83 2026 05 18.0  10.9011 -31.9455 19.6 Updated May 20.30 UT            19   1.92 20.6  0.518
CEMVK32  57 2026 05 17.4  16.8840 +10.9572 21.6 Updated May 19.63 UT            38   7.00 20.1  1.056
A11Cvk7 100 2026 05 16.9  13.1845 -70.9686 19.8 Updated May 20.34 UT             4   0.03 22.4  3.562
CEMRK82  84 2026 05 16.5  21.6283 -10.5092 21.5 Updated May 20.34 UT             3   0.01 17.4  4.026
A11Cswo 100 2026 05 16.0  17.0947 -22.9364 18.5 Updated May 20.34 UT             4   0.02 21.9  4.488
ST26E75  98 2026 05 15.2   2.5314 -20.8166 27.7 Updated May 20.34 UT             7   0.09 28.6  5.170
P12neKs  35 2026 05 14.6  18.1959 +57.5871 20.0 Updated May 20.37 UT           101   5.47 15.2  0.445
CEMAUH2 100 2026 05 14.4  15.8147 -18.1214 21.1 Updated May 20.34 UT             6   0.07 23.9  6.047
