CEP5YT2 100 2026 05 27.2  14.1920 +38.3311 21.3 Added May 27.31 UT               3   0.02 20.8  0.066
A11CWPw 100 2026 05 26.6  21.9157 -17.4307 18.0 Added May 26.81 UT               4   0.02 28.7  0.747
P12nfxy  96 2026 05 26.6  17.4981  +4.4256 20.8 Updated May 27.30 UT             9   0.90 24.5  0.034
CEP5WY2  96 2026 05 26.4  18.9392 +40.7114 20.5 Updated May 27.03 UT            18   1.59 21.9  0.306
CEP5WU2  98 2026 05 26.4  17.8571 +48.6907 21.2 Updated May 27.11 UT            13   3.78 26.3  0.299
C1F4195 100 2026 05 26.4  16.1253  +8.9108 22.3 Updated May 26.45 UT             7   0.07 27.6  0.874
C1F4075 100 2026 05 26.4  16.0509 +26.5334 22.2 Updated May 26.48 UT             8   0.11 24.9  0.852
P12nfxd  96 2026 05 25.6  17.8159 +16.7578 21.9 Updated May 26.45 UT            14   2.00 22.6  0.889
C1F32J5 100 2026 05 25.4  17.1926 +15.2149 22.0 Updated May 26.31 UT             7   0.85 23.5  1.026
C1F3245  43 2026 05 25.4  16.9948 +10.5305 22.6 Updated May 26.78 UT            11   1.00 20.2  0.878
SJA1250 100 2026 05 24.9  16.8129 +61.0561 20.3 Added May 25.42 UT               3   0.03 17.5  2.357
C1F2HL5 100 2026 05 25.4  16.5092 -11.8482 22.4 Updated May 25.43 UT             8   0.07 25.5  1.900
C1F1TD5 100 2026 05 25.3  15.8083  +4.5881 24.3 Updated May 26.35 UT             4   0.02 33.6  1.999
C03UYWZ 100 2026 05 23.4  16.7321 +13.8287 22.3 Updated May 27.18 UT             9   2.98 23.2  0.901
A11CUyv 100 2026 05 24.1  17.5616 -55.9027 19.2 Updated May 26.35 UT            17   1.97 19.1  1.214
P12nfw2 100 2026 05 24.6  21.1116  -3.3509 21.7 Updated May 26.34 UT             8   1.73 20.3  1.005
NAOCLYL  85 2026 05 23.8  15.9049 -18.5684 21.7 Updated May 26.35 UT             4   0.10 21.7  3.471
A11CQzo 100 2026 05 24.4  21.9715 -16.9787 21.1 Updated May 26.35 UT             5   0.05 29.8  2.893
oKr0080 100 2026 05 23.9  23.4920 +18.5740 20.2 Updated May 26.34 UT             3   0.00 17.1  3.437
C1F1535  97 2026 05 24.4  16.7579  +6.7802 22.4 Updated May 26.35 UT            11   0.87 23.3  2.042
C1F0EU5  85 2026 05 24.3  15.3928 -10.0904 22.0 Updated May 26.33 UT            13   1.97 20.0  1.039
C1F0295  90 2026 05 24.3  15.2984  -6.9009 22.1 Updated May 26.10 UT            20   1.78 22.2  1.236
6EN3D21 100 2026 05 24.2  16.2999 -80.2899 18.5 Updated May 25.35 UT             3   0.01 21.1  3.092
C1EYPU5 100 2026 05 23.4  15.8795  +3.4732 22.8 Updated May 26.35 UT            11   1.87 24.1  2.078
NAOCBPP  99 2026 05 20.7  14.9166 -21.4816 22.3 Updated May 25.35 UT             4   0.13 22.4  6.477
ST26EC8  98 2026 05 20.4  22.0823 -31.0152 23.7 Updated May 25.35 UT             6   0.14 28.6  6.890
P12nfaz  43 2026 05 20.3  13.2097 -27.3183 22.0 Updated May 26.35 UT            12   2.87 18.3  4.135
NAOCAN7 100 2026 05 17.7  15.2882 -21.9403 21.0 Updated May 26.35 UT             4   0.10 19.7  9.475
KPMa1Ih  87 2026 05 18.1  11.1284 -28.7663 23.5 Updated May 26.35 UT             5   0.01 20.9  9.225
CEMVK32  53 2026 05 17.4  16.3762  +7.6857 21.8 Updated May 26.27 UT            52  11.97 20.1  2.923
