A11CWPw 100 2026 05 26.6  21.7849 -18.2212 18.0 Added May 26.81 UT               4   0.02 28.7  0.622
P12nfxy 100 2026 05 26.6  17.5113  +4.6059 20.5 Updated May 26.96 UT             6   0.55 24.2  0.259
CEP5WY2  96 2026 05 26.4  18.9474 +40.7162 20.6 Updated May 27.03 UT            18   1.59 21.9  0.181
CEP5WU2  98 2026 05 26.4  17.7993 +48.9014 21.2 Updated May 27.11 UT            13   3.78 26.3  0.174
C1F4195 100 2026 05 26.4  16.1228  +8.7277 22.3 Updated May 26.45 UT             7   0.07 27.6  0.749
C1F4075 100 2026 05 26.4  16.0504 +26.7307 22.2 Updated May 26.48 UT             8   0.11 24.9  0.727
P12nfxd  96 2026 05 25.6  17.8179 +16.7040 21.9 Updated May 26.45 UT            14   2.00 22.6  0.764
C1F32J5 100 2026 05 25.4  17.1941 +14.9629 22.0 Updated May 26.31 UT             7   0.85 23.5  0.901
C1F3245  43 2026 05 25.4  16.9975 +10.5418 22.6 Updated May 26.78 UT            11   1.00 20.2  0.753
SJA1250 100 2026 05 24.9  16.8208 +61.1069 20.3 Added May 25.42 UT               3   0.03 17.5  2.232
C1F2HL5 100 2026 05 25.4  16.4933 -11.8150 22.4 Updated May 25.43 UT             8   0.07 25.5  1.775
C1F1TD5 100 2026 05 25.3  15.8008  +4.6071 24.2 Updated May 26.35 UT             4   0.02 33.6  1.874
C03UYWZ 100 2026 05 23.4  16.7335 +13.6059 22.3 Updated May 27.18 UT             9   2.98 23.2  0.776
A11CUyv 100 2026 05 24.1  17.5645 -56.0213 19.2 Updated May 26.35 UT            17   1.97 19.1  1.089
P12nfw2 100 2026 05 24.6  21.1045  -3.4025 21.7 Updated May 26.34 UT             8   1.73 20.3  0.880
NAOCLYL  85 2026 05 23.8  15.9044 -18.6878 21.7 Updated May 26.35 UT             4   0.10 21.7  3.346
A11CQzo 100 2026 05 24.4  21.9218 -17.0914 21.0 Updated May 26.35 UT             5   0.05 29.8  2.768
oKr0080 100 2026 05 23.9  23.4916 +18.5707 20.2 Updated May 26.34 UT             3   0.00 17.1  3.312
C1F1535  97 2026 05 24.4  16.7579  +6.7452 22.4 Updated May 26.35 UT            11   0.87 23.3  1.917
C1F0EU5  80 2026 05 24.3  15.3954 -10.0900 22.0 Updated May 26.33 UT            13   1.97 20.0  0.914
C1F0295  90 2026 05 24.3  15.3007  -6.9261 22.1 Updated May 26.10 UT            20   1.78 22.2  1.111
6EN3D21 100 2026 05 24.2  16.3264 -80.2156 18.5 Updated May 25.35 UT             3   0.01 21.1  2.967
C1EYPU5 100 2026 05 23.4  15.8773  +3.4564 22.8 Updated May 26.35 UT            11   1.87 24.1  1.953
NAOCBPP  99 2026 05 20.7  14.9147 -21.4061 22.3 Updated May 25.35 UT             4   0.13 22.4  6.352
ST26EC8  98 2026 05 20.4  22.0572 -31.0183 23.7 Updated May 25.35 UT             6   0.14 28.6  6.765
P12nfaz  43 2026 05 20.3  13.2105 -27.3418 22.0 Updated May 26.35 UT            12   2.87 18.3  4.010
NAOCAN7 100 2026 05 17.7  15.2879 -21.9372 21.0 Updated May 26.35 UT             4   0.10 19.7  9.350
KPMa1Ih  87 2026 05 18.1  11.1281 -28.7139 23.5 Updated May 26.35 UT             5   0.01 20.9  9.100
CEMVK32  53 2026 05 17.4  16.3846  +7.7444 21.7 Updated May 26.27 UT            52  11.97 20.1  2.798
