C46D641 100 2026 05 27.3  14.5278 +22.4958 20.4 Added May 27.47 UT               4   0.01 20.7  0.826
C1F44U5 100 2026 05 27.3  16.1588 +42.2804 21.7 Updated May 27.45 UT             8   0.11 25.0  0.724
CEP5YT2 100 2026 05 27.2  14.2489 +38.1998 21.8 Updated May 27.32 UT             7   0.05 21.5  0.862
A11CWPw 100 2026 05 26.6  22.9137 -10.5917 18.3 Added May 26.81 UT               4   0.02 28.7  1.584
C1F4195 100 2026 05 26.4  16.1403 +10.0060 22.5 Updated May 26.45 UT             7   0.07 27.6  1.711
P12nfxd 100 2026 05 25.6  17.8021 +17.1055 21.9 Updated May 26.45 UT            14   2.00 22.6  1.725
C1F32J5 100 2026 05 25.4  17.1829 +16.8842 22.0 Updated May 27.70 UT            11   1.88 23.6  0.826
C1F3245  48 2026 05 25.4  16.9764 +10.4517 22.6 Updated May 26.78 UT            11   1.00 20.2  1.714
SJA1250 100 2026 05 24.9  16.7618 +60.7002 20.2 Updated May 27.36 UT             3   0.03 17.1  3.193
C1F2HL5 100 2026 05 25.4  16.6081 -12.0513 22.4 Updated May 27.35 UT             8   0.07 26.0  2.736
C1F1TD5 100 2026 05 25.3  15.8464  +4.4857 24.8 Updated May 26.35 UT             4   0.02 33.6  2.835
C03UYWZ  98 2026 05 23.4  16.7225 +15.3168 22.2 Updated May 27.70 UT            13   5.98 23.1  1.737
P12nfw2  95 2026 05 24.6  21.1593  -3.0039 21.7 Updated May 27.69 UT            14   3.01 20.3  0.558
NAOCLYL  85 2026 05 23.8  15.9085 -17.7778 21.8 Updated May 26.35 UT             4   0.10 21.7  4.307
A11CQzo 100 2026 05 24.4  22.2206 -16.3700 21.8 Updated May 26.35 UT             5   0.05 29.8  3.729
oKr0080 100 2026 05 23.9  23.4948 +18.6049 20.4 Updated May 27.35 UT             3   0.00 18.0  4.274
C1F1535  97 2026 05 24.4  16.7580  +7.0148 22.3 Updated May 26.35 UT            11   0.87 23.3  2.878
6EN3D21 100 2026 05 24.2  16.1414 -80.5109 18.7 Updated May 27.35 UT             3   0.01 20.4  3.928
C1EYPU5 100 2026 05 23.4  15.8940  +3.5805 22.8 Updated May 26.35 UT            11   1.87 24.1  2.915
NAOCBPP  99 2026 05 20.7  14.9297 -21.9776 22.3 Updated May 27.35 UT             4   0.13 22.3  7.313
ST26EC8  98 2026 05 20.4  22.2195 -30.9727 24.0 Updated May 27.35 UT             6   0.14 28.6  7.727
P12nfaz  43 2026 05 20.3  13.2050 -27.1617 22.0 Updated May 26.35 UT            12   2.87 18.3  4.971
NAOCAN7 100 2026 05 17.7  15.2905 -21.9609 21.0 Updated May 26.35 UT             4   0.10 19.7 10.311
KPMa1Ih  87 2026 05 18.1  11.1311 -29.1138 23.5 Updated May 26.35 UT             5   0.01 20.9 10.061
CEMVK32  51 2026 05 17.4  16.3211  +7.2945 21.8 Updated May 27.66 UT            59  13.11 20.1  2.622
