ST26E50  98 2026 05 13.2  14.5505  -3.4703 19.7 Updated May 13.45 UT            10   0.19 26.7  0.038
A11Cmv6 100 2026 05 13.0   8.7087 -50.9058 19.1 Added May 13.18 UT               4   0.02 18.7  0.416
ST26E47  91 2026 05 12.4  15.0962 -20.1399 19.1 Updated May 13.33 UT            17   0.91 25.0  0.157
P22n55t  36 2026 05 12.4  15.0239 -13.5623 21.4 Updated May 13.34 UT            11   5.01 19.8  0.151
P22n52K  79 2026 05 12.4  15.1768 -11.7193 21.2 Updated May 13.39 UT            17   5.02 25.0  0.120
P22n4V7 100 2026 05 12.4  14.3978 -19.8897 21.8 Updated May 13.34 UT            12   0.95 21.1  0.147
P22n4V6  91 2026 05 12.4  13.9830 -22.9027 21.6 Updated May 13.32 UT            16   0.93 23.5  0.170
P22n4V9  88 2026 05 12.4  14.4221 -15.6779 21.8 Updated May 13.47 UT            14   1.04 24.7  0.050
CEM28F2 100 2026 05 12.4  17.7711 +17.5467 21.0 Updated May 13.37 UT            15   0.97 25.1  0.113
P22n4PC  67 2026 05 12.4  13.9706 -14.2345 20.7 Updated May 13.03 UT             8   0.65 21.2  0.471
P22n4PB  72 2026 05 12.3  13.6705  -9.5303 21.1 Updated May 13.33 UT            19  25.87 24.0  0.173
CEM26R2  25 2026 05 12.4  16.6148 +15.5005 20.6 Updated May 13.26 UT            16   1.45 17.0  0.489
CEM1XD2 100 2026 05 12.3  14.5282 +17.6618 22.1 Updated May 12.41 UT            11   0.11 17.1  1.070
CEM1R02  91 2026 05 12.3  13.5926 +16.9369 21.7 Updated May 13.19 UT            18   0.89 22.1  0.308
6EB3121  81 2026 05 12.0  10.3510 -13.6854 20.0 Updated May 13.28 UT            19   1.16 23.9  0.342
SO0005e 100 2026 05 11.7  23.7023  +0.9283 24.6 Updated May 13.34 UT             3   0.00 28.9  1.773
SO0005d 100 2026 05 11.7  18.5574 -27.6828 20.5 Updated May 13.34 UT             4   0.00 28.3  1.772
SO0005c 100 2026 05 11.7  21.9367 -33.0466 22.0 Updated May 13.34 UT             3   0.00 28.3  1.826
SO0005b 100 2026 05 11.6  22.4493 -13.5196 20.9 Updated May 13.33 UT             3   0.00 26.7  1.837
CELXZH2 100 2026 05 11.3  14.7749 +24.1748 22.6 Updated May 13.34 UT             3   0.01 22.1  2.136
ST26E34 100 2026 05 10.5  14.8640 +18.3259 23.6 Updated May 13.34 UT             2   0.00 28.1  3.023
6E94521  84 2026 05 10.4  19.5368 -61.1068 19.6 Updated May 13.15 UT            31   2.77 19.1  0.352
XA9ttXA  75 2026 05 08.8  15.0842  +1.9147 22.5 Updated May 13.17 UT            19   4.39 21.8  0.334
ST26E18 100 2026 05 09.4  15.4968 -14.4098 23.7 Updated May 13.34 UT             4   0.00 30.3  4.118
CELRZD2 100 2026 05 09.2  12.4282 +36.6926 22.4 Updated May 13.33 UT             8   0.10 22.9  4.136
ZTF10Dl 100 2026 05 08.3  19.0314 -15.5042 21.8 Updated May 13.34 UT             4   0.03 26.9  5.115
ST26E14 100 2026 05 08.4  13.3277  -2.9530 18.5 Updated May 13.34 UT             2   0.00 17.6  5.059
P22n0fQ  97 2026 05 07.4  15.0326 +10.6503 21.7 Updated May 13.34 UT             3   0.04 23.4  6.076
S001563  73 2026 05 07.0  12.9907 -27.0149 21.5 Updated May 13.34 UT             3   0.03 18.4  6.407
A11BRI6  35 2026 05 03.0  11.2355 -38.6556 19.1 Updated May 13.46 UT            81  10.09 19.9  0.381
C1EUYV5  35 2026 04 27.5  17.2898 +18.6973 21.8 Updated May 12.54 UT            33  15.04 12.7  0.976
