C46D641 100 2026 05 27.3  14.5748 +22.5580 20.4 Added May 27.47 UT               4   0.01 20.7  0.157
C1F44U5  98 2026 05 27.3  16.0314 +43.0594 21.7 Updated May 27.45 UT             8   0.11 25.0  0.055
CEP5YT2 100 2026 05 27.2  14.2036 +38.3045 21.7 Updated May 27.32 UT             7   0.05 21.5  0.193
A11CWPw 100 2026 05 26.6  22.0979 -16.2855 18.0 Added May 26.81 UT               4   0.02 28.7  0.914
P12nfxy 100 2026 05 26.6  17.4806  +4.1848 20.8 Updated May 27.30 UT             9   0.90 24.5  0.201
C1F4195 100 2026 05 26.4  16.1285  +9.1464 22.4 Updated May 26.45 UT             7   0.07 27.6  1.041
C1F4075 100 2026 05 26.4  16.0528 +26.3401 22.2 Updated May 27.43 UT            11   1.05 25.2  0.084
P12nfxd 100 2026 05 25.6  17.8132 +16.8287 21.9 Updated May 26.45 UT            14   2.00 22.6  1.056
C1F32J5 100 2026 05 25.4  17.1907 +15.5468 22.1 Updated May 27.37 UT             9   1.88 23.7  0.156
C1F3245  48 2026 05 25.4  16.9911 +10.5153 22.6 Updated May 26.78 UT            11   1.00 20.2  1.045
SJA1250 100 2026 05 24.9  16.8033 +60.9803 20.2 Updated May 27.36 UT             3   0.03 17.1  2.523
C1F2HL5 100 2026 05 25.4  16.5264 -11.8823 22.4 Updated May 27.35 UT             8   0.07 26.0  2.067
C1F1TD5 100 2026 05 25.3  15.8174  +4.5645 24.4 Updated May 26.35 UT             4   0.02 33.6  2.165
C03UYWZ 100 2026 05 23.4  16.7302 +14.1257 22.3 Updated May 27.18 UT             9   2.98 23.2  1.067
P12nfw2  95 2026 05 24.6  21.1211  -3.2819 21.7 Updated May 27.46 UT            12   2.86 20.4  0.038
NAOCLYL  85 2026 05 23.8  15.9056 -18.4097 21.8 Updated May 26.35 UT             4   0.10 21.7  3.638
A11CQzo 100 2026 05 24.4  22.0317 -16.8384 21.3 Updated May 26.35 UT             5   0.05 29.8  3.059
oKr0080 100 2026 05 23.9  23.4925 +18.5864 20.4 Updated May 27.35 UT             3   0.00 18.0  3.604
C1F1535  97 2026 05 24.4  16.7580  +6.8270 22.3 Updated May 26.35 UT            11   0.87 23.3  2.208
C1F0EU5  85 2026 05 24.3  15.3895 -10.0909 22.0 Updated May 27.36 UT            13   1.97 19.9  1.206
C1F0295  90 2026 05 24.3  15.2952  -6.8676 22.1 Updated May 27.35 UT            20   1.78 22.2  1.402
6EN3D21 100 2026 05 24.2  16.2778 -80.1982 18.8 Updated May 27.35 UT             3   0.01 20.4  3.259
C1EYPU5 100 2026 05 23.4  15.8824  +3.4953 22.8 Updated May 26.35 UT            11   1.87 24.1  2.245
NAOCBPP  99 2026 05 20.7  14.9193 -21.5787 22.3 Updated May 27.35 UT             4   0.13 22.3  6.644
ST26EC8  98 2026 05 20.4  22.1058 -31.0044 23.8 Updated May 27.35 UT             6   0.14 28.6  7.057
P12nfaz  43 2026 05 20.3  13.2088 -27.2871 22.0 Updated May 26.35 UT            12   2.87 18.3  4.302
NAOCAN7 100 2026 05 17.7  15.2886 -21.9444 21.0 Updated May 26.35 UT             4   0.10 19.7  9.642
KPMa1Ih  87 2026 05 18.1  11.1289 -28.8360 23.5 Updated May 26.35 UT             5   0.01 20.9  9.391
CEMVK32  53 2026 05 17.4  16.3651  +7.6075 21.8 Updated May 27.35 UT            52  11.97 20.1  3.089
