CEP5YT2 100 2026 05 27.2  14.3152 +38.1233 21.3 Updated May 28.19 UT            11   0.93 25.0  0.484
A11CWPw 100 2026 05 26.6   1.1910  +8.1403 20.0 Updated May 28.36 UT             4   0.02 28.8  2.084
C1F4195 100 2026 05 26.4  16.1486 +10.5754 22.8 Updated May 28.36 UT             7   0.07 27.7  2.211
P12nfxd 100 2026 05 25.6  17.7939 +17.3039 21.9 Updated May 28.36 UT            14   2.00 22.6  2.225
C1F32J5 100 2026 05 25.4  17.1768 +17.8750 22.0 Updated May 27.70 UT            11   1.88 23.6  1.326
C1F3245  48 2026 05 25.4  16.9653 +10.4019 22.7 Updated May 28.36 UT            11   1.00 20.3  2.214
SJA1250 100 2026 05 24.9  16.7313 +60.4868 20.2 Updated May 27.36 UT             3   0.03 17.1  3.693
C1F2HL5 100 2026 05 25.4  16.6752 -12.1902 22.4 Updated May 28.36 UT             8   0.07 25.5  3.236
C1F1TD5 100 2026 05 25.3  15.8284  +4.5377 25.5 Updated May 28.36 UT             4   0.02 33.9  3.335
C03UYWZ  98 2026 05 23.4  16.7166 +16.2044 22.2 Updated May 27.70 UT            13   5.98 23.1  2.237
P12nfw2 100 2026 05 24.6  21.1880  -2.7950 21.7 Updated May 27.69 UT            14   3.01 20.3  1.058
NAOCLYL  85 2026 05 23.8  15.9105 -17.3316 21.9 Updated May 28.36 UT             4   0.10 21.5  4.807
A11CQzo 100 2026 05 24.4  22.3148 -16.1454 22.1 Updated May 28.36 UT             5   0.05 29.8  4.229
oKr0080 100 2026 05 23.9  23.4960 +18.6148 20.4 Updated May 28.36 UT             3   0.00 17.8  4.774
C1F1535  97 2026 05 24.4  16.7580  +7.1553 22.3 Updated May 28.36 UT            11   0.87 23.3  3.378
6EN3D21 100 2026 05 24.2  16.0967 -80.5460 18.9 Updated May 28.36 UT             3   0.01 18.8  4.428
C1EYPU5 100 2026 05 23.4  15.9027  +3.6404 22.9 Updated May 28.37 UT            11   1.87 24.1  3.415
NAOCBPP  99 2026 05 20.7  14.9372 -22.2723 22.4 Updated May 28.36 UT             4   0.13 22.4  7.813
ST26EC8  98 2026 05 20.4  22.2858 -30.9354 24.1 Updated May 28.36 UT             6   0.14 28.6  8.227
P12nfaz  43 2026 05 20.3  13.2024 -27.0685 22.1 Updated May 28.36 UT            12   2.87 18.4  5.471
NAOCAN7 100 2026 05 17.7  15.2910 -21.9701 21.2 Updated May 28.37 UT             4   0.10 20.1 10.811
KPMa1Ih  87 2026 05 18.1  11.1325 -29.2424 23.5 Updated May 28.36 UT             5   0.01 20.8 10.561
CEMVK32  51 2026 05 17.4  16.2889  +7.0622 21.8 Updated May 27.66 UT            59  13.11 20.1  3.122
