P22nf7J 100 2026 05 17.6  16.4034 +32.9195 21.3 Added May 17.77 UT               3   0.04 19.5  0.591
P22nf7G 100 2026 05 17.6  16.1999 +34.6434 22.1 Added May 17.77 UT               4   0.04 22.8  0.591
P22nf3F  64 2026 05 17.5  17.5993 +36.9691 21.6 Updated May 17.78 UT             6   0.12 17.1  0.581
CEMVK32 100 2026 05 17.4  17.0761 +12.0532 21.7 Updated May 18.08 UT            22   5.54 20.3  0.223
A11Cvk7 100 2026 05 16.9  13.7881 -72.7560 19.6 Added May 16.99 UT               4   0.03 21.5  1.267
CEMRK82  84 2026 05 16.5  21.5633 -10.0450 21.6 Added May 16.49 UT               3   0.01 17.7  1.732
A11Cswo 100 2026 05 16.0  17.2012 -23.3885 18.4 Updated May 17.33 UT             4   0.02 22.1  2.194
ZTF10Du 100 2026 05 15.3  16.8938 -36.4317 19.4 Updated May 17.33 UT             4   0.03 26.4  2.898
ST26E84  98 2026 05 15.4  15.3715 +10.7325 20.6 Updated May 17.33 UT             6   0.47 26.4  2.306
ST26E75  98 2026 05 15.2   2.4963 -24.2649 26.0 Updated May 16.82 UT             7   0.09 28.6  2.876
P12neKs  35 2026 05 14.6  18.2674 +57.7858 20.3 Updated May 17.91 UT            52   3.32 15.4  0.305
RFD0300 100 2026 05 13.0  19.6253 -44.8139 25.0 Updated May 16.38 UT             2   0.00 29.8  5.165
CEMAUH2 100 2026 05 14.4  16.0673 -10.4440 21.2 Updated May 16.38 UT             6   0.07 23.9  3.753
ST26E61 100 2026 05 14.3  16.6889  +0.7240 23.8 Updated May 16.38 UT             6   0.05 29.0  3.829
MZ26075 100 2026 05 13.8  16.8173  -0.7267 22.7 Updated May 16.37 UT             3   0.01 27.4  4.373
A11CmCW 100 2026 05 13.3   6.3100 -71.4738 21.0 Updated May 16.38 UT             4   0.02 24.8  4.821
A11CmCS 100 2026 05 13.3  17.2282 -30.4230 20.5 Updated May 16.38 UT             4   0.04 25.4  4.879
OCA1642  84 2026 05 13.1  13.7041 -31.3848 19.4 Updated May 16.37 UT             3   0.02 14.0  5.068
S001563  73 2026 05 07.0  12.9796 -27.2325 21.7 Updated May 16.37 UT             3   0.03 18.3 11.118
C1EUYV5  35 2026 04 27.5  17.2245 +18.9347 21.9 Updated May 16.81 UT            36 300.17 12.8  1.734
