P22nf7J 100 2026 05 17.6  16.4047 +32.8706 21.3 Added May 17.77 UT               3   0.04 19.5  0.549
P22nf7G 100 2026 05 17.6  16.1989 +34.6063 22.1 Added May 17.77 UT               4   0.04 22.8  0.550
P22nf3F  64 2026 05 17.5  17.5993 +36.9618 21.6 Updated May 17.78 UT             6   0.12 17.1  0.540
CEMVK32 100 2026 05 17.4  17.0797 +12.0729 21.7 Updated May 18.08 UT            22   5.54 20.3  0.181
CEMV1Q2  88 2026 05 17.3  15.3107  +7.3411 21.0 Updated May 17.98 UT            26   0.64 26.3  0.217
A11Cvk7 100 2026 05 16.9  13.8034 -72.7899 19.6 Added May 16.99 UT               4   0.03 21.5  1.225
CEMRK82  84 2026 05 16.5  21.5621 -10.0370 21.6 Added May 16.49 UT               3   0.01 17.7  1.690
A11Cswo 100 2026 05 16.0  17.2038 -23.3993 18.4 Updated May 17.33 UT             4   0.02 22.1  2.152
ZTF10Du 100 2026 05 15.3  16.8804 -36.3869 19.3 Updated May 17.33 UT             4   0.03 26.4  2.856
ST26E84  98 2026 05 15.4  15.3640 +10.7352 20.6 Updated May 17.33 UT             6   0.47 26.4  2.265
ST26E75  98 2026 05 15.2   2.4949 -24.3979 25.9 Updated May 16.82 UT             7   0.09 28.6  2.834
P12neKs  35 2026 05 14.6  18.2686 +57.7890 20.3 Updated May 17.91 UT            52   3.32 15.4  0.263
RFD0300 100 2026 05 13.0  19.6215 -44.8064 25.0 Updated May 16.38 UT             2   0.00 29.8  5.124
CEMAUH2 100 2026 05 14.4  16.0721 -10.2944 21.2 Updated May 16.38 UT             6   0.07 23.9  3.711
ST26E61 100 2026 05 14.3  16.6872  +0.7228 23.7 Updated May 16.38 UT             6   0.05 29.0  3.788
MZ26075 100 2026 05 13.8  16.8162  -0.7471 22.7 Updated May 16.37 UT             3   0.01 27.4  4.332
A11CmCW 100 2026 05 13.3   6.3047 -71.5066 21.0 Updated May 16.38 UT             4   0.02 24.8  4.779
A11CmCS 100 2026 05 13.3  17.2244 -30.4746 20.5 Updated May 16.38 UT             4   0.04 25.4  4.838
OCA1642  84 2026 05 13.1  13.7047 -31.3825 19.4 Updated May 16.37 UT             3   0.02 14.0  5.026
S001563  73 2026 05 07.0  12.9796 -27.2308 21.7 Updated May 16.37 UT             3   0.03 18.3 11.077
C1EUYV5  35 2026 04 27.5  17.2251 +18.9328 21.9 Updated May 16.81 UT            36 300.17 12.8  1.693
