C1EYRR5 100 2026 05 23.4  15.8597  +3.1510 22.6 Updated May 23.48 UT            10   0.09 25.3  0.152
C1EYQL5 100 2026 05 23.4  15.9098  +1.9104 22.2 Updated May 23.48 UT             7   0.09 24.2  0.149
C1EYPU5  97 2026 05 23.4  15.8159  +2.8906 22.9 Updated May 23.49 UT             6   0.07 22.4  0.167
C1EYPT5 100 2026 05 23.4  15.8354  +2.8219 21.7 Updated May 23.46 UT            12   0.08 24.1  0.156
C46CN51 100 2026 05 23.4  17.3273 +23.4590 19.5 Updated May 23.46 UT            12   0.07 24.4  0.157
C1EYD55  66 2026 05 23.3  15.8259 -12.8950 22.1 Updated May 23.41 UT            10   0.06 19.4  0.227
C1EXH55 100 2026 05 23.3  13.9550  +4.8566 22.3 Updated May 23.37 UT            10   0.08 23.3  0.255
CENZ0T2  98 2026 05 23.3  15.9541 +59.5388 21.1 Updated May 23.37 UT            12   0.11 26.1  0.249
6EM3521 100 2026 05 23.1  13.2023 -13.0869 20.4 Updated May 23.51 UT            11   0.45 22.7  0.112
SO0006A 100 2026 05 22.7  22.3276 -36.7707 19.4 Added May 22.70 UT               4   0.01 23.9  0.930
NAOCBPP  99 2026 05 20.7  14.8619 -19.1467 22.1 Updated May 22.70 UT             4   0.13 22.4  2.768
8N2S001  91 2026 05 22.0  17.6037 +11.2345 19.4 Updated May 23.42 UT            21   1.38 22.7  0.196
CZYNHKZ 100 2026 05 14.4  16.3778  +2.3710 21.7 Updated May 23.35 UT             4   0.02 22.7  9.231
C46CD31 100 2026 05 21.4   0.9428  -3.7761 25.1 Updated May 23.35 UT             7   0.05 28.6  2.175
ST26ED1  98 2026 05 21.2   1.4631 -15.5051 26.0 Updated May 23.35 UT            20   0.16 30.2  2.233
TF26EE0 100 2026 05 20.5  16.3825  +8.8155 23.7 Updated May 22.38 UT             4   0.02 28.7  3.134
ST26EC8  98 2026 05 20.4  20.4613 -28.9793 21.5 Updated May 23.35 UT             6   0.14 28.6  3.181
ST26EC7  98 2026 05 20.4   2.4131  -8.3997 29.1 Updated May 23.35 UT             6   0.11 30.3  3.187
ST26EC5 100 2026 05 20.3  15.5981 -16.4269 19.9 Updated May 22.38 UT             4   0.03 24.9  3.279
P12nffX  10 2026 05 20.5  16.3483 -20.9698 21.7 Updated May 22.44 UT            15   7.94 19.3  1.221
P12nfaz  38 2026 05 20.3  13.2353 -28.0176 22.0 Updated May 23.25 UT            12   2.87 18.4  0.426
NAOCAN7 100 2026 05 17.7  15.2781 -21.8355 20.8 Updated May 22.38 UT             4   0.10 19.7  5.765
KPMa1Ih  87 2026 05 18.1  11.1238 -27.1288 23.3 Updated May 22.38 UT             5   0.01 20.8  5.515
CEMVK32  55 2026 05 17.4  16.6393  +9.4520 21.6 Updated May 23.35 UT            47   9.02 20.1  2.159
P12neKs  35 2026 05 14.6  18.0942 +57.2465 20.0 Updated May 23.50 UT           149   8.88 15.1  0.166
