A11CYzX 100 2026 05 27.6  16.7381 -10.2468 16.1 Added May 27.71 UT               4   0.01 20.6  0.159
C46D641 100 2026 05 27.3  14.5569 +22.5355 20.4 Added May 27.47 UT               4   0.01 20.7  0.408
C1F44U5 100 2026 05 27.3  16.0798 +42.7704 21.7 Updated May 27.45 UT             8   0.11 25.0  0.306
CEP5YT2 100 2026 05 27.2  14.2207 +38.2662 21.8 Updated May 27.32 UT             7   0.05 21.5  0.444
A11CWPw 100 2026 05 26.6  22.3893 -14.3528 18.1 Added May 26.81 UT               4   0.02 28.7  1.166
P12nfxy 100 2026 05 26.6  17.4543  +3.8221 20.8 Updated May 27.30 UT             9   0.90 24.5  0.452
C1F4195 100 2026 05 26.4  16.1331  +9.4849 22.4 Updated May 26.45 UT             7   0.07 27.6  1.293
P12nfxd 100 2026 05 25.6  17.8090 +16.9341 21.9 Updated May 26.45 UT            14   2.00 22.6  1.307
C1F32J5 100 2026 05 25.4  17.1878 +16.0503 22.0 Updated May 27.70 UT            11   1.88 23.6  0.407
C1F3245  48 2026 05 25.4  16.9856 +10.4918 22.6 Updated May 26.78 UT            11   1.00 20.2  1.296
SJA1250 100 2026 05 24.9  16.7876 +60.8758 20.2 Updated May 27.36 UT             3   0.03 17.1  2.775
C1F2HL5 100 2026 05 25.4  16.5572 -11.9462 22.4 Updated May 27.35 UT             8   0.07 26.0  2.318
C1F1TD5 100 2026 05 25.3  15.8295  +4.5323 24.6 Updated May 26.35 UT             4   0.02 33.6  2.417
C03UYWZ  98 2026 05 23.4  16.7273 +14.5732 22.2 Updated May 27.70 UT            13   5.98 23.1  1.319
P12nfw2  95 2026 05 24.6  21.1354  -3.1777 21.7 Updated May 27.69 UT            14   3.01 20.3  0.140
NAOCLYL  85 2026 05 23.8  15.9067 -18.1714 21.8 Updated May 26.35 UT             4   0.10 21.7  3.889
A11CQzo 100 2026 05 24.4  22.1113 -16.6460 21.5 Updated May 26.35 UT             5   0.05 29.8  3.311
oKr0080 100 2026 05 23.9  23.4934 +18.5934 20.4 Updated May 27.35 UT             3   0.00 18.0  3.855
C1F1535  97 2026 05 24.4  16.7580  +6.8975 22.3 Updated May 26.35 UT            11   0.87 23.3  2.460
C1F0EU5  63 2026 05 24.3  15.3844 -10.0919 22.0 Updated May 27.70 UT            17  13.83 20.0  1.457
6EN3D21 100 2026 05 24.2  16.2287 -80.3156 18.7 Updated May 27.35 UT             3   0.01 20.4  3.510
C1EYPU5 100 2026 05 23.4  15.8867  +3.5279 22.8 Updated May 26.35 UT            11   1.87 24.1  2.496
NAOCBPP  99 2026 05 20.7  14.9232 -21.7293 22.3 Updated May 27.35 UT             4   0.13 22.3  6.895
ST26EC8  98 2026 05 20.4  22.1511 -30.9944 23.9 Updated May 27.35 UT             6   0.14 28.6  7.309
P12nfaz  43 2026 05 20.3  13.2073 -27.2400 22.0 Updated May 26.35 UT            12   2.87 18.3  4.553
NAOCAN7 100 2026 05 17.7  15.2893 -21.9506 21.0 Updated May 26.35 UT             4   0.10 19.7  9.893
KPMa1Ih  87 2026 05 18.1  11.1297 -28.9408 23.5 Updated May 26.35 UT             5   0.01 20.9  9.643
CEMVK32  51 2026 05 17.4  16.3485  +7.4897 21.8 Updated May 27.66 UT            59  13.11 20.1  2.204
