CEP5WY2 100 2026 05 26.4  18.9902 +40.7366 21.0 Updated May 26.48 UT             7   0.03 21.3  0.060
C1F41L5 100 2026 05 26.4  16.0068  +7.7355 19.8 Updated May 26.44 UT             8   0.05 23.7  0.100
CEP5WU2 100 2026 05 26.4  17.4560 +49.9830 21.1 Updated May 26.44 UT            10   0.06 26.1  0.102
C1F4195 100 2026 05 26.4  16.1083  +7.6502 22.1 Updated May 26.45 UT             7   0.07 27.6  0.083
C1F4075  98 2026 05 26.4  16.0476 +27.7305 22.3 Updated May 26.48 UT             8   0.11 24.9  0.060
P12nfxd  96 2026 05 25.6  17.8288 +16.4099 21.9 Updated May 26.45 UT            14   2.00 22.6  0.097
C1F32J5 100 2026 05 25.4  17.2015 +13.6144 21.9 Updated May 26.31 UT             7   0.85 23.5  0.234
C1F3245  73 2026 05 25.4  17.0120 +10.6000 22.5 Updated May 26.45 UT             8   1.00 20.1  0.087
SJA1250 100 2026 05 24.9  16.8635 +61.3746 20.3 Added May 25.42 UT               3   0.03 17.5  1.565
C1F2X35  84 2026 05 25.4  16.3305  +0.9015 21.8 Updated May 26.47 UT            16   1.09 22.7  0.073
C1F2HL5 100 2026 05 25.4  16.4089 -11.6369 22.4 Updated May 25.43 UT             8   0.07 25.5  1.109
C1F1TD5 100 2026 05 25.3  15.7477  +4.7375 23.7 Updated May 26.35 UT             4   0.02 33.6  1.207
C03UYWZ 100 2026 05 23.4  16.7409 +12.4138 22.4 Updated May 26.16 UT             7   2.00 23.1  1.091
A11CUyv  94 2026 05 24.1  17.5804 -56.6491 19.2 Updated May 26.35 UT            17   1.97 19.1  0.423
P12nfw2 100 2026 05 24.6  21.0666  -3.6762 21.7 Updated May 26.34 UT             8   1.73 20.3  0.213
NAOCLYL  85 2026 05 23.8  15.9015 -19.3294 21.7 Updated May 26.35 UT             4   0.10 21.7  2.679
A11CQzo 100 2026 05 24.4  21.5644 -17.8165 20.3 Updated May 26.35 UT             5   0.05 29.8  2.101
oKr0080 100 2026 05 23.9  23.4892 +18.5530 20.2 Updated May 26.34 UT             3   0.00 17.1  2.646
C1F1535  97 2026 05 24.4  16.7578  +6.5585 22.4 Updated May 26.35 UT            11   0.87 23.3  1.250
C1F0EU5  80 2026 05 24.3  15.4089 -10.0889 22.0 Updated May 26.33 UT            13   1.97 20.0  0.248
C1F0295  80 2026 05 24.3  15.3132  -7.0606 22.1 Updated May 26.10 UT            20   1.78 22.2  0.444
6EN3D21 100 2026 05 24.2  16.4521 -79.8358 18.7 Updated May 25.35 UT             3   0.01 21.1  2.301
C1EYPU5 100 2026 05 23.4  15.8658  +3.3635 22.8 Updated May 26.35 UT            11   1.87 24.1  1.287
C1EYD55  24 2026 05 23.3  15.7380 -13.5854 22.2 Updated May 26.43 UT            18   3.07 20.5  0.130
NAOCBPP  99 2026 05 20.7  14.9046 -21.0002 22.3 Updated May 25.35 UT             4   0.13 22.4  5.686
ST26ED1  98 2026 05 21.2   1.7394 -14.4880 28.1 Updated May 25.35 UT            20   0.16 30.2  5.151
ST26EC8  98 2026 05 20.4  21.9045 -31.0141 23.4 Updated May 25.35 UT             6   0.14 28.6  6.099
ST26EC7  98 2026 05 20.4   2.4839  -8.3807 30.3 Updated May 25.35 UT             6   0.11 30.3  6.105
P12nfaz  43 2026 05 20.3  13.2146 -27.4671 22.0 Updated May 26.35 UT            12   2.87 18.3  3.344
NAOCAN7 100 2026 05 17.7  15.2862 -21.9206 21.0 Updated May 26.35 UT             4   0.10 19.7  8.683
KPMa1Ih  87 2026 05 18.1  11.1264 -28.4323 23.5 Updated May 26.35 UT             5   0.01 20.9  8.433
CEMVK32  53 2026 05 17.4  16.4298  +8.0589 21.7 Updated May 26.27 UT            52  11.97 20.1  2.131
P12neKs  35 2026 05 14.6  17.9957 +56.8506 19.9 Updated May 26.32 UT           173  11.53 15.1  0.433
