A11Cmv6 100 2026 05 13.0   8.7403 -50.9924 19.1 Added May 13.18 UT               4   0.02 18.7  0.164
ST26E47  98 2026 05 12.4  15.1710 -17.7783 19.0 Updated May 13.19 UT            15   0.77 25.0  0.048
P22n55t  38 2026 05 12.4  15.0312 -13.5175 21.4 Updated May 12.82 UT             8   4.22 19.5  0.690
P22n52K  96 2026 05 12.4  15.1916 -11.6109 21.0 Updated May 13.20 UT            11   0.74 24.9  0.051
P22n4V7 100 2026 05 12.4  14.4055 -19.9783 21.8 Updated May 13.05 UT             8   0.65 21.1  0.193
P22n4V6 100 2026 05 12.4  13.9977 -22.8818 21.6 Updated May 13.02 UT             9   0.61 23.4  0.232
P22n4V9  95 2026 05 12.4  14.4164 -15.9360 21.8 Updated May 13.03 UT            11   0.63 24.7  0.210
P22n4V8  98 2026 05 12.4  14.3365 -17.6735 21.2 Updated May 13.08 UT             9   0.67 27.4  0.161
CEM28F2 100 2026 05 12.4  17.6748 +16.9125 21.0 Updated May 12.47 UT             9   0.06 25.2  0.771
P22n4PD  98 2026 05 12.4  13.8912 -10.5656 21.1 Updated May 13.07 UT             8   0.69 27.8  0.185
P22n4PC  67 2026 05 12.4  13.9713 -14.4302 20.7 Updated May 13.03 UT             8   0.65 21.2  0.220
P22n4PB  74 2026 05 12.3  13.6628  -9.7637 21.1 Updated May 13.19 UT            16  25.54 24.0  0.256
CEM26R2  37 2026 05 12.4  16.6192 +15.5116 20.6 Updated May 13.20 UT            13   0.61 16.8  0.238
CEM1XD2  75 2026 05 12.3  14.5336 +17.6943 22.1 Updated May 12.41 UT            11   0.11 17.1  0.818
CEM1R02  86 2026 05 12.3  13.6113 +16.9276 21.7 Updated May 13.19 UT            18   0.89 22.1  0.056
6EB3121 100 2026 05 12.0  10.3360 -12.4158 20.0 Updated May 13.15 UT            12   1.16 23.9  0.090
SO0005e 100 2026 05 11.7  22.6258 -11.3374 22.7 Added May 12.10 UT               3   0.00 28.8  1.522
SO0005d 100 2026 05 11.7  18.4979 -27.9246 20.1 Added May 12.10 UT               4   0.00 27.8  1.520
SO0005c 100 2026 05 11.7  21.2189 -35.2667 21.4 Added May 12.05 UT               3   0.00 28.5  1.574
SO0005b 100 2026 05 11.6  22.5348 -12.7271 20.6 Added May 12.04 UT               3   0.00 26.6  1.585
CELXZH2 100 2026 05 11.3  14.7778 +24.1457 22.7 Added May 11.37 UT               3   0.01 22.0  1.885
ST26E34 100 2026 05 10.5  14.8597 +18.4998 23.3 Updated May 12.32 UT             2   0.00 28.1  2.772
6E94521  84 2026 05 10.4  19.5133 -60.5167 19.6 Updated May 13.15 UT            31   2.77 19.1  0.101
XA9ttXA  75 2026 05 08.8  15.0895  +1.9055 22.5 Updated May 13.17 UT            19   4.39 21.8  0.082
ST26E18 100 2026 05 09.4  15.5086 -14.6223 23.5 Updated May 11.31 UT             4   0.00 30.1  3.866
CELRZD2 100 2026 05 09.2  12.4419 +36.5577 22.4 Updated May 12.32 UT             8   0.10 22.7  3.884
ZTF10Dl 100 2026 05 08.3  18.9908 -15.5140 21.7 Updated May 12.32 UT             4   0.03 26.9  4.864
ST26E14 100 2026 05 08.4  13.3319  -3.0194 18.3 Updated May 12.32 UT             2   0.00 19.8  4.808
P22n0fQ  97 2026 05 07.4  15.0748 +10.0919 22.8 Updated May 11.31 UT             3   0.04 24.4  5.825
S001563  73 2026 05 07.0  12.9913 -27.0099 21.6 Updated May 12.31 UT             3   0.03 18.9  6.156
A11BRI6  47 2026 05 03.0  11.1928 -38.7902 19.1 Updated May 12.68 UT            76   9.17 19.9  1.050
C1EUYV5  35 2026 04 27.5  17.2932 +18.6837 21.8 Updated May 12.54 UT            33  15.04 12.7  0.724
