P22nbXM  72 2026 05 14.3  15.3663  +9.6974 21.8 Added May 14.42 UT               3   0.02 21.4  0.086
CEMAY32 100 2026 05 14.4  16.7936  +4.8638 20.3 Updated May 14.44 UT             5   0.04 23.6  0.008
C46A061 100 2026 05 14.4  14.9195  -8.4845 18.8 Updated May 14.42 UT            11   0.04 30.2  0.022
CEMANR2 100 2026 05 14.4  16.3862  +3.9750 19.9 Updated May 14.43 UT             6   0.05 18.4  0.022
C469ZZ1 100 2026 05 14.4  14.2493 +14.0574 17.8 Updated May 14.42 UT            12   0.06 26.9  0.022
ST26E67 100 2026 05 14.3  15.9512  -0.2775 19.2 Updated May 14.38 UT             6   0.06 30.0  0.065
CEMA5R2 100 2026 05 14.3  15.5142  +6.2496 20.2 Updated May 14.41 UT            10   0.08 23.9  0.033
ST26E61 100 2026 05 14.3  15.8148  -0.3927 19.7 Updated May 14.37 UT             6   0.05 28.7  0.076
CEM9MQ2  98 2026 05 14.3  14.7552  +4.0486 20.6 Updated May 14.41 UT             8   0.09 28.6  0.039
CEM9DH2  98 2026 05 14.3  14.9805  +0.6474 20.8 Updated May 14.42 UT            10   0.10 24.3  0.032
CEM9AR2  98 2026 05 14.3  14.8537  +1.6063 21.6 Updated May 14.40 UT             8   0.09 26.1  0.047
ST26E59 100 2026 05 14.3  15.2297  +0.1993 20.0 Updated May 14.38 UT            14   0.07 26.8  0.069
ST26E57 100 2026 05 14.3  14.8208  -1.5284 19.3 Updated May 14.33 UT             8   0.05 27.0  0.115
CEM83E2 100 2026 05 14.3  13.9841  +1.2701 20.6 Updated May 14.36 UT             6   0.09 24.4  0.090
CEM7YT2 100 2026 05 14.3  13.3164  +3.3462 20.0 Updated May 14.36 UT             8   0.09 21.7  0.087
ST26E52 100 2026 05 14.2  13.6228  +2.5787 19.9 Updated May 14.38 UT             9   0.09 25.9  0.103
MZ26075 100 2026 05 13.8  16.5968  -4.4050 19.4 Added May 14.13 UT               3   0.01 25.1  0.620
A11CmCW 100 2026 05 13.3   4.1385 -78.3073 18.8 Added May 13.75 UT               4   0.02 24.5  1.068
A11CmCS 100 2026 05 13.3  16.4458 -39.1646 19.0 Added May 13.75 UT               4   0.04 25.4  1.127
OCA1642  84 2026 05 13.1  13.7644 -31.1713 19.4 Added May 13.56 UT               3   0.02 13.4  1.315
P22nay8  74 2026 05 13.4  15.7574  -1.9753 21.5 Updated May 14.14 UT             6   0.69 16.5  0.315
P22nawA  78 2026 05 13.4  15.1773  -3.1608 21.2 Updated May 14.39 UT            21  15.92 24.7  0.206
A11Cmv6 100 2026 05 13.0   8.5853 -50.5309 18.8 Updated May 14.10 UT            10   0.91 18.6  0.478
P22n4V7  96 2026 05 12.4  14.3683 -19.5495 21.8 Updated May 14.13 UT            15   1.72 21.1  0.327
P22n4V6  79 2026 05 12.4  13.9255 -22.9806 21.6 Updated May 14.23 UT            23   1.84 23.5  0.217
CEM28F2  81 2026 05 12.4  18.1972 +20.1443 20.6 Updated May 14.32 UT            30   1.90 24.7  0.134
P22n4PC  55 2026 05 12.4  13.9681 -13.4892 20.6 Updated May 14.21 UT            17   1.83 21.0  0.250
CEM26R2  13 2026 05 12.4  16.5975 +15.4545 20.6 Updated May 14.25 UT            21   2.69 17.0  0.203
CEM1XD2  13 2026 05 12.3  14.5082 +17.5298 22.2 Updated May 14.22 UT            20   6.88 19.2  0.233
SO0005e 100 2026 05 11.7   0.0409  +4.8480 26.1 Updated May 14.35 UT             3   0.00 28.9  2.731
SO0005d 100 2026 05 11.7  18.9493 -25.5917 21.4 Updated May 14.34 UT             4   0.00 28.2  2.730
SO0005c 100 2026 05 11.7  22.3523 -31.2642 23.0 Updated May 14.34 UT             3   0.00 28.6  2.784
SO0005b 100 2026 05 11.6  22.8379  -9.6277 22.0 Updated May 14.34 UT             3   0.00 26.6  2.795
CELXZH2 100 2026 05 11.3  14.7600 +24.2985 22.3 Updated May 14.35 UT             3   0.01 25.0  3.094
ST26E34 100 2026 05 10.5  14.8665 +18.4213 24.2 Updated May 14.35 UT             2   0.00 28.6  3.981
6E94521  10 2026 05 10.4  19.6338 -63.3511 19.5 Updated May 14.42 UT            44   4.03 19.0  0.046
CELRZD2 100 2026 05 09.2  12.4016 +36.9428 22.7 Updated May 14.34 UT             8   0.10 23.0  5.094
ST26E14 100 2026 05 08.4  13.3182  -2.8273 18.2 Updated May 14.35 UT             2   0.00 17.3  6.017
P22n0fQ  97 2026 05 07.4  15.0186 +10.8181 21.7 Updated May 13.34 UT             3   0.04 23.4  7.035
S001563  73 2026 05 07.0  12.9840 -27.0737 21.5 Updated May 14.34 UT             3   0.03 17.5  7.365
C1EUYV5  35 2026 04 27.5  17.2767 +18.7483 21.9 Updated May 14.43 UT            36 297.21 12.8  0.944
