C46CN51 100 2026 05 23.4  17.3728 +24.7572 19.9 Added May 23.40 UT               4   0.01 24.6  0.014
C46CMV1 100 2026 05 23.4  15.8878  +5.8701 20.0 Added May 23.40 UT               3   0.01 24.8  0.032
C1EYD55  66 2026 05 23.3  15.8323 -12.8445 22.1 Updated May 23.40 UT             7   0.04 22.0  0.038
TF26EH4 100 2026 05 23.3  18.2520 +19.1649 18.0 Added May 23.35 UT               2   0.00 21.6  0.064
C1EXH55 100 2026 05 23.3  13.9419  +4.6475 22.2 Updated May 23.37 UT            10   0.08 23.3  0.047
CENZ0T2  98 2026 05 23.3  15.8475 +59.1514 21.1 Updated May 23.37 UT            12   0.11 26.1  0.041
TF26EG9 100 2026 05 23.2  15.2327 +18.2457 18.0 Added May 23.29 UT               2   0.00 22.3  0.161
6EM3521 100 2026 05 23.1  13.2132 -13.4504 20.1 Updated May 23.31 UT             7   0.25 22.9  0.099
SO0006A 100 2026 05 22.7  21.9365 -36.7552 19.3 Added May 22.70 UT               4   0.01 23.9  0.722
NAOCBPP  99 2026 05 20.7  14.8590 -19.0108 22.1 Updated May 22.70 UT             4   0.13 22.4  2.559
8N2S001  93 2026 05 22.0  17.6413 +12.2558 19.4 Updated May 23.19 UT            18   1.14 22.7  0.223
CZYNHKZ 100 2026 05 14.4  16.3830  +2.4070 21.7 Updated May 23.35 UT             4   0.02 22.7  9.023
C46CD31 100 2026 05 21.4   0.8024  -3.9383 24.7 Updated May 23.35 UT             7   0.05 28.6  1.967
ST26ED1  98 2026 05 21.2   1.4027 -15.7084 25.6 Updated May 23.35 UT            20   0.16 30.2  2.025
TF26EE0 100 2026 05 20.5  16.3863  +8.8133 23.6 Updated May 22.38 UT             4   0.02 28.7  2.926
ST26EC8  98 2026 05 20.4  20.2623 -28.4104 21.3 Updated May 23.35 UT             6   0.14 28.6  2.972
ST26EC7  98 2026 05 20.4   2.4023  -8.3935 29.0 Updated May 23.35 UT             6   0.11 30.3  2.978
ST26EC5 100 2026 05 20.3  15.6631 -16.0107 19.8 Updated May 22.38 UT             4   0.03 24.9  3.071
P12nffX  10 2026 05 20.5  16.3521 -20.9500 21.7 Updated May 22.44 UT            15   7.94 19.3  1.013
P12nfaz  38 2026 05 20.3  13.2369 -28.0570 22.0 Updated May 23.25 UT            12   2.87 18.4  0.217
NAOCAN7 100 2026 05 17.7  15.2778 -21.8301 20.8 Updated May 22.38 UT             4   0.10 19.7  5.557
KPMa1Ih  87 2026 05 18.1  11.1239 -27.0359 23.3 Updated May 22.38 UT             5   0.01 20.8  5.306
CEMVK32  55 2026 05 17.4  16.6550  +9.5522 21.6 Updated May 23.35 UT            47   9.02 20.1  1.951
P12neKs  35 2026 05 14.6  18.1011 +57.2718 20.0 Updated May 23.39 UT           143   8.81 15.1  0.028
