CEMA5R2 100 2026 05 14.3  15.5101  +6.1120 20.0 Added May 14.35 UT               4   0.02 22.6  0.015
ST26E66 100 2026 05 14.3  16.3495  +0.2569 17.6 Added May 14.35 UT               2   0.00 18.8  0.019
ST26E65 100 2026 05 14.3  16.3081  +0.3451 14.7 Updated May 14.35 UT             2   0.00 13.6  0.019
ST26E61 100 2026 05 14.3  15.6925  -0.5572 19.3 Updated May 14.34 UT             4   0.02 28.6  0.027
CEM9MQ2 100 2026 05 14.3  14.7117  +4.8126 20.8 Added May 14.33 UT               4   0.02 27.3  0.034
CEM9DH2 100 2026 05 14.3  14.9885  +0.5031 20.8 Added May 14.33 UT               4   0.02 24.9  0.037
CEM9AR2 100 2026 05 14.3  14.8362  +1.5808 21.7 Added May 14.33 UT               4   0.02 25.3  0.037
ST26E59 100 2026 05 14.3  15.2369  +0.7956 20.0 Updated May 14.35 UT             8   0.04 26.8  0.016
TF26E75 100 2026 05 14.3  13.6254  +1.3592 19.8 Added May 14.32 UT               2   0.00 24.1  0.046
ST26E57 100 2026 05 14.3  14.7230  -0.9159 19.4 Updated May 14.33 UT             8   0.05 27.0  0.032
CEM83E2 100 2026 05 14.3  13.9688  +1.3808 20.7 Added May 14.29 UT               4   0.02 24.2  0.078
CEM7YT2 100 2026 05 14.3  13.3232  +3.6802 20.0 Updated May 14.32 UT             6   0.05 21.7  0.044
ST26E52  98 2026 05 14.2  13.6277  +1.3978 20.0 Updated May 14.34 UT             8   0.09 26.0  0.020
MZ26075 100 2026 05 13.8  16.5571  -5.1923 19.4 Added May 14.13 UT               3   0.01 25.1  0.537
A11CmCW 100 2026 05 13.3   3.9268 -78.5388 18.7 Added May 13.75 UT               4   0.02 24.5  0.985
A11CmCS 100 2026 05 13.3  16.4060 -39.5269 18.9 Added May 13.75 UT               4   0.04 25.4  1.043
OCA1642  84 2026 05 13.1  13.7658 -31.1667 19.4 Added May 13.56 UT               3   0.02 13.4  1.231
P22nay8  74 2026 05 13.4  15.7596  -1.9606 21.5 Updated May 14.14 UT             6   0.69 16.5  0.232
P22nawA  80 2026 05 13.4  15.1737  -3.1679 21.2 Updated May 14.26 UT            19  15.92 24.7  0.122
A11Cmv6 100 2026 05 13.0   8.5960 -50.5645 18.8 Updated May 14.10 UT            10   0.91 18.6  0.395
P22n4V7  96 2026 05 12.4  14.3709 -19.5793 21.8 Updated May 14.13 UT            15   1.72 21.1  0.243
P22n4V6  79 2026 05 12.4  13.9306 -22.9739 21.6 Updated May 14.23 UT            23   1.84 23.5  0.133
CEM28F2  76 2026 05 12.4  18.1561 +19.9076 20.6 Updated May 14.32 UT            30   1.90 24.7  0.051
P22n4PC  55 2026 05 12.4  13.9683 -13.5539 20.6 Updated May 14.21 UT            17   1.83 21.0  0.167
CEM26R2  13 2026 05 12.4  16.5990 +15.4588 20.6 Updated May 14.25 UT            21   2.69 17.0  0.120
CEM1XD2  13 2026 05 12.3  14.5099 +17.5414 22.2 Updated May 14.22 UT            20   6.88 19.2  0.150
SO0005e 100 2026 05 11.7   0.0291  +4.7129 26.1 Updated May 14.35 UT             3   0.00 28.9  2.648
SO0005d 100 2026 05 11.7  18.9303 -25.7017 21.3 Updated May 14.34 UT             4   0.00 28.2  2.647
SO0005c 100 2026 05 11.7  22.3144 -31.4418 22.9 Updated May 14.34 UT             3   0.00 28.6  2.701
SO0005b 100 2026 05 11.6  22.8237  -9.7744 21.9 Updated May 14.34 UT             3   0.00 26.6  2.712
CELXZH2 100 2026 05 11.3  14.7617 +24.2905 22.3 Updated May 14.35 UT             3   0.01 25.0  3.011
ST26E34 100 2026 05 10.5  14.8673 +18.3853 24.1 Updated May 14.35 UT             2   0.00 28.6  3.898
6E94521  10 2026 05 10.4  19.6249 -63.1564 19.5 Updated May 14.20 UT            41   3.81 19.0  0.184
ST26E18 100 2026 05 09.4  15.4849 -14.2564 24.2 Updated May 14.35 UT             4   0.00 30.6  4.993
CELRZD2 100 2026 05 09.2  12.4043 +36.9174 22.7 Updated May 14.34 UT             8   0.10 23.0  5.011
ST26E14 100 2026 05 08.4  13.3197  -2.8445 18.2 Updated May 14.35 UT             2   0.00 17.3  5.934
P22n0fQ  97 2026 05 07.4  15.0198 +10.8041 21.7 Updated May 13.34 UT             3   0.04 23.4  6.951
S001563  73 2026 05 07.0  12.9843 -27.0698 21.5 Updated May 14.34 UT             3   0.03 17.5  7.282
C1EUYV5  35 2026 04 27.5  17.2778 +18.7440 21.9 Updated May 13.76 UT            36 297.21 12.8  0.861
