ST26E86  98 2026 05 15.4   3.3914 -18.5632 25.6 Updated May 15.58 UT             6   0.11 33.1  0.279
ZTF10Du 100 2026 05 15.3  14.7717 -24.0710 16.7 Added May 15.45 UT               4   0.03 26.1  0.438
ST26E84 100 2026 05 15.4  14.7508 +10.7069 19.9 Updated May 15.45 UT             4   0.03 24.4  0.291
TF26E97  98 2026 05 15.3  15.6902 -14.2481 18.9 Updated May 15.57 UT             4   0.12 27.4  0.284
ST26E76  98 2026 05 15.2  14.5755  +6.4630 20.7 Updated May 15.44 UT             6   0.20 30.7  0.298
ST26E75 100 2026 05 15.2  14.7394  -5.3382 18.6 Updated May 15.38 UT             4   0.01 25.6  0.500
6EE3C21 100 2026 05 15.2  15.6042 -22.3731 19.0 Updated May 15.44 UT            11   0.22 25.9  0.323
A11Cr0m 100 2026 05 15.0  16.0087 -52.0953 17.9 Updated May 15.37 UT            14   0.31 20.0  0.442
P12neKJ 100 2026 05 14.3  13.0165 -23.4276 20.9 Updated May 15.22 UT            10   0.88 20.3  0.521
P12neKs  97 2026 05 14.6  18.3406 +57.9540 20.4 Updated May 15.26 UT            10   0.48 15.2  0.682
P12nc1c  96 2026 05 14.5  16.7903  -6.5080 21.7 Updated May 15.38 UT            21   0.90 20.1  0.355
RFD0300 100 2026 05 13.0  23.9984 -32.6681 25.1 Added May 14.52 UT               2   0.00 29.5  2.706
CEMAUH2 100 2026 05 14.4  16.3743  -0.5171 21.3 Updated May 14.46 UT             6   0.07 24.0  1.293
CEMAY32  79 2026 05 14.4  16.5205  +1.8069 20.4 Updated May 15.51 UT            37   1.08 23.8  0.264
ST26E61 100 2026 05 14.3  16.4733  +0.4824 21.9 Updated May 14.37 UT             6   0.05 28.7  1.370
ST26E57  98 2026 05 14.3  16.4013 -10.6555 19.3 Updated May 15.43 UT            12   1.14 28.0  0.319
ST26E52  76 2026 05 14.2  13.5322 +23.2709 20.4 Updated May 15.38 UT            28   1.01 26.1  0.479
MZ26075 100 2026 05 13.8  17.1115  +5.8110 20.0 Updated May 15.33 UT             3   0.01 25.5  1.913
A11CmCW 100 2026 05 13.3   5.7272 -73.7947 19.8 Updated May 15.33 UT             4   0.02 25.5  2.361
A11CmCS 100 2026 05 13.3  16.8574 -35.0119 19.7 Updated May 15.33 UT             4   0.04 25.5  2.420
OCA1642  84 2026 05 13.1  13.7433 -31.2510 19.4 Updated May 15.33 UT             3   0.02 13.1  2.608
A11Cmv6  84 2026 05 13.0   8.4173 -49.9690 19.0 Updated May 15.23 UT            19   2.04 19.1  0.645
CEM26R2  18 2026 05 12.4  16.5737 +15.3831 20.6 Updated May 15.33 UT            21   2.69 17.0  1.496
CEM1XD2  11 2026 05 12.3  14.4813 +17.3432 22.2 Updated May 15.17 UT            22   7.84 19.2  0.575
SO0005e 100 2026 05 11.7   0.1580  +6.1769 27.1 Updated May 14.35 UT             3   0.00 28.9  4.024
SO0005d 100 2026 05 11.7  19.1473 -24.3917 22.2 Updated May 14.34 UT             4   0.00 28.2  4.023
SO0005c 100 2026 05 11.7  22.7314 -29.3129 24.0 Updated May 14.34 UT             3   0.00 28.6  4.077
SO0005b 100 2026 05 11.6  22.9840  -8.1074 22.8 Updated May 14.34 UT             3   0.00 26.6  4.088
CELXZH2 100 2026 05 11.3  14.7316 +24.4123 22.2 Updated May 14.35 UT             3   0.01 25.0  4.387
6E94521  10 2026 05 10.4  19.7878 -66.3505 19.5 Updated May 15.42 UT            53   5.03 19.0  0.339
S001563  73 2026 05 07.0  12.9797 -27.1339 21.6 Updated May 14.34 UT             3   0.03 17.5  8.658
C1EUYV5  35 2026 04 27.5  17.2589 +18.8150 21.9 Updated May 15.51 UT            36 299.14 12.8  0.305
