C1F1TD5 100 2026 05 25.3  15.4911  +4.9230 22.1 Added May 25.33 UT               4   0.02 27.4  0.040
C03UYWZ 100 2026 05 23.4  16.7607  +9.9201 22.9 Added May 25.30 UT               4   0.02 25.5  1.902
6EO3221 100 2026 05 25.0  11.1952 -40.9239 17.4 Updated May 25.29 UT            19   0.17 23.4  0.203
A11CUyv  96 2026 05 24.1  17.6085 -57.7310 18.8 Updated May 25.10 UT             7   0.92 17.9  0.302
A11CUyu  86 2026 05 24.4  18.6351  +7.7771 18.3 Updated May 25.34 UT            40   0.88 20.3  0.035
P12nfw2 100 2026 05 24.6  21.0063  -4.1288 21.2 Added May 24.67 UT               3   0.02 22.3  0.757
NAOCLYL  85 2026 05 23.8  15.8964 -20.4646 21.6 Added May 24.59 UT               4   0.10 21.5  1.513
A11CQzo 100 2026 05 24.4  20.0300 -19.1768 18.5 Added May 24.51 UT               5   0.05 29.9  0.934
P12nfqd 100 2026 05 24.4  15.9512 -23.1561 20.5 Updated May 25.14 UT             7   0.71 21.4  0.246
oKr0080 100 2026 05 23.9  23.4842 +18.5220 20.2 Added May 24.47 UT               3   0.00 15.5  1.479
C1F1535  87 2026 05 24.4  16.7573  +6.2325 22.5 Updated May 25.30 UT            11   0.87 23.3  0.083
C1F0TQ5  99 2026 05 24.4  15.9136  -7.0567 21.7 Updated May 25.33 UT            14   2.93 24.3  0.104
C1F0EU5  87 2026 05 24.3  15.4321 -10.0893 22.1 Updated May 24.39 UT             8   0.07 14.8  0.978
C1F0295  90 2026 05 24.3  15.3351  -7.2981 22.1 Updated May 25.21 UT            17   0.88 22.2  0.172
6EN3D21 100 2026 05 24.2  16.6223 -79.2315 18.9 Updated May 25.35 UT             3   0.01 21.1  1.134
C1EYPU5 100 2026 05 23.4  15.8459  +3.1878 22.9 Updated May 25.26 UT            11   1.87 24.2  0.120
C1EYPT5  77 2026 05 23.4  15.8084  +0.7838 21.8 Updated May 25.24 UT            25   1.85 24.2  0.141
C1EYD55  69 2026 05 23.3  15.7736 -13.3049 22.1 Updated May 25.35 UT            12   0.95 20.1  1.090
NAOCBPP  99 2026 05 20.7  14.8872 -20.2747 22.2 Updated May 25.35 UT             4   0.13 22.4  4.519
C46CD31 100 2026 05 21.4   1.4534  -3.1324 27.1 Updated May 25.35 UT             7   0.05 28.6  3.926
ST26ED1  98 2026 05 21.2   1.6840 -14.7118 27.6 Updated May 25.35 UT            20   0.16 30.2  3.984
TF26EE0 100 2026 05 20.5  16.3565  +8.8101 24.5 Updated May 24.34 UT             4   0.02 28.8  4.885
ST26EC8  98 2026 05 20.4  21.5315 -30.8363 22.8 Updated May 25.35 UT             6   0.14 28.6  4.932
ST26EC7  98 2026 05 20.4   2.4654  -8.4047 29.9 Updated May 25.35 UT             6   0.11 30.3  4.938
ST26EC5 100 2026 05 20.3  15.2273 -18.6859 20.8 Updated May 25.35 UT             4   0.03 24.6  5.031
P12nfaz  43 2026 05 20.3  13.2223 -27.6868 21.9 Updated May 24.34 UT            12   2.87 18.3  2.177
NAOCAN7 100 2026 05 17.7  15.2818 -21.8864 21.0 Updated May 24.34 UT             4   0.10 19.9  7.517
KPMa1Ih  87 2026 05 18.1  11.1246 -27.8777 23.4 Updated May 24.34 UT             5   0.01 20.8  7.266
CEMVK32  35 2026 05 17.4  16.5113  +8.6130 21.7 Updated May 24.42 UT            50  11.97 20.1  0.964
P12neKs  35 2026 05 14.6  18.0354 +57.0182 19.9 Updated May 25.03 UT           167  10.45 15.1  0.349
