CEP0PP2 100 2026 05 24.2  14.7032  -5.3837 20.8 Added May 24.26 UT               4   0.02 25.4  0.025
TF26EH7 100 2026 05 24.2  13.6902  -0.8871 18.8 Added May 24.25 UT               2   0.00 23.3  0.039
ST26EF6 100 2026 05 24.2  13.6912  -0.8389 19.3 Updated May 24.28 UT             7   0.07 26.1  0.014
C1EYRR5 100 2026 05 23.4  15.8687  +2.3676 22.6 Updated May 23.48 UT            10   0.09 25.3  0.819
C1EYQL5 100 2026 05 23.4  15.8683  +1.2617 22.4 Updated May 23.48 UT             7   0.09 24.2  0.816
C1EYPU5  97 2026 05 23.4  15.8262  +3.0076 22.9 Updated May 23.49 UT             6   0.07 22.4  0.834
C1EYPT5  84 2026 05 23.4  15.8245  +2.0041 21.7 Updated May 24.24 UT            18   0.86 24.2  0.044
C1EYD55  66 2026 05 23.3  15.8057 -13.0513 22.1 Updated May 23.41 UT            10   0.06 19.4  0.894
C1EXH55  93 2026 05 23.3  13.9965  +5.5084 22.4 Updated May 24.21 UT            20   0.91 23.7  0.092
6EM3521  79 2026 05 23.1  13.1685 -11.8754 20.2 Updated May 24.24 UT            34   1.14 22.5  0.090
NAOCBPP  99 2026 05 20.7  14.8714 -19.5775 22.2 Updated May 22.70 UT             4   0.13 22.4  3.434
CZYNHKZ 100 2026 05 14.4  16.3616  +2.2544 21.8 Updated May 23.35 UT             4   0.02 22.7  9.898
C46CD31 100 2026 05 21.4   1.2254  -3.4320 26.1 Updated May 23.35 UT             7   0.05 28.6  2.842
ST26ED1  98 2026 05 21.2   1.5853 -15.0783 26.8 Updated May 23.35 UT            20   0.16 30.2  2.900
TF26EE0 100 2026 05 20.5  16.3728  +8.8160 24.1 Updated May 22.38 UT             4   0.02 28.7  3.801
ST26EC8  98 2026 05 20.4  20.9736 -30.1181 22.1 Updated May 23.35 UT             6   0.14 28.6  3.847
ST26EC7  98 2026 05 20.4   2.4392  -8.4094 29.5 Updated May 23.35 UT             6   0.11 30.3  3.853
ST26EC5 100 2026 05 20.3  15.4205 -17.5339 20.3 Updated May 22.38 UT             4   0.03 24.9  3.946
P12nffX  10 2026 05 20.5  16.3361 -21.0331 21.7 Updated May 22.44 UT            15   7.94 19.3  1.888
P12nfaz  43 2026 05 20.3  13.2302 -27.8917 22.0 Updated May 23.25 UT            12   2.87 18.4  1.092
NAOCAN7 100 2026 05 17.7  15.2792 -21.8526 20.8 Updated May 22.38 UT             4   0.10 19.7  6.432
KPMa1Ih  87 2026 05 18.1  11.1237 -27.4236 23.4 Updated May 22.38 UT             5   0.01 20.8  6.181
CEMVK32  55 2026 05 17.4  16.5898  +9.1318 21.6 Updated May 23.35 UT            47   9.02 20.1  2.826
P12neKs  35 2026 05 14.6  18.0720 +57.1628 19.9 Updated May 24.25 UT           159   9.46 15.1  0.252
