RFD0300 100 2026 05 13.0  23.0344 -39.3648 23.1 Added May 14.52 UT               2   0.00 29.5  1.496
P12nc08 100 2026 05 14.4  16.0003 -18.5994 21.0 Added May 14.52 UT               3   0.02 17.5  0.058
CEMAUH2 100 2026 05 14.4  16.5470  +5.1554 21.4 Updated May 14.46 UT             6   0.07 24.0  0.084
CEMAY32 100 2026 05 14.4  16.7736  +4.6425 20.3 Updated May 14.47 UT             9   0.07 23.8  0.061
C46A061  98 2026 05 14.4  14.9577  -7.6161 18.8 Updated May 14.52 UT            13   0.13 30.5  0.017
CEMANR2  98 2026 05 14.4  16.3782  +3.9127 19.8 Updated May 14.46 UT            10   0.09 20.9  0.067
C469ZZ1  98 2026 05 14.4  14.1853 +12.0346 17.7 Updated May 14.50 UT            21   0.13 26.9  0.037
ST26E67 100 2026 05 14.3  15.9935  -0.1150 19.3 Updated May 14.38 UT             6   0.06 30.0  0.148
CEMA5R2 100 2026 05 14.3  15.5183  +6.3850 20.1 Updated May 14.48 UT            14   0.08 23.8  0.112
ST26E61 100 2026 05 14.3  15.9148  -0.2590 19.9 Updated May 14.37 UT             6   0.05 28.7  0.160
CEM9MQ2  98 2026 05 14.3  14.7985  +3.2081 20.5 Updated May 14.41 UT             8   0.09 28.6  0.122
CEM9DH2 100 2026 05 14.3  14.9725  +0.7980 20.7 Updated May 14.42 UT            10   0.10 24.3  0.115
CEM9AR2  98 2026 05 14.3  14.8711  +1.6263 21.5 Updated May 14.40 UT             8   0.09 26.1  0.131
ST26E59 100 2026 05 14.3  15.2224  -0.4011 20.0 Updated May 14.38 UT            14   0.07 26.8  0.153
ST26E57 100 2026 05 14.3  14.9197  -2.1463 19.3 Updated May 14.33 UT             8   0.05 27.0  0.199
CEM83E2 100 2026 05 14.3  13.9991  +1.1577 20.6 Updated May 14.36 UT             6   0.09 24.4  0.174
CEM7YT2 100 2026 05 14.3  13.3096  +3.0122 20.0 Updated May 14.36 UT             8   0.09 21.7  0.170
ST26E52 100 2026 05 14.2  13.6179  +3.7816 19.9 Updated May 14.38 UT             9   0.09 25.9  0.187
MZ26075 100 2026 05 13.8  16.6364  -3.6143 19.5 Added May 14.13 UT               3   0.01 25.1  0.704
A11CmCW 100 2026 05 13.3   4.3262 -78.0639 18.9 Added May 13.75 UT               4   0.02 24.5  1.151
A11CmCS 100 2026 05 13.3  16.4836 -38.8143 19.0 Added May 13.75 UT               4   0.04 25.4  1.210
OCA1642  84 2026 05 13.1  13.7631 -31.1759 19.4 Added May 13.56 UT               3   0.02 13.4  1.398
P22nay8  44 2026 05 13.4  15.7550  -1.9925 21.7 Updated May 14.51 UT             9   1.06 20.0  0.037
P22nawA  78 2026 05 13.4  15.1809  -3.1538 21.2 Updated May 14.51 UT            30  16.14 24.7  0.077
A11Cmv6 100 2026 05 13.0   8.5746 -50.4970 18.8 Updated May 14.10 UT            10   0.91 18.6  0.562
P22n4V7  84 2026 05 12.4  14.3658 -19.5197 22.0 Updated May 14.51 UT            29   2.05 21.3  0.086
P22n4V6  79 2026 05 12.4  13.9204 -22.9873 21.7 Updated May 14.50 UT            37   2.01 23.6  0.128
CEM28F2  81 2026 05 12.4  18.2390 +20.3828 20.6 Updated May 14.32 UT            30   1.90 24.7  0.217
P22n4PC  55 2026 05 12.4  13.9679 -13.4247 20.6 Updated May 14.21 UT            17   1.83 21.0  0.333
CEM26R2  13 2026 05 12.4  16.5960 +15.4503 20.6 Updated May 14.25 UT            21   2.69 17.0  0.287
CEM1XD2  13 2026 05 12.3  14.5064 +17.5181 22.2 Updated May 14.22 UT            20   6.88 19.2  0.317
SO0005e 100 2026 05 11.7   0.0519  +4.9743 26.2 Updated May 14.35 UT             3   0.00 28.9  2.815
SO0005d 100 2026 05 11.7  18.9672 -25.4870 21.5 Updated May 14.34 UT             4   0.00 28.2  2.813
SO0005c 100 2026 05 11.7  22.3879 -31.0947 23.1 Updated May 14.34 UT             3   0.00 28.6  2.867
SO0005b 100 2026 05 11.6  22.8513  -9.4893 22.0 Updated May 14.34 UT             3   0.00 26.6  2.878
CELXZH2 100 2026 05 11.3  14.7582 +24.3065 22.3 Updated May 14.35 UT             3   0.01 25.0  3.178
ST26E34 100 2026 05 10.5  14.8657 +18.4560 24.2 Updated May 14.35 UT             2   0.00 28.6  4.065
6E94521  10 2026 05 10.4  19.6429 -63.5456 19.5 Updated May 14.42 UT            44   4.03 19.0  0.129
CELRZD2 100 2026 05 09.2  12.3988 +36.9678 22.7 Updated May 14.34 UT             8   0.10 23.0  5.177
ST26E14 100 2026 05 08.4  13.3166  -2.8102 18.2 Updated May 14.35 UT             2   0.00 17.3  6.101
P22n0fQ  97 2026 05 07.4  15.0173 +10.8321 21.7 Updated May 13.34 UT             3   0.04 23.4  7.118
S001563  73 2026 05 07.0  12.9837 -27.0776 21.5 Updated May 14.34 UT             3   0.03 17.5  7.449
C1EUYV5  35 2026 04 27.5  17.2755 +18.7527 21.9 Updated May 14.43 UT            36 297.21 12.8  1.028
