C1F44U5 100 2026 05 27.3  16.1786 +42.1762 21.7 Updated May 28.23 UT            11   0.89 25.3  0.076
CEP5YT2 100 2026 05 27.2  14.2783 +38.1910 21.3 Updated May 28.19 UT            11   0.93 25.0  0.109
A11CWPw 100 2026 05 26.6  23.0785  -9.3443 18.4 Added May 26.81 UT               4   0.02 28.7  1.709
C1F4195 100 2026 05 26.4  16.1424 +10.1524 22.6 Updated May 26.45 UT             7   0.07 27.6  1.836
P12nfxd 100 2026 05 25.6  17.8001 +17.1558 21.9 Updated May 26.45 UT            14   2.00 22.6  1.850
C1F32J5 100 2026 05 25.4  17.1814 +17.1326 22.0 Updated May 27.70 UT            11   1.88 23.6  0.951
C1F3245  48 2026 05 25.4  16.9736 +10.4395 22.6 Updated May 26.78 UT            11   1.00 20.2  1.839
SJA1250 100 2026 05 24.9  16.7541 +60.6471 20.2 Updated May 27.36 UT             3   0.03 17.1  3.318
C1F2HL5 100 2026 05 25.4  16.6232 -12.0824 22.4 Updated May 27.35 UT             8   0.07 26.0  2.861
C1F1TD5 100 2026 05 25.3  15.8508  +4.4731 24.9 Updated May 26.35 UT             4   0.02 33.6  2.960
C03UYWZ  98 2026 05 23.4  16.7211 +15.5389 22.2 Updated May 27.70 UT            13   5.98 23.1  1.862
P12nfw2  95 2026 05 24.6  21.1665  -2.9518 21.7 Updated May 27.69 UT            14   3.01 20.3  0.683
NAOCLYL  85 2026 05 23.8  15.9090 -17.6608 21.8 Updated May 26.35 UT             4   0.10 21.7  4.432
A11CQzo 100 2026 05 24.4  22.2487 -16.2966 21.8 Updated May 26.35 UT             5   0.05 29.8  3.854
oKr0080 100 2026 05 23.9  23.4952 +18.6082 20.4 Updated May 27.35 UT             3   0.00 18.0  4.399
C1F1535  97 2026 05 24.4  16.7580  +7.0499 22.3 Updated May 26.35 UT            11   0.87 23.3  3.003
6EN3D21 100 2026 05 24.2  16.1138 -80.5693 18.7 Updated May 27.35 UT             3   0.01 20.4  4.053
C1EYPU5 100 2026 05 23.4  15.8962  +3.5958 22.8 Updated May 26.35 UT            11   1.87 24.1  3.040
NAOCBPP  99 2026 05 20.7  14.9316 -22.0514 22.3 Updated May 27.35 UT             4   0.13 22.3  7.438
ST26EC8  98 2026 05 20.4  22.2384 -30.9653 24.0 Updated May 27.35 UT             6   0.14 28.6  7.852
P12nfaz  43 2026 05 20.3  13.2043 -27.1383 22.0 Updated May 26.35 UT            12   2.87 18.3  5.096
NAOCAN7 100 2026 05 17.7  15.2908 -21.9639 21.0 Updated May 26.35 UT             4   0.10 19.7 10.436
KPMa1Ih  87 2026 05 18.1  11.1315 -29.1653 23.5 Updated May 26.35 UT             5   0.01 20.9 10.186
CEMVK32  51 2026 05 17.4  16.3130  +7.2363 21.8 Updated May 27.66 UT            59  13.11 20.1  2.747
