MZ26136 100 2026 06 01.8  14.7205 +70.9640 19.7 Added June 1.98 UT               6   0.01 19.7  0.583
C1F9WZ5 100 2026 06 01.3  17.0551 +26.7119 21.2 Updated June 1.46 UT            12   0.12 24.9  0.904
A11D0Xd 100 2026 05 30.0  19.1617 -40.6095 19.0 Updated June 1.42 UT             4   0.01 24.0  3.317
NAOCYLA 100 2026 05 27.7  16.2551 -20.6627 20.9 Updated June 1.43 UT             4   0.13 21.6  5.491
C07PYDZ 100 2026 05 27.2  14.3157 +47.7368 21.8 Updated June 1.43 UT             4   0.02 19.6  6.157
C1F4195 100 2026 05 26.4  16.1963 +13.6429 23.7 Updated June 1.43 UT             7   0.07 27.6  6.909
C1F3245  48 2026 05 25.4  16.8589  +9.8352 22.6 Updated June 1.43 UT            11   1.00 20.2  6.913
C1F2HL5 100 2026 05 25.4  17.1310 -13.0907 22.7 Updated June 1.43 UT             8   0.07 26.1  7.935
NAOCLYL  85 2026 05 23.8  15.9320 -12.9813 22.1 Updated June 1.43 UT             4   0.10 21.6  9.506
A11CQzo 100 2026 05 24.4  22.7253 -14.8969 23.8 Updated June 1.43 UT             5   0.05 29.9  8.927
oKr0080 100 2026 05 23.9  23.5022 +18.7379 20.2 Updated June 1.42 UT             3   0.00 13.5  9.472
P12nfaz  43 2026 05 20.3  13.1840 -26.2046 22.0 Updated June 1.43 UT            12   2.87 18.3 10.170
