P12neKJ 100 2026 05 14.3  13.0231 -23.4822 21.1 Added May 14.92 UT               3   0.02 13.5  0.753
P12neKs  97 2026 05 14.6  18.3585 +57.9894 20.1 Updated May 15.07 UT             6   0.48 14.5  0.057
P12nc1w  96 2026 05 14.5  16.2253  -5.2489 20.7 Updated May 15.02 UT            14   0.65 24.9  0.101
P12nc1d 100 2026 05 14.5  16.9218  -5.2969 21.3 Added May 14.58 UT               3   0.04 22.8  0.586
P12nc1c 100 2026 05 14.5  16.8066  -6.6932 21.7 Updated May 14.79 UT             5   0.13 19.9  0.497
RFD0300 100 2026 05 13.0  23.6647 -35.3159 24.2 Added May 14.52 UT               2   0.00 29.5  2.081
CEMAUH2 100 2026 05 14.4  16.4616  +2.3558 21.3 Updated May 14.46 UT             6   0.07 24.0  0.668
CEMAY32  98 2026 05 14.4  16.6419  +3.1683 20.4 Updated May 15.07 UT            11   0.65 24.0  0.073
ST26E61 100 2026 05 14.3  16.2998  +0.2552 21.1 Updated May 14.37 UT             6   0.05 28.7  0.745
CEM9MQ2  98 2026 05 14.3  15.1740  -4.1040 19.9 Updated May 14.41 UT             8   0.09 28.6  0.707
CEM9DH2 100 2026 05 14.3  14.9119  +1.9414 20.6 Updated May 14.42 UT            10   0.10 24.3  0.700
CEM9AR2  98 2026 05 14.3  15.0102  +1.7881 21.4 Updated May 14.95 UT            12   0.64 27.5  0.162
ST26E59  88 2026 05 14.3  15.1684  -4.8386 19.9 Updated May 15.05 UT            22   0.68 26.9  0.128
ST26E57 100 2026 05 14.3  15.6326  -6.5145 19.1 Updated May 14.33 UT             8   0.05 27.0  0.783
CEM7YT2  91 2026 05 14.3  13.2634  +0.7020 20.0 Updated May 15.02 UT            23   0.71 22.0  0.137
ST26E52  88 2026 05 14.2  13.5797 +12.8061 20.2 Updated May 15.00 UT            19   0.64 26.1  0.221
MZ26075 100 2026 05 13.8  16.9160  +1.9848 19.6 Added May 14.13 UT               3   0.01 25.1  1.288
A11CmCW 100 2026 05 13.3   5.1884 -76.3674 19.4 Added May 13.75 UT               4   0.02 24.5  1.736
A11CmCS 100 2026 05 13.3  16.7021 -36.6583 19.3 Added May 13.75 UT               4   0.04 25.4  1.795
OCA1642  84 2026 05 13.1  13.7536 -31.2078 19.4 Added May 13.56 UT               3   0.02 13.4  1.983
A11Cmv6  86 2026 05 13.0   8.4987 -50.2493 18.9 Updated May 15.01 UT            16   1.92 19.0  0.145
P22n4PC  55 2026 05 12.4  13.9667 -12.9724 20.6 Updated May 14.21 UT            17   1.83 21.0  0.918
CEM26R2  13 2026 05 12.4  16.5853 +15.4190 20.6 Updated May 14.25 UT            21   2.69 17.0  0.871
CEM1XD2  13 2026 05 12.3  14.4942 +17.4349 22.2 Updated May 14.22 UT            20   6.88 19.2  0.901
SO0005e 100 2026 05 11.7   0.1131  +5.6712 26.7 Updated May 14.35 UT             3   0.00 28.9  3.399
SO0005d 100 2026 05 11.7  19.0696 -24.8745 21.9 Updated May 14.34 UT             4   0.00 28.2  3.398
SO0005c 100 2026 05 11.7  22.5862 -30.0987 23.6 Updated May 14.34 UT             3   0.00 28.6  3.452
SO0005b 100 2026 05 11.6  22.9270  -8.7028 22.5 Updated May 14.34 UT             3   0.00 26.6  3.463
CELXZH2 100 2026 05 11.3  14.7457 +24.3600 22.3 Updated May 14.35 UT             3   0.01 25.0  3.762
6E94521  10 2026 05 10.4  19.7097 -64.9063 19.5 Updated May 14.42 UT            44   4.03 19.0  0.714
S001563  73 2026 05 07.0  12.9817 -27.1050 21.6 Updated May 14.34 UT             3   0.03 17.5  8.033
C1EUYV5  35 2026 04 27.5  17.2675 +18.7831 21.9 Updated May 14.43 UT            36 297.21 12.8  1.612
