A11CWPX 100 2026 05 27.2  16.9458 -18.3201 19.2 Added May 27.57 UT               4   0.03 25.3  0.407
C46D641 100 2026 05 27.3  14.5658 +22.5468 20.4 Added May 27.47 UT               4   0.01 20.7  0.283
C1F44U5 100 2026 05 27.3  16.0558 +42.9147 21.7 Updated May 27.45 UT             8   0.11 25.0  0.181
CEP5YT2 100 2026 05 27.2  14.2122 +38.2854 21.7 Updated May 27.32 UT             7   0.05 21.5  0.319
A11CWPw 100 2026 05 26.6  22.2419 -15.3451 18.1 Added May 26.81 UT               4   0.02 28.7  1.041
P12nfxy 100 2026 05 26.6  17.4674  +4.0024 20.8 Updated May 27.30 UT             9   0.90 24.5  0.327
C1F4195 100 2026 05 26.4  16.1308  +9.3191 22.4 Updated May 26.45 UT             7   0.07 27.6  1.168
C1F4075 100 2026 05 26.4  16.0535 +26.1514 22.2 Updated May 27.43 UT            11   1.05 25.2  0.210
P12nfxd 100 2026 05 25.6  17.8111 +16.8819 21.9 Updated May 26.45 UT            14   2.00 22.6  1.182
C1F32J5 100 2026 05 25.4  17.1893 +15.8003 22.1 Updated May 27.37 UT             9   1.88 23.7  0.282
C1F3245  48 2026 05 25.4  16.9883 +10.5036 22.6 Updated May 26.78 UT            11   1.00 20.2  1.171
SJA1250 100 2026 05 24.9  16.7954 +60.9279 20.2 Updated May 27.36 UT             3   0.03 17.1  2.650
C1F2HL5 100 2026 05 25.4  16.5419 -11.9145 22.4 Updated May 27.35 UT             8   0.07 26.0  2.193
C1F1TD5 100 2026 05 25.3  15.8237  +4.5479 24.5 Updated May 26.35 UT             4   0.02 33.6  2.292
C03UYWZ 100 2026 05 23.4  16.7288 +14.3508 22.3 Updated May 27.18 UT             9   2.98 23.2  1.194
P12nfw2 100 2026 05 24.6  21.1283  -3.2296 21.7 Updated May 27.46 UT            12   2.86 20.4  0.164
NAOCLYL  85 2026 05 23.8  15.9062 -18.2897 21.8 Updated May 26.35 UT             4   0.10 21.7  3.764
A11CQzo 100 2026 05 24.4  22.0732 -16.7389 21.4 Updated May 26.35 UT             5   0.05 29.8  3.186
oKr0080 100 2026 05 23.9  23.4929 +18.5899 20.4 Updated May 27.35 UT             3   0.00 18.0  3.730
C1F1535  97 2026 05 24.4  16.7580  +6.8624 22.3 Updated May 26.35 UT            11   0.87 23.3  2.335
C1F0EU5  85 2026 05 24.3  15.3869 -10.0913 22.0 Updated May 27.36 UT            13   1.97 19.9  1.332
C1F0295  90 2026 05 24.3  15.2929  -6.8423 22.1 Updated May 27.35 UT            20   1.78 22.2  1.529
6EN3D21 100 2026 05 24.2  16.2534 -80.2572 18.7 Updated May 27.35 UT             3   0.01 20.4  3.385
C1EYPU5 100 2026 05 23.4  15.8846  +3.5118 22.8 Updated May 26.35 UT            11   1.87 24.1  2.371
NAOCBPP  99 2026 05 20.7  14.9213 -21.6545 22.3 Updated May 27.35 UT             4   0.13 22.3  6.770
ST26EC8  98 2026 05 20.4  22.1290 -30.9997 23.8 Updated May 27.35 UT             6   0.14 28.6  7.184
P12nfaz  43 2026 05 20.3  13.2080 -27.2634 22.0 Updated May 26.35 UT            12   2.87 18.3  4.428
NAOCAN7 100 2026 05 17.7  15.2890 -21.9475 21.0 Updated May 26.35 UT             4   0.10 19.7  9.768
KPMa1Ih  87 2026 05 18.1  11.1293 -28.8888 23.5 Updated May 26.35 UT             5   0.01 20.9  9.518
CEMVK32  53 2026 05 17.4  16.3567  +7.5483 21.8 Updated May 27.35 UT            52  11.97 20.1  3.216
