A11CWPw 100 2026 05 26.6  21.5386 -19.6366 18.0 Added May 26.81 UT               4   0.02 28.7  0.372
P12nfxy 100 2026 05 26.6  17.5342  +4.9438 20.4 Updated May 26.85 UT             4   0.21 21.9  0.350
CEP5WY2 100 2026 05 26.4  18.9630 +40.7248 20.9 Updated May 26.85 UT             9   1.05 21.8  0.477
CEP5WU2 100 2026 05 26.4  17.6746 +49.3168 21.2 Updated May 26.44 UT            10   0.06 26.1  0.518
C1F4195 100 2026 05 26.4  16.1176  +8.3444 22.2 Updated May 26.45 UT             7   0.07 27.6  0.499
C1F4075 100 2026 05 26.4  16.0493 +27.1158 22.3 Updated May 26.48 UT             8   0.11 24.9  0.477
P12nfxd  96 2026 05 25.6  17.8220 +16.5953 21.9 Updated May 26.45 UT            14   2.00 22.6  0.514
C1F32J5 100 2026 05 25.4  17.1969 +14.4582 22.0 Updated May 26.31 UT             7   0.85 23.5  0.651
C1F3245  43 2026 05 25.4  17.0029 +10.5640 22.6 Updated May 26.78 UT            11   1.00 20.2  0.503
SJA1250 100 2026 05 24.9  16.8367 +61.2080 20.3 Added May 25.42 UT               3   0.03 17.5  1.982
C1F2HL5 100 2026 05 25.4  16.4615 -11.7483 22.4 Updated May 25.43 UT             8   0.07 25.5  1.525
C1F1TD5 100 2026 05 25.3  15.7838  +4.6496 24.0 Updated May 26.35 UT             4   0.02 33.6  1.624
C03UYWZ 100 2026 05 23.4  16.7363 +13.1552 22.4 Updated May 26.16 UT             7   2.00 23.1  1.508
A11CUyv  94 2026 05 24.1  17.5705 -56.2577 19.2 Updated May 26.35 UT            17   1.97 19.1  0.839
P12nfw2 100 2026 05 24.6  21.0902  -3.5053 21.7 Updated May 26.34 UT             8   1.73 20.3  0.630
NAOCLYL  85 2026 05 23.8  15.9033 -18.9274 21.7 Updated May 26.35 UT             4   0.10 21.7  3.096
A11CQzo 100 2026 05 24.4  21.8085 -17.3376 20.8 Updated May 26.35 UT             5   0.05 29.8  2.518
oKr0080 100 2026 05 23.9  23.4907 +18.5641 20.2 Updated May 26.34 UT             3   0.00 17.1  3.062
C1F1535  97 2026 05 24.4  16.7579  +6.6752 22.4 Updated May 26.35 UT            11   0.87 23.3  1.667
C1F0EU5  80 2026 05 24.3  15.4005 -10.0895 22.0 Updated May 26.33 UT            13   1.97 20.0  0.664
C1F0295  80 2026 05 24.3  15.3054  -6.9764 22.1 Updated May 26.10 UT            20   1.78 22.2  0.861
6EN3D21 100 2026 05 24.2  16.3765 -80.0700 18.6 Updated May 25.35 UT             3   0.01 21.1  2.717
C1EYPU5 100 2026 05 23.4  15.8730  +3.4222 22.8 Updated May 26.35 UT            11   1.87 24.1  1.703
NAOCBPP  99 2026 05 20.7  14.9109 -21.2547 22.3 Updated May 25.35 UT             4   0.13 22.4  6.102
ST26EC8  98 2026 05 20.4  22.0038 -31.0213 23.6 Updated May 25.35 UT             6   0.14 28.6  6.515
P12nfaz  43 2026 05 20.3  13.2120 -27.3887 22.0 Updated May 26.35 UT            12   2.87 18.3  3.760
NAOCAN7 100 2026 05 17.7  15.2872 -21.9310 21.0 Updated May 26.35 UT             4   0.10 19.7  9.100
KPMa1Ih  87 2026 05 18.1  11.1274 -28.6088 23.5 Updated May 26.35 UT             5   0.01 20.9  8.850
CEMVK32  53 2026 05 17.4  16.4015  +7.8621 21.7 Updated May 26.27 UT            52  11.97 20.1  2.548
