TF26EE0 100 2026 05 20.5  16.5644  +8.4249 18.8 Added May 20.66 UT               2   0.00 25.5  0.216
TF26ED8 100 2026 05 20.5  16.3930  +2.6293 18.2 Added May 20.66 UT               2   0.00 24.3  0.236
ST26EC8 100 2026 05 20.4  15.8142  +1.3764 18.7 Updated May 20.66 UT             4   0.02 27.1  0.263
ST26EC7 100 2026 05 20.4  17.3878  +8.0695 16.7 Updated May 20.60 UT             4   0.01 29.5  0.269
ST26EC5 100 2026 05 20.3  17.3624  -3.3943 19.0 Updated May 20.59 UT             4   0.03 24.6  0.361
P12nfgD  86 2026 05 20.4  16.0021  -7.1956 21.6 Updated May 20.69 UT             6   0.14 20.1  0.124
P12nffX  10 2026 05 20.5  16.4006 -20.6942 21.7 Updated May 20.69 UT             5   0.08 14.9  0.127
P12nfdO  94 2026 05 20.5  16.2651 -22.8219 21.4 Updated May 20.69 UT             5   0.09 28.9  0.128
P12nffV  71 2026 05 20.5  16.5091 -19.4972 20.5 Added May 20.54 UT               4   0.03 19.8  0.188
P12nfdQ  98 2026 05 20.4  15.6645 -15.9574 19.8 Updated May 20.69 UT             5   0.12 27.9  0.130
P22nfcp 100 2026 05 20.4  16.9395  +3.6369 20.8 Added May 20.48 UT               3   0.03 21.4  0.244
P22nfcS  85 2026 05 20.4  16.9191  +2.2284 20.5 Added May 20.48 UT               3   0.03 17.5  0.244
P12nfck  98 2026 05 20.4  14.2346 -25.8520 19.1 Updated May 20.69 UT             6   0.11 26.1  0.209
P12nfaz  92 2026 05 20.3  13.2605 -28.5683 21.7 Added May 20.44 UT               3   0.03 18.8  0.344
P22nfat  86 2026 05 20.4  16.2116 +21.3296 21.6 Added May 20.44 UT               3   0.04 19.3  0.304
P22nfau  68 2026 05 20.4  16.7740 +17.0169 21.3 Updated May 20.48 UT             8   7.83 19.0  0.299
P22nfad 100 2026 05 20.4  16.9671 +20.2111 21.1 Updated May 20.69 UT             5   0.22 25.5  0.115
CEN5QX2  91 2026 05 19.4  16.1982 -14.9025 20.6 Updated May 20.52 UT            21   1.02 25.4  0.282
A11CGDH 100 2026 05 19.2  16.3886 -71.7173 19.1 Updated May 20.02 UT             7   0.76 22.0  0.718
A11CGDI  86 2026 05 19.2  17.2309 -44.6035 18.7 Updated May 20.63 UT            24   1.40 21.4  0.114
NAOCAN7 100 2026 05 17.7  15.2749 -21.7571 20.7 Updated May 20.34 UT             4   0.10 20.1  2.847
KPMa1Ih  87 2026 05 18.1  11.1287 -25.7886 23.2 Updated May 20.34 UT             5   0.01 20.8  2.597
A11CDyX  83 2026 05 18.0  10.9137 -31.7875 19.6 Updated May 20.30 UT            19   1.92 20.6  0.727
CEMVK32  35 2026 05 17.4  16.8671 +10.8571 21.6 Updated May 20.52 UT            41   7.48 20.1  0.786
A11Cvk7 100 2026 05 16.9  13.1374 -70.7893 19.9 Updated May 20.34 UT             4   0.03 22.4  3.770
CEMRK82  84 2026 05 16.5  21.6342 -10.5523 21.5 Updated May 20.34 UT             3   0.01 17.4  4.234
A11Cswo 100 2026 05 16.0  17.0606 -22.8949 18.5 Updated May 20.62 UT             6   0.92 16.3  3.797
ST26E75  98 2026 05 15.2   2.5330 -20.6699 27.8 Updated May 20.34 UT             7   0.09 28.6  5.379
P12neKs  35 2026 05 14.6  18.1893 +57.5670 20.0 Updated May 20.37 UT           101   5.47 15.2  0.653
CEMAUH2 100 2026 05 14.4  15.7943 -18.7153 21.1 Updated May 20.34 UT             6   0.07 23.9  6.256
