MZ26114 100 2026 05 18.8  15.7957 -12.5385 18.9 Added May 19.23 UT               6   0.01 22.6  0.423
6EI3621  98 2026 05 19.1  12.7392  -7.0864 20.2 Updated May 19.21 UT            13   0.13 27.0  0.036
NAOCAN7 100 2026 05 17.7  15.2734 -21.7172 20.6 Added May 19.07 UT               4   0.10 19.6  1.388
KPMa1Ih  87 2026 05 18.1  11.1343 -25.0884 23.2 Added May 18.68 UT               5   0.01 21.2  1.137
A11CDyX 100 2026 05 18.0  10.8285 -32.8600 19.7 Updated May 19.02 UT             9   0.92 20.6  0.269
P22nf7G 100 2026 05 17.6  16.2259 +35.5669 22.1 Added May 17.77 UT               4   0.04 22.8  1.634
P22nf3F  32 2026 05 17.5  17.5986 +37.1442 21.4 Updated May 18.35 UT            12   0.81 19.0  0.938
CEMVK32 100 2026 05 17.4  16.9875 +11.5570 21.5 Updated May 19.19 UT            32   6.64 20.1  0.162
A11Cvk7 100 2026 05 16.9  13.4439 -71.8409 19.6 Updated May 18.37 UT             4   0.03 22.7  2.310
CEMRK82  84 2026 05 16.5  21.5929 -10.2505 21.5 Updated May 18.37 UT             3   0.01 17.3  2.775
A11Cswo 100 2026 05 16.0  17.1431 -23.1577 18.4 Updated May 18.37 UT             4   0.02 20.9  3.237
ST26E84  98 2026 05 15.4  15.5355 +10.6510 20.9 Updated May 18.37 UT             6   0.47 26.4  3.350
ST26E75  98 2026 05 15.2   2.5180 -22.0887 27.0 Updated May 18.37 UT             7   0.09 28.6  3.919
P12neKs  35 2026 05 14.6  18.2352 +57.7006 20.1 Updated May 19.21 UT            69   4.41 15.2  0.260
CEMAUH2 100 2026 05 14.4  15.9420 -14.3422 21.2 Updated May 18.39 UT             6   0.07 23.9  4.796
C1EUYV5  35 2026 04 27.5  17.2097 +18.9826 21.9 Updated May 16.81 UT            36 300.17 12.8  2.777
