P12nfw2 100 2026 05 24.6  20.9684  -4.3818 21.3 Added May 24.67 UT               3   0.02 22.3  0.172
NAOCLYL  85 2026 05 23.8  15.8939 -21.0529 21.6 Added May 24.59 UT               4   0.10 21.5  0.928
A11CQzo 100 2026 05 24.4  18.0915 -16.8338 17.1 Added May 24.51 UT               5   0.05 29.9  0.349
P12nfqd 100 2026 05 24.4  15.9655 -23.8007 20.2 Added May 24.49 UT               4   0.03 21.2  0.342
oKr0080 100 2026 05 23.9  23.4820 +18.5044 20.3 Added May 24.47 UT               3   0.00 15.5  0.894
C1F15H5 100 2026 05 24.4  16.8188 +23.8057 21.5 Updated May 24.48 UT             8   0.03 24.6  0.307
P22nfp8 100 2026 05 24.4  15.8639  +1.3634 20.3 Updated May 24.69 UT             6   0.10 22.9  0.305
C1F1535  84 2026 05 24.4  16.7562  +6.0663 22.6 Updated May 24.48 UT             8   0.05 20.2  0.310
C1F0TQ5 100 2026 05 24.4  15.9489  -6.2733 21.6 Updated May 24.48 UT            10   0.09 22.8  0.315
CEP5GZ2 100 2026 05 24.4  15.9129  +1.7655 20.5 Updated May 24.68 UT            13   0.09 25.7  0.305
C1F0L35 100 2026 05 24.3  15.0710  +2.5762 22.3 Updated May 24.42 UT             8   0.08 21.9  0.367
ST26EG3  98 2026 05 24.3  17.5920  -3.7750 19.7 Updated May 24.57 UT            14   0.21 27.5  0.234
C1F0EU5  82 2026 05 24.3  15.4443 -10.0921 22.1 Updated May 24.39 UT             8   0.07 14.8  0.394
C1F0295 100 2026 05 24.3  15.3461  -7.4196 22.1 Updated May 24.43 UT            12   0.12 21.6  0.349
CEP1CX2 100 2026 05 24.3  15.0300  +1.3589 20.8 Updated May 24.43 UT            20   0.14 24.9  0.358
6EN3D21 100 2026 05 24.2  16.6778 -78.9645 19.1 Added May 24.29 UT               3   0.01 19.2  0.549
CEP0PP2  98 2026 05 24.2  14.9474  -6.8222 20.4 Updated May 24.40 UT            15   0.16 28.5  0.383
C1EYRR5  91 2026 05 23.4  15.8751  +1.7848 22.4 Updated May 24.68 UT            18   1.10 25.0  0.305
C1EYQL5 100 2026 05 23.4  15.8375  +0.7616 22.0 Updated May 24.68 UT            12   1.10 24.3  0.305
C1EYPU5 100 2026 05 23.4  15.8360  +3.0940 22.8 Updated May 24.37 UT             9   0.64 24.0  0.766
C1EYPT5  89 2026 05 23.4  15.8168  +1.4254 21.8 Updated May 24.68 UT            19   1.10 24.2  0.305
C1EYD55  64 2026 05 23.3  15.7910 -13.1678 22.1 Updated May 24.30 UT            12   0.95 20.1  0.505
C1EXH55  93 2026 05 23.3  14.0263  +5.9684 22.5 Updated May 24.21 UT            20   0.91 23.7  0.592
6EM3521  79 2026 05 23.1  13.1418 -10.9459 20.2 Updated May 24.29 UT            29   1.14 22.4  0.590
NAOCBPP 100 2026 05 20.7  14.8774 -19.8388 22.3 Updated May 24.34 UT             4   0.13 22.4  3.934
C46CD31 100 2026 05 21.4   1.3504  -3.2709 26.7 Updated May 23.35 UT             7   0.05 28.6  3.342
ST26ED1  98 2026 05 21.2   1.6400 -14.8790 27.2 Updated May 23.35 UT            20   0.16 30.2  3.400
TF26EE0 100 2026 05 20.5  16.3617  +8.8198 24.3 Updated May 24.34 UT             4   0.02 28.8  4.301
ST26EC8  98 2026 05 20.4  21.2624 -30.5560 22.5 Updated May 23.35 UT             6   0.14 28.6  4.347
ST26EC7  98 2026 05 20.4   2.4532  -8.4096 29.7 Updated May 23.35 UT             6   0.11 30.3  4.353
ST26EC5 100 2026 05 20.3  15.3311 -18.0702 20.5 Updated May 24.34 UT             4   0.03 24.8  4.446
P12nfaz  43 2026 05 20.3  13.2265 -27.7972 21.9 Updated May 24.34 UT            12   2.87 18.3  1.592
NAOCAN7 100 2026 05 17.7  15.2807 -21.8718 20.9 Updated May 24.34 UT             4   0.10 19.9  6.932
KPMa1Ih  87 2026 05 18.1  11.1240 -27.6289 23.4 Updated May 24.34 UT             5   0.01 20.8  6.681
CEMVK32  35 2026 05 17.4  16.5533  +8.8923 21.7 Updated May 24.42 UT            50  11.97 20.1  0.380
P12neKs  35 2026 05 14.6  18.0552 +57.0975 19.9 Updated May 24.37 UT           161   9.46 15.1  0.752
