CELY6P2 100 2026 05 11.4  17.0148 +18.0823 21.0 Updated May 11.47 UT             8   0.05 23.0  0.307
ST26E38 100 2026 05 11.3  17.2894  +7.1470 20.0 Updated May 11.66 UT             6   0.14 25.7  0.320
C469HY1 100 2026 05 11.4  17.0838  +5.2854 18.5 Updated May 11.64 UT            13   0.06 26.0  0.318
6EA3I21  62 2026 05 11.3  19.4302  -5.3068 17.0 Added May 11.37 UT               3   0.01 13.0  0.441
CELXZH2 100 2026 05 11.3  14.8073 +23.9965 22.7 Added May 11.37 UT               3   0.01 22.0  0.426
CELXRN2  98 2026 05 11.3  13.1627 +26.6127 20.9 Updated May 11.39 UT             7   0.11 18.4  0.392
TF26E51 100 2026 05 11.3  15.2847  +8.7078 19.2 Added May 11.28 UT               2   0.00 23.3  0.500
ST26E34 100 2026 05 10.5  14.7232 +23.5291 21.1 Added May 10.70 UT               2   0.00 26.4  1.313
6E94521 100 2026 05 10.4  19.3905 -57.0941 19.4 Updated May 11.30 UT            13   0.92 19.0  0.497
CELUGK2  93 2026 05 10.3  14.8115 +27.8117 21.5 Updated May 11.19 UT            21   0.85 24.4  0.589
ZTF10Do  98 2026 05 10.2  13.8003  +8.1810 18.2 Updated May 11.58 UT            11   1.27 27.1  0.269
CELU1Q2  98 2026 05 10.2  11.5861 +31.2879 21.4 Updated May 11.21 UT            13   0.99 26.1  0.580
ST26E24  98 2026 05 10.2   3.3369 -17.3986 25.4 Updated May 10.52 UT            13   0.29 29.1  1.298
ZTF10Dn 100 2026 05 09.3  16.8398 -12.8828 20.2 Updated May 11.31 UT             4   0.04 26.9  2.438
XA9ttXA  97 2026 05 08.8  15.1200  +1.8438 22.6 Updated May 11.23 UT            13   2.46 21.8  0.556
ST26E18 100 2026 05 09.4  15.4695 -14.2131 22.6 Updated May 11.31 UT             4   0.00 30.1  2.408
CELT0C2  79 2026 05 09.2  12.6696 +44.5469 20.9 Updated May 11.05 UT            26   1.80 22.8  0.724
CELRZD2 100 2026 05 09.2  12.5175 +35.8265 22.1 Updated May 11.31 UT             8   0.10 22.6  2.426
TF26E23 100 2026 05 09.2  12.9816  -3.9634 17.6 Updated May 11.76 UT             2   0.00 19.6  2.557
ZTF10Dl 100 2026 05 08.3  18.7966 -15.5292 21.0 Updated May 10.31 UT             4   0.03 27.0  3.406
ST26E14 100 2026 05 08.4  13.3599  -3.3133 17.9 Updated May 10.31 UT             2   0.00 21.3  3.349
P22n0vC  24 2026 05 08.3  14.8034  +9.7799 22.4 Updated May 11.21 UT            25   2.87 19.9  0.569
CELLEH2  86 2026 05 08.3  15.8693 -16.5326 23.4 Updated May 11.31 UT            13   1.86 32.7  1.617
P22n0fQ  97 2026 05 07.4  15.0829  +9.9952 22.5 Updated May 11.31 UT             3   0.04 24.4  4.367
ZTF10Di 100 2026 05 07.4  22.1219 -10.9014 22.9 Updated May 11.31 UT             4   0.02 27.4  4.382
S001563  73 2026 05 07.0  12.9951 -26.9423 21.5 Updated May 11.31 UT             3   0.03 17.9  4.697
P22mZLU  68 2026 05 06.3  11.8010 -16.3382 21.0 Updated May 11.60 UT            17   4.96 20.7  0.541
A11BRI6  51 2026 05 03.0  10.9175 -39.5686 18.8 Updated May 11.39 UT            55   7.13 19.8  1.632
C1EUYV5  35 2026 04 27.5  17.3129 +18.6028 21.7 Updated May 11.29 UT            30  13.80 12.6  0.505
