ST26EB8 100 2026 05 19.4  16.7177  +8.9199 19.5 Updated May 19.95 UT            11   0.49 25.4  0.213
CEN5QX2 100 2026 05 19.4  16.1430 -15.1046 20.5 Updated May 20.02 UT            15   0.54 25.2  0.222
A11CGDH 100 2026 05 19.2  16.3050 -72.1516 19.2 Updated May 20.02 UT             7   0.76 22.0  0.176
A11CGDI 100 2026 05 19.2  17.1592 -45.3197 18.8 Updated May 20.09 UT            15   0.88 21.5  0.090
NAOCAN7 100 2026 05 17.7  15.2741 -21.7428 20.6 Added May 19.07 UT               4   0.10 19.6  2.306
KPMa1Ih  87 2026 05 18.1  11.1308 -25.5326 23.2 Added May 18.68 UT               5   0.01 21.2  2.055
A11CDyX  93 2026 05 18.0  10.8813 -32.1948 19.7 Updated May 20.01 UT            15   1.92 20.7  0.188
CEMVK32  35 2026 05 17.4  16.9113 +11.1173 21.6 Updated May 19.63 UT            38   7.00 20.1  0.722
A11Cvk7 100 2026 05 16.9  13.1549 -70.8754 19.5 Updated May 18.37 UT             4   0.03 22.7  3.228
CEMRK82  84 2026 05 16.5  21.6189 -10.4357 21.5 Updated May 18.37 UT             3   0.01 17.3  3.693
A11Cswo 100 2026 05 16.0  17.0838 -22.9092 18.3 Updated May 18.37 UT             4   0.02 20.9  4.155
ST26E75  98 2026 05 15.2   2.5283 -21.0842 27.5 Updated May 18.37 UT             7   0.09 28.6  4.837
P12neKs  35 2026 05 14.6  18.2065 +57.6186 20.1 Updated May 20.03 UT            90   5.34 15.2  0.240
CEMAUH2 100 2026 05 14.4  15.8453 -17.2495 21.1 Updated May 18.39 UT             6   0.07 23.9  5.714
