ST26EB8  98 2026 05 19.4  16.5961  +6.5337 19.4 Updated May 19.88 UT             8   0.42 25.4  0.038
LA0C0VD 100 2026 05 17.5  22.5259 -68.1391 22.7 Added May 19.61 UT               6   0.07 30.8  2.282
CEN5QX2 100 2026 05 19.4  16.1156 -15.1996 21.1 Updated May 19.46 UT             8   0.06 24.2  0.450
ST26EB6  98 2026 05 19.3  17.0114 -10.2574 19.7 Updated May 19.39 UT            10   0.11 27.7  0.523
A11CGDH 100 2026 05 19.2  16.2514 -72.3656 19.3 Added May 19.28 UT               4   0.02 19.2  0.667
A11CGDI 100 2026 05 19.2  17.1247 -45.6375 18.8 Updated May 19.48 UT             8   0.17 20.7  0.545
NAOCAN7 100 2026 05 17.7  15.2739 -21.7358 20.6 Added May 19.07 UT               4   0.10 19.6  2.056
KPMa1Ih  87 2026 05 18.1  11.1317 -25.4123 23.2 Added May 18.68 UT               5   0.01 21.2  1.805
A11CDyX 100 2026 05 18.0  10.8666 -32.3796 19.8 Updated May 19.66 UT             9   0.92 20.7  0.937
P22nf7G 100 2026 05 17.6  16.2462 +36.2473 22.1 Updated May 19.41 UT            11   1.78 23.1  0.559
P22nf3F  10 2026 05 17.5  17.5976 +37.2508 21.6 Updated May 19.89 UT            21  53.02 19.2  0.453
CEMVK32  35 2026 05 17.4  16.9319 +11.2372 21.5 Updated May 19.63 UT            38   7.00 20.1  0.472
A11Cvk7 100 2026 05 16.9  13.2309 -71.1511 19.5 Updated May 18.37 UT             4   0.03 22.7  2.978
CEMRK82  84 2026 05 16.5  21.6118 -10.3848 21.5 Updated May 18.37 UT             3   0.01 17.3  3.443
A11Cswo 100 2026 05 16.0  17.1005 -22.9795 18.3 Updated May 18.37 UT             4   0.02 20.9  3.905
ST26E75  98 2026 05 15.2   2.5259 -21.3112 27.4 Updated May 18.37 UT             7   0.09 28.6  4.587
P12neKs  35 2026 05 14.6  18.2143 +57.6415 20.1 Updated May 19.71 UT            79   4.47 15.2  0.859
CEMAUH2 100 2026 05 14.4  15.8711 -16.4856 21.1 Updated May 18.39 UT             6   0.07 23.9  5.464
