CEP5YT2 100 2026 05 27.2  14.3238 +38.1070 21.3 Updated May 28.19 UT            11   0.93 25.0  0.567
A11CWPw 100 2026 05 26.6   1.4342 +10.0268 20.5 Updated May 28.36 UT             4   0.02 28.8  2.167
C1F4195 100 2026 05 26.4  16.1498 +10.6636 22.8 Updated May 28.36 UT             7   0.07 27.7  2.294
P12nfxd 100 2026 05 25.6  17.7925 +17.3363 21.9 Updated May 28.36 UT            14   2.00 22.6  2.308
C1F32J5 100 2026 05 25.4  17.1758 +18.0394 22.1 Updated May 27.70 UT            11   1.88 23.6  1.409
C1F3245  48 2026 05 25.4  16.9634 +10.3934 22.7 Updated May 28.36 UT            11   1.00 20.3  2.298
SJA1250 100 2026 05 24.9  16.7263 +60.4510 20.2 Updated May 27.36 UT             3   0.03 17.1  3.776
C1F2HL5 100 2026 05 25.4  16.6857 -12.2114 22.4 Updated May 28.36 UT             8   0.07 25.5  3.320
C1F1TD5 100 2026 05 25.3  15.8302  +4.5316 25.6 Updated May 28.36 UT             4   0.02 33.9  3.418
C03UYWZ  98 2026 05 23.4  16.7156 +16.3521 22.2 Updated May 27.70 UT            13   5.98 23.1  2.320
P12nfw2 100 2026 05 24.6  21.1927  -2.7600 21.7 Updated May 27.69 UT            14   3.01 20.3  1.141
NAOCLYL  85 2026 05 23.8  15.9109 -17.2549 21.9 Updated May 28.36 UT             4   0.10 21.5  4.890
A11CQzo 100 2026 05 24.4  22.3297 -16.1051 22.1 Updated May 28.36 UT             5   0.05 29.8  4.312
oKr0080 100 2026 05 23.9  23.4962 +18.6170 20.4 Updated May 28.36 UT             3   0.00 17.8  4.857
C1F1535  97 2026 05 24.4  16.7579  +7.1788 22.3 Updated May 28.36 UT            11   0.87 23.3  3.461
6EN3D21 100 2026 05 24.2  16.0812 -80.5764 18.9 Updated May 28.36 UT             3   0.01 18.8  4.512
C1EYPU5 100 2026 05 23.4  15.9042  +3.6501 22.9 Updated May 28.37 UT            11   1.87 24.1  3.498
NAOCBPP  99 2026 05 20.7  14.9385 -22.3208 22.4 Updated May 28.36 UT             4   0.13 22.4  7.897
ST26EC8  98 2026 05 20.4  22.2969 -30.9300 24.2 Updated May 28.36 UT             6   0.14 28.6  8.310
P12nfaz  43 2026 05 20.3  13.2019 -27.0529 22.1 Updated May 28.36 UT            12   2.87 18.4  5.555
NAOCAN7 100 2026 05 17.7  15.2912 -21.9719 21.2 Updated May 28.37 UT             4   0.10 20.1 10.895
KPMa1Ih  87 2026 05 18.1  11.1328 -29.2760 23.6 Updated May 28.36 UT             5   0.01 20.8 10.644
CEMVK32  51 2026 05 17.4  16.2836  +7.0236 21.8 Updated May 27.66 UT            59  13.11 20.1  3.205
