P12nfxy 100 2026 05 26.6  17.5606  +5.2916 20.6 Added May 26.63 UT               3   0.02 22.7  0.123
CEP5WY2 100 2026 05 26.4  18.9775 +40.7311 21.0 Updated May 26.48 UT             7   0.03 21.3  0.249
C1F41L5 100 2026 05 26.4  15.9702  +8.8141 19.8 Updated May 26.44 UT             8   0.05 23.7  0.289
CEP5WU2 100 2026 05 26.4  17.5582 +49.6857 21.1 Updated May 26.44 UT            10   0.06 26.1  0.290
C1F4195 100 2026 05 26.4  16.1126  +7.9740 22.1 Updated May 26.45 UT             7   0.07 27.6  0.272
C1F4075 100 2026 05 26.4  16.0483 +27.4559 22.3 Updated May 26.48 UT             8   0.11 24.9  0.249
P12nfxd  96 2026 05 25.6  17.8257 +16.4946 21.9 Updated May 26.45 UT            14   2.00 22.6  0.286
C1F32J5 100 2026 05 25.4  17.1994 +13.9972 22.0 Updated May 26.31 UT             7   0.85 23.5  0.423
C1F3245  73 2026 05 25.4  17.0079 +10.5840 22.5 Updated May 26.45 UT             8   1.00 20.1  0.276
SJA1250 100 2026 05 24.9  16.8513 +61.2994 20.3 Added May 25.42 UT               3   0.03 17.5  1.754
C1F2X35  84 2026 05 25.4  16.3249  +0.6624 21.8 Updated May 26.47 UT            16   1.09 22.7  0.262
C1F2HL5 100 2026 05 25.4  16.4327 -11.6875 22.4 Updated May 25.43 UT             8   0.07 25.5  1.297
C1F1TD5 100 2026 05 25.3  15.7655  +4.6945 23.9 Updated May 26.35 UT             4   0.02 33.6  1.396
C03UYWZ 100 2026 05 23.4  16.7388 +12.7499 22.4 Updated May 26.16 UT             7   2.00 23.1  1.280
A11CUyv  94 2026 05 24.1  17.5759 -56.4721 19.2 Updated May 26.35 UT            17   1.97 19.1  0.612
P12nfw2 100 2026 05 24.6  21.0773  -3.5988 21.7 Updated May 26.34 UT             8   1.73 20.3  0.402
NAOCLYL  85 2026 05 23.8  15.9023 -19.1467 21.7 Updated May 26.35 UT             4   0.10 21.7  2.868
A11CQzo 100 2026 05 24.4  21.6852 -17.5883 20.5 Updated May 26.35 UT             5   0.05 29.8  2.290
oKr0080 100 2026 05 23.9  23.4899 +18.5581 20.2 Updated May 26.34 UT             3   0.00 17.1  2.835
C1F1535  97 2026 05 24.4  16.7578  +6.6114 22.4 Updated May 26.35 UT            11   0.87 23.3  1.439
C1F0EU5  80 2026 05 24.3  15.4051 -10.0891 22.0 Updated May 26.33 UT            13   1.97 20.0  0.437
C1F0295  80 2026 05 24.3  15.3097  -7.0224 22.1 Updated May 26.10 UT            20   1.78 22.2  0.633
6EN3D21 100 2026 05 24.2  16.4190 -79.9407 18.6 Updated May 25.35 UT             3   0.01 21.1  2.490
C1EYPU5 100 2026 05 23.4  15.8691  +3.3904 22.8 Updated May 26.35 UT            11   1.87 24.1  1.476
C1EYD55  24 2026 05 23.3  15.7323 -13.6306 22.2 Updated May 26.43 UT            18   3.07 20.5  0.319
NAOCBPP  99 2026 05 20.7  14.9074 -21.1158 22.3 Updated May 25.35 UT             4   0.13 22.4  5.874
ST26EC8  98 2026 05 20.4  21.9513 -31.0196 23.5 Updated May 25.35 UT             6   0.14 28.6  6.288
P12nfaz  43 2026 05 20.3  13.2134 -27.4315 22.0 Updated May 26.35 UT            12   2.87 18.3  3.532
NAOCAN7 100 2026 05 17.7  15.2866 -21.9253 21.0 Updated May 26.35 UT             4   0.10 19.7  8.872
KPMa1Ih  87 2026 05 18.1  11.1269 -28.5125 23.5 Updated May 26.35 UT             5   0.01 20.9  8.622
CEMVK32  53 2026 05 17.4  16.4169  +7.9696 21.7 Updated May 26.27 UT            52  11.97 20.1  2.320
P12neKs  35 2026 05 14.6  17.9892 +56.8223 19.9 Updated May 26.66 UT           176  11.53 15.1  0.622
