KPMa1Ih  82 2026 05 18.1  11.1352 -24.9867 23.2 Added May 18.68 UT               5   0.01 21.2  0.929
A11CDyX  95 2026 05 18.0  10.8169 -33.0066 19.7 Updated May 19.02 UT             9   0.92 20.6  0.061
P22nf7G 100 2026 05 17.6  16.2207 +35.3833 22.1 Added May 17.77 UT               4   0.04 22.8  1.426
P22nf3F  32 2026 05 17.5  17.5988 +37.1100 21.4 Updated May 18.35 UT            12   0.81 19.0  0.729
CEMVK32 100 2026 05 17.4  17.0051 +11.6565 21.7 Updated May 18.33 UT            30   5.77 20.2  0.825
A11Cvk7 100 2026 05 16.9  13.5131 -72.0414 19.6 Updated May 18.37 UT             4   0.03 22.7  2.102
CEMRK82  84 2026 05 16.5  21.5870 -10.2091 21.5 Updated May 18.37 UT             3   0.01 17.3  2.566
A11Cswo 100 2026 05 16.0  17.1558 -23.2106 18.5 Updated May 18.37 UT             4   0.02 20.9  3.029
ST26E84  98 2026 05 15.4  15.5054 +10.6692 20.8 Updated May 18.37 UT             6   0.47 26.4  3.141
ST26E75  98 2026 05 15.2   2.5148 -22.4019 26.8 Updated May 18.37 UT             7   0.09 28.6  3.711
P12neKs  35 2026 05 14.6  18.2417 +57.7183 20.2 Updated May 18.99 UT            64   4.41 15.3  0.052
CEMAUH2 100 2026 05 14.4  15.9649 -13.6428 21.2 Updated May 18.39 UT             6   0.07 23.9  4.588
C1EUYV5  35 2026 04 27.5  17.2127 +18.9732 21.9 Updated May 16.81 UT            36 300.17 12.8  2.569
