ST26G30 100 2026 07 11.2  18.0853 +12.6678 19.9 Updated July 11.29 UT            4   0.02 25.3  0.043
ST26G29 100 2026 07 11.2  18.0412 +10.3802 18.2 Added July 11.28 UT              2   0.00 25.0  0.068
ST26G26 100 2026 07 10.5  20.4512  +6.2832 19.7 Updated July 10.83 UT            4   0.01 26.8  0.824
ZTF10Ek  86 2026 07 10.3  17.9899 +10.5268 19.0 Updated July 11.18 UT           13   1.86 29.9  0.118
OCA1648  97 2026 07 10.2  19.2360 -31.5456 18.9 Updated July 11.10 UT            6   0.89 19.9  0.220
A11Evr9 100 2026 07 10.0  22.2919 -54.5839 18.3 Added July 10.39 UT              7   0.03 23.3  1.219
TF26G22  98 2026 07 10.3  18.0410 +10.3756 19.2 Updated July 11.28 UT            2   0.94 25.8  0.054
ST26G18 100 2026 07 10.3  21.4688 +41.0049 20.1 Updated July 10.38 UT            4   0.02 25.7  0.960
ST26G17 100 2026 07 10.3  21.1740  +4.7201 20.0 Added July 10.37 UT              2   0.00 26.3  1.003
CEQKE72  92 2026 07 10.3  16.2459 +11.4353 20.8 Updated July 11.17 UT           18   0.90 23.0  0.127
A11Evap 100 2026 07 09.9  19.8075 -38.2258 19.4 Updated July 10.95 UT           10   0.95 21.8  0.412
P12o0YY  99 2026 07 09.5  20.7904 -21.9713 20.9 Updated July 11.23 UT            6   0.08 19.1  1.748
CEQJF02  88 2026 07 09.3  22.6078 +14.3582 21.0 Updated July 11.16 UT           18   1.69 27.1  0.258
P12o0Y1 100 2026 07 08.5  20.2945 -29.8560 21.3 Updated July 10.65 UT           12  18.41 22.4  1.327
P12nXce 100 2026 07 08.5  21.8654 -32.9241 21.1 Updated July 11.23 UT            9   1.02 21.5  1.764
P12nXcA  90 2026 07 08.5  21.0733 -26.1012 19.8 Updated July 10.49 UT           15   1.76 22.7  1.031
P12nXcf 100 2026 07 08.5  20.9651 -18.3687 21.3 Updated July 10.65 UT           17   1.02 24.0  1.760
A11Eq8v 100 2026 07 07.9  22.2818 -35.3171 18.5 Updated July 11.23 UT           10   2.05 25.4  1.321
A11EpSe  95 2026 07 08.2  19.6583 -29.8388 19.5 Updated July 11.15 UT           13   2.94 19.2  0.173
W2nCdO   79 2026 07 07.4  19.1307 -24.5588 23.7 Updated July 11.23 UT           11  19.01 26.6  1.867
ST26G01  98 2026 07 07.2  20.5623 -58.5529 21.4 Updated July 11.23 UT           14   0.10 27.0  3.941
P22nTNT  10 2026 07 06.5  18.3033 +17.6264 21.0 Updated July 11.23 UT           24   2.71 19.0  2.118
P22nTLB  21 2026 07 06.3  17.6939  +7.7789 22.2 Updated July 11.23 UT           20   2.87 19.6  2.111
MAS0006  35 2026 06 19.3  18.3624 +23.9036 20.0 Updated July 10.96 UT          139  21.63  9.0  0.355
OMO0297  87 2026 06 25.8  23.6609  +3.8452 21.9 Updated July 10.23 UT           12  12.63 20.1  2.837
P22nJzF  35 2026 06 22.5  22.5125 +18.9181 21.6 Updated July 10.42 UT           23  25.46 14.1  1.283
