CENU0L2 100 2026 05 22.2  13.9536  -4.1712 21.5 Updated May 22.31 UT             7   0.06 25.5  0.033
CENV8M2 100 2026 05 22.3  15.0033  -2.8582 19.6 Added May 22.30 UT               4   0.02 29.9  0.027
NAOCBPP  99 2026 05 20.7  14.8440 -18.2918 22.1 Added May 22.28 UT               4   0.13 22.6  1.476
8N2S001 100 2026 05 22.0  17.8596 +17.9290 19.3 Added May 22.24 UT               3   0.01 24.4  0.274
Sar2899  98 2026 05 22.0  16.2269 +11.8495 20.6 Updated May 22.28 UT            20   0.29 29.7  0.046
CZYNHKZ 100 2026 05 14.4  16.3823  +2.4953 21.4 Updated May 22.04 UT             4   0.02 22.8  7.939
P22nfmx  79 2026 05 21.3  14.4155  +1.5209 21.2 Updated May 22.28 UT            27   1.06 24.7  0.070
C46CD31 100 2026 05 21.4  21.6243  -5.8981 20.0 Updated May 21.45 UT             5   0.05 28.5  0.883
ST26ED8  91 2026 05 21.3  17.7766 +14.8203 20.2 Updated May 22.26 UT            27   0.89 25.8  0.106
ST26ED1  98 2026 05 21.2   0.1645 -18.9015 21.9 Updated May 21.71 UT            20   0.16 30.2  0.941
TF26EE0 100 2026 05 20.5  16.4128  +8.7793 22.7 Updated May 20.74 UT             4   0.02 28.7  1.842
ST26EC8  98 2026 05 20.4  18.8235 -22.1316 20.2 Updated May 21.71 UT             6   0.14 28.6  1.889
ST26EC7  98 2026 05 20.4   2.2993  -8.3153 27.7 Updated May 21.71 UT             6   0.11 30.2  1.895
ST26EC5 100 2026 05 20.3  16.0493 -13.3932 19.2 Updated May 20.59 UT             4   0.03 24.6  1.987
P12nfgD  10 2026 05 20.4  15.9583  -7.5078 21.8 Updated May 22.22 UT            30 5292.85 20.0  0.126
P12nffX  10 2026 05 20.5  16.3718 -20.8477 21.6 Updated May 21.77 UT            12   6.91 18.9  0.956
P12nffV  45 2026 05 20.5  16.5011 -18.8103 20.5 Updated May 22.27 UT            23   2.72 20.2  0.292
P12nfaz  48 2026 05 20.3  13.2459 -28.2618 22.0 Updated May 22.18 UT            10   1.84 18.4  0.158
P22nfat  20 2026 05 20.4  16.1837 +21.5088 22.1 Updated May 21.73 UT            25 622.93 19.6  0.895
NAOCAN7 100 2026 05 17.7  15.2769 -21.8057 20.8 Updated May 21.35 UT             4   0.10 19.6  4.474
KPMa1Ih  87 2026 05 18.1  11.1250 -26.5405 23.3 Updated May 21.35 UT             5   0.01 20.8  4.223
CEMVK32  35 2026 05 17.4  16.7379 +10.0738 21.6 Updated May 21.47 UT            47   9.02 20.1  0.868
P12neKs  35 2026 05 14.6  18.1368 +57.3973 20.0 Updated May 22.02 UT           121   7.45 15.2  0.307
