P12nfxd  98 2026 05 25.6  17.8348 +16.2409 21.8 Updated May 25.79 UT             6   1.15 22.5  0.570
P12nfwU  96 2026 05 25.5  16.9114 +14.4919 21.7 Updated May 25.97 UT             8   8.14 23.3  0.626
C1F32J5 100 2026 05 25.4  17.2098 +12.7639 22.1 Added May 25.48 UT               4   0.02 25.7  0.686
C1F3245  75 2026 05 25.4  17.0196 +10.6320 22.9 Added May 25.48 UT               4   0.02 16.9  0.689
SJA1250 100 2026 05 24.9  16.8878 +61.5224 20.3 Added May 25.42 UT               3   0.03 17.5  1.190
C1F2X35  91 2026 05 25.4  16.3412  +1.3800 21.9 Updated May 25.46 UT             8   0.09 21.4  0.698
C1F2HL5 100 2026 05 25.4  16.3618 -11.5361 22.4 Updated May 25.43 UT             8   0.07 25.5  0.734
C1F2HK5 100 2026 05 25.4  16.1836 -11.7186 21.8 Updated May 25.43 UT             8   0.07 22.8  0.736
C1F1TD5 100 2026 05 25.3  15.6318  +4.3067 21.9 Added May 25.33 UT               4   0.02 27.4  0.832
C03UYWZ 100 2026 05 23.4  16.7449 +11.7497 22.4 Updated May 26.12 UT             8   2.00 22.7  0.711
A11CUyv  94 2026 05 24.1  17.5893 -56.9988 19.2 Updated May 26.12 UT            14   1.97 19.1  0.048
P12nfw2 100 2026 05 24.6  21.0457  -3.8277 21.4 Updated May 25.71 UT             5   1.00 19.3  0.565
NAOCLYL  85 2026 05 23.8  15.8997 -19.6700 21.6 Added May 24.59 UT               4   0.10 21.5  2.304
A11CQzo 100 2026 05 24.4  21.2511 -18.3164 19.9 Added May 24.51 UT               5   0.05 29.9  1.726
oKr0080 100 2026 05 23.9  23.4870 +18.5452 20.2 Added May 24.47 UT               3   0.00 15.5  2.271
C1F1535  87 2026 05 24.4  16.7576  +6.4536 22.4 Updated May 25.30 UT            11   0.87 23.3  0.875
C1F0TQ5  89 2026 05 24.4  15.8642  -8.1356 21.7 Updated May 25.39 UT            15   2.93 24.3  0.895
C1F0EU5  80 2026 05 24.3  15.4166 -10.0886 22.1 Updated May 26.15 UT            11   1.81 19.5  0.030
C1F0295  80 2026 05 24.3  15.3203  -7.1367 22.1 Updated May 26.10 UT            20   1.78 22.2  0.069
6EN3D21 100 2026 05 24.2  16.5128 -79.6336 18.7 Updated May 25.35 UT             3   0.01 21.1  1.926
C1EYPU5 100 2026 05 23.4  15.8594  +3.3089 22.9 Updated May 25.26 UT            11   1.87 24.2  0.912
C1EYD55  69 2026 05 23.3  15.7501 -13.4900 22.2 Updated May 25.35 UT            12   0.95 20.1  1.881
NAOCBPP  99 2026 05 20.7  14.8989 -20.7691 22.3 Updated May 25.35 UT             4   0.13 22.4  5.311
C46CD31 100 2026 05 21.4   1.5445  -3.0027 27.5 Updated May 25.35 UT             7   0.05 28.6  4.718
ST26ED1  98 2026 05 21.2   1.7248 -14.5494 28.0 Updated May 25.35 UT            20   0.16 30.2  4.776
ST26EC8  98 2026 05 20.4  21.8020 -30.9890 23.2 Updated May 25.35 UT             6   0.14 28.6  5.724
ST26EC7  98 2026 05 20.4   2.4787  -8.3901 30.2 Updated May 25.35 UT             6   0.11 30.3  5.730
P12nfaz  43 2026 05 20.3  13.2170 -27.5376 22.0 Updated May 24.34 UT            12   2.87 18.3  2.969
NAOCAN7 100 2026 05 17.7  15.2834 -21.9058 21.0 Updated May 24.34 UT             4   0.10 19.9  8.308
KPMa1Ih  87 2026 05 18.1  11.1257 -28.2094 23.4 Updated May 24.34 UT             5   0.01 20.8  8.058
CEMVK32  53 2026 05 17.4  16.4557  +8.2365 21.7 Updated May 24.42 UT            50  11.97 20.1  1.756
P12neKs  35 2026 05 14.6  18.0085 +56.9059 19.9 Updated May 25.03 UT           167  10.45 15.1  1.141
