SO0006A 100 2026 05 22.7  20.9166 -35.3459 19.1 Added May 22.70 UT               4   0.01 23.9  0.139
ST26EE8  98 2026 05 22.2  15.1796 +13.5023 18.5 Updated May 22.69 UT             5   0.22 27.0  0.355
MKp7968  95 2026 05 17.7  14.1212  +5.4284 21.6 Added May 22.41 UT               6   4.04 23.0  1.123
C46CH71 100 2026 05 22.3  15.1901 +24.0305 19.6 Updated May 22.39 UT             8   0.04 23.6  0.437
ST26EE4  98 2026 05 22.3  18.3517 +18.1621 20.8 Updated May 22.46 UT            18   0.13 29.0  0.371
ST26EE3  98 2026 05 22.3  16.5010  +6.4896 19.6 Updated May 22.47 UT            12   0.21 28.4  0.363
CENWC52  98 2026 05 22.3  15.6863  -2.8813 20.1 Updated May 22.49 UT            15   0.18 27.7  0.343
CENU0L2  98 2026 05 22.2  14.0761  -3.1817 21.9 Updated May 22.37 UT             9   0.13 27.4  0.460
CENV8M2  98 2026 05 22.3  16.5937 +15.9443 16.8 Updated May 22.42 UT            19   0.12 31.1  0.424
NAOCBPP  99 2026 05 20.7  14.8508 -18.6268 22.1 Updated May 22.70 UT             4   0.13 22.4  1.976
8N2S001 100 2026 05 22.0  17.7431 +14.7416 19.1 Added May 22.24 UT               3   0.01 24.4  0.774
Sar2899  98 2026 05 22.0  15.9776 +11.4725 20.9 Updated May 22.45 UT            24   0.46 29.6  0.380
CZYNHKZ 100 2026 05 14.4  16.3657  +2.3922 21.4 Updated May 22.04 UT             4   0.02 22.8  8.439
C46CD31 100 2026 05 21.4  23.5380  -5.1784 22.3 Updated May 21.45 UT             5   0.05 28.5  1.383
ST26ED8  79 2026 05 21.3  17.6332 +18.7566 20.4 Updated May 22.42 UT            39   1.08 25.8  0.413
ST26ED1  98 2026 05 21.2   1.0884 -16.6934 24.3 Updated May 21.71 UT            20   0.16 30.2  1.441
TF26EE0 100 2026 05 20.5  16.4001  +8.8001 23.1 Updated May 22.38 UT             4   0.02 28.7  2.342
ST26EC8  98 2026 05 20.4  19.5770 -25.8949 20.7 Updated May 21.71 UT             6   0.14 28.6  2.389
ST26EC7  98 2026 05 20.4   2.3608  -8.3667 28.4 Updated May 21.71 UT             6   0.11 30.2  2.395
ST26EC5 100 2026 05 20.3  15.8761 -14.6058 19.4 Updated May 22.38 UT             4   0.03 24.9  2.487
P12nffX  10 2026 05 20.5  16.3627 -20.8947 21.7 Updated May 22.44 UT            15   7.94 19.3  0.429
P12nffV  45 2026 05 20.5  16.4984 -18.5961 20.5 Updated May 22.27 UT            23   2.72 20.2  0.792
P12nfaz  48 2026 05 20.3  13.2417 -28.1672 22.0 Updated May 22.18 UT            10   1.84 18.4  0.658
NAOCAN7 100 2026 05 17.7  15.2770 -21.8149 20.7 Updated May 22.38 UT             4   0.10 19.7  4.974
KPMa1Ih  87 2026 05 18.1  11.1243 -26.7736 23.3 Updated May 22.38 UT             5   0.01 20.8  4.723
CEMVK32  55 2026 05 17.4  16.6993  +9.8330 21.6 Updated May 21.47 UT            47   9.02 20.1  1.368
P12neKs  35 2026 05 14.6  18.1204 +57.3406 20.0 Updated May 22.02 UT           121   7.45 15.2  0.807
