A11EshI 100 2026 07 08.9  20.1923 -18.3351 19.0 Updated July 9.07 UT             7   0.12 21.9  0.226
P12o0Y2  97 2026 07 08.5  20.8219 -32.4301 21.1 Added July 8.88 UT               3   0.02 20.8  0.792
P12o0Y1 100 2026 07 08.5  20.4356 -30.3963 21.1 Added July 8.87 UT               3   0.03 17.7  0.794
P12o0XL  96 2026 07 08.4  16.2100  -3.6588 20.8 Updated July 9.28 UT            13   0.91 25.6  0.017
P12nXcB  72 2026 07 08.5  21.3418 -31.0712 21.5 Added July 8.59 UT               3   0.04 20.5  0.750
P12nXce 100 2026 07 08.5  21.9967 -30.4993 21.1 Updated July 8.71 UT             6   0.10 20.6  0.680
P12nXcA  92 2026 07 08.5  21.1718 -28.6702 20.6 Updated July 8.72 UT             6   0.10 22.4  0.683
P12nXcf 100 2026 07 08.5  21.0023 -21.6145 21.1 Updated July 8.71 UT             5   0.09 23.2  0.682
P12nX9q 100 2026 07 08.4  16.4869  -7.1268 21.0 Updated July 9.16 UT            10   0.77 23.1  0.149
A11Eq8v 100 2026 07 07.9  20.2472 -53.3006 19.4 Added July 8.30 UT               6   0.07 24.2  1.301
A11EpSe  97 2026 07 08.2  19.6790 -30.1553 19.5 Updated July 9.08 UT            10   0.83 19.3  0.282
W2nCdO   81 2026 07 07.4  19.0879 -24.2114 23.4 Updated July 9.23 UT            11  17.03 26.6  1.851
A11EpRZ 100 2026 07 07.9  19.9682 -56.8205 19.0 Updated July 9.09 UT            12   1.13 23.1  0.245
ST26G01  98 2026 07 07.2  19.0763 -47.9287 20.0 Updated July 9.23 UT            14   0.10 27.0  1.941
P12nTOm  71 2026 07 06.5  20.4518  -0.6139 21.7 Updated July 9.28 UT            25   2.74 20.0  0.020
P22nTNT  10 2026 07 06.5  18.3231 +18.1905 21.0 Updated July 9.19 UT            21   2.71 19.0  0.118
P22nTLB  16 2026 07 06.3  17.7273  +8.3538 22.3 Updated July 9.19 UT            17   2.87 19.7  0.111
8N8R001 100 2026 07 05.9   5.2939  -2.8107 28.8 Updated July 9.23 UT             3   0.01 29.3  3.375
MAS0006  35 2026 06 19.3  18.3753 +23.8659 20.1 Updated July 9.27 UT           125  19.70  9.1  0.292
CEQCZT2  84 2026 06 27.4  22.3431  +2.3646 20.8 Updated July 8.46 UT            41  11.00 20.6  0.843
OMO0297  82 2026 06 25.8  23.5942  +3.7021 21.9 Updated July 8.46 UT            12  12.63 20.1  0.837
P22nJzF  35 2026 06 22.5  22.5448 +19.0388 21.6 Updated July 8.59 UT            21  24.01 14.1  0.734
