A11EXt4 100 2026 07 19.4  22.7311 +24.9556 18.2 Added July 19.75 UT              6   0.04 25.5  0.302
A11EUSX 100 2026 07 19.5  20.1531 -23.0557 17.8 Added July 19.66 UT              4   0.04 28.8  0.278
P12osch 100 2026 07 19.6  23.5838 -21.1441 21.3 Added July 19.64 UT              3   0.02 22.4  0.182
P12osci  76 2026 07 19.6  23.1132 -18.6482 21.5 Added July 19.64 UT              3   0.02 23.2  0.195
P22osbK 100 2026 07 19.6   0.2217 -10.5820 20.2 Updated July 19.67 UT            4   0.02 12.2  0.184
P22osb9 100 2026 07 19.5  22.6603 -16.2279 19.9 Added July 19.64 UT              3   0.03 22.0  0.217
P12os9C  90 2026 07 19.5  21.7428 -31.9900 21.1 Updated July 19.69 UT            8   0.16 20.8  0.119
P12os4L  81 2026 07 19.4  19.9887 -30.9019 22.1 Updated July 19.69 UT            6   0.09 17.2  0.248
P12os34  96 2026 07 19.5  20.3765 -24.0495 21.9 Updated July 19.69 UT            5   0.09 24.3  0.251
P12os33 100 2026 07 19.5  20.6495 -28.8039 21.1 Updated July 19.69 UT            5   0.09 23.5  0.252
P12os2P 100 2026 07 19.5  20.1201 -29.6825 20.1 Updated July 19.69 UT            6   0.08 25.5  0.248
P22orYG 100 2026 07 19.5  21.9002 -21.0130 21.4 Updated July 19.71 UT            9   0.24 25.8  0.089
P22orYF 100 2026 07 19.5  20.9438 -21.5415 21.7 Updated July 19.70 UT            6   0.09 23.6  0.245
P22orYE 100 2026 07 19.5  21.2153 -17.0996 21.5 Updated July 19.70 UT            6   0.09 25.5  0.243
P22orSB  98 2026 07 19.4  19.6726 -29.8057 21.9 Updated July 19.69 UT            5   0.12 27.1  0.276
P22orV4  75 2026 07 19.4  20.9324  -2.1051 21.7 Updated July 19.70 UT            5   0.10 19.2  0.271
P22orV3 100 2026 07 19.4  20.5244  +0.3688 21.6 Updated July 19.70 UT            5   0.09 25.6  0.272
P22orV1  98 2026 07 19.4  20.2618  -4.5112 21.6 Updated July 19.69 UT            6   0.10 22.4  0.274
P22orSE 100 2026 07 19.4  19.8804 -25.1761 21.4 Updated July 19.69 UT            6   0.12 23.6  0.280
P22orSD  98 2026 07 19.4  19.8681 -25.4541 21.7 Updated July 19.69 UT            5   0.11 22.2  0.281
P22orSC  98 2026 07 19.4  19.9371 -28.4657 21.3 Updated July 19.69 UT           10   0.19 26.7  0.203
P22orOr 100 2026 07 19.3  16.0796 +14.4054 22.1 Added July 19.49 UT              3   0.03 22.4  0.422
ST26G80 100 2026 07 19.4  23.3110  -5.6396 19.4 Updated July 19.50 UT            6   0.05 26.5  0.306
P22orOo  98 2026 07 19.4  19.6253 -21.9543 21.2 Updated July 19.69 UT           14   4.14 20.3  0.269
ST26G77 100 2026 07 19.4  21.2704  -1.6619 16.8 Added July 19.38 UT              2   0.00 14.6  0.417
ST26G73 100 2026 07 19.2  20.2145 -17.0317 19.4 Updated July 19.65 UT           10   0.37 24.8  0.193
ST26G72  98 2026 07 19.2  19.7667  -4.1634 19.7 Updated July 19.64 UT           16   0.39 27.5  0.181
P12orqV  83 2026 07 18.5  21.3541  -3.4542 20.9 Updated July 18.90 UT            6   0.07 19.4  1.246
P12orqU  64 2026 07 18.5  21.3008  -3.2568 21.2 Updated July 19.57 UT            9   1.08 20.5  0.233
P12orbb  99 2026 07 18.4  19.1989 +43.2719 21.7 Updated July 19.54 UT            8   1.15 22.5  0.256
ST26G68 100 2026 07 18.4  17.9819 +25.5922 17.4 Added July 18.38 UT              2   0.00 17.0  1.426
TF26G47 100 2026 07 18.2  17.4076 +24.8573 21.3 Added July 18.31 UT              2   0.00 24.5  1.552
ST26G65 100 2026 07 18.2  16.9620 +27.1905 21.1 Added July 18.30 UT              2   0.00 24.0  1.567
orA4607 100 2026 07 17.9  16.9282 +67.9972 20.4 Updated July 19.24 UT            3   0.01 20.3  1.840
RMM2026  35 2026 07 06.3  19.8201 -22.3725 21.8 Updated July 18.48 UT           31  26.84 19.0  1.455
ST26G54  95 2026 07 17.3  18.3124 +14.1105 19.5 Updated July 19.30 UT            5   1.97 14.8  0.495
oNj0343 100 2026 07 15.8  23.4501  +2.7605 21.5 Updated July 19.25 UT            3   0.07 18.4  3.930
A11EQsq 100 2026 07 15.9  17.0151 -65.9725 22.6 Updated July 19.24 UT            4   0.02 28.4  3.900
A11EQfd  10 2026 07 16.4  20.7250  +0.3401 20.1 Updated July 19.62 UT           63   3.15 26.8  0.345
ZTF10Er  98 2026 07 16.3   5.3096 -36.6036 24.8 Updated July 18.51 UT            8   0.11 30.3  3.413
P12ooQQ  87 2026 07 16.6  20.9799  +2.3398 21.1 Updated July 18.26 UT           11   1.91 21.2  1.544
P22ooQq 100 2026 07 16.6   2.0264 +12.5578 21.7 Updated July 19.59 UT           10   2.99 19.2  0.218
P22ooPS 100 2026 07 16.5  10.4748 -27.5927 22.7 Updated July 19.25 UT            3   0.02 25.0  3.270
P22ooOw 100 2026 07 16.3  17.6621 +55.8350 22.2 Updated July 18.52 UT           15   2.03 21.0  1.435
P12ooOy  10 2026 07 16.3  15.1045 +18.5315 22.4 Updated July 19.02 UT           21 4795.84 22.4  1.419
ST26G49 100 2026 07 16.4   1.8512 -34.2141 21.8 Updated July 19.24 UT            4   0.04 27.5  3.383
X89848   77 2026 07 14.8  22.0925 -13.1449 19.6 Updated July 19.24 UT            3   0.03 15.0  5.006
P12onSk 100 2026 07 15.5  22.3409 -32.8391 21.1 Updated July 19.24 UT            9   2.00 20.7  2.280
P12onSj  93 2026 07 15.5  22.8194 -29.4200 21.1 Updated July 19.25 UT            9   2.00 19.0  2.277
ZTF10Ep 100 2026 07 15.3   4.6711  +2.2202 25.0 Updated July 19.24 UT            4   0.04 26.9  4.413
P12onRT  91 2026 07 15.4  20.4621 -39.0025 19.7 Updated July 19.24 UT           16   2.48 20.9  1.875
W2onRQ  100 2026 07 15.4  20.1516  +0.3281 19.9 Updated July 19.38 UT            8   3.95 25.6  0.417
ST26G39  10 2026 07 15.2  17.7518 +44.9245 22.5 Updated July 18.52 UT           28   3.12 26.0  1.448
P12onNw  35 2026 07 14.3  17.4867  -1.5644 20.7 Updated July 19.28 UT           32   6.62 12.3  0.914
TF26G22 100 2026 07 10.3   7.7074 -18.4835 29.4 Updated July 19.25 UT            2   0.00 27.4  9.487
P22nJzF  35 2026 06 22.5  22.3633 +18.2757 21.5 Updated July 19.24 UT           28 300.05 14.2  4.352
