A11CWPw 100 2026 05 26.6  21.8279 -17.9641 18.0 Added May 26.81 UT               4   0.02 28.7  0.664
P12nfxy 100 2026 05 26.6  17.5069  +4.5456 20.5 Updated May 26.96 UT             6   0.55 24.2  0.301
CEP5WY2  96 2026 05 26.4  18.9447 +40.7146 20.6 Updated May 27.03 UT            18   1.59 21.9  0.223
CEP5WU2  98 2026 05 26.4  17.8188 +48.8314 21.2 Updated May 27.11 UT            13   3.78 26.3  0.215
C1F4195 100 2026 05 26.4  16.1236  +8.7893 22.3 Updated May 26.45 UT             7   0.07 27.6  0.791
C1F4075 100 2026 05 26.4  16.0505 +26.6653 22.2 Updated May 26.48 UT             8   0.11 24.9  0.769
P12nfxd  96 2026 05 25.6  17.8173 +16.7220 21.9 Updated May 26.45 UT            14   2.00 22.6  0.806
C1F32J5 100 2026 05 25.4  17.1936 +15.0469 22.0 Updated May 26.31 UT             7   0.85 23.5  0.942
C1F3245  43 2026 05 25.4  16.9966 +10.5381 22.6 Updated May 26.78 UT            11   1.00 20.2  0.795
SJA1250 100 2026 05 24.9  16.8182 +61.0900 20.3 Added May 25.42 UT               3   0.03 17.5  2.273
C1F2HL5 100 2026 05 25.4  16.4986 -11.8261 22.4 Updated May 25.43 UT             8   0.07 25.5  1.817
C1F1TD5 100 2026 05 25.3  15.8033  +4.6006 24.3 Updated May 26.35 UT             4   0.02 33.6  1.915
C03UYWZ 100 2026 05 23.4  16.7330 +13.6802 22.3 Updated May 27.18 UT             9   2.98 23.2  0.817
A11CUyv 100 2026 05 24.1  17.5635 -55.9818 19.2 Updated May 26.35 UT            17   1.97 19.1  1.131
P12nfw2 100 2026 05 24.6  21.1068  -3.3853 21.7 Updated May 26.34 UT             8   1.73 20.3  0.921
NAOCLYL  85 2026 05 23.8  15.9045 -18.6479 21.7 Updated May 26.35 UT             4   0.10 21.7  3.388
A11CQzo 100 2026 05 24.4  21.9389 -17.0531 21.1 Updated May 26.35 UT             5   0.05 29.8  2.809
oKr0080 100 2026 05 23.9  23.4917 +18.5718 20.2 Updated May 26.34 UT             3   0.00 17.1  3.354
C1F1535  97 2026 05 24.4  16.7579  +6.7569 22.4 Updated May 26.35 UT            11   0.87 23.3  1.958
C1F0EU5  80 2026 05 24.3  15.3945 -10.0901 22.0 Updated May 26.33 UT            13   1.97 20.0  0.956
C1F0295  90 2026 05 24.3  15.2999  -6.9177 22.1 Updated May 26.10 UT            20   1.78 22.2  1.152
6EN3D21 100 2026 05 24.2  16.3177 -80.2403 18.5 Updated May 25.35 UT             3   0.01 21.1  3.009
C1EYPU5 100 2026 05 23.4  15.8780  +3.4620 22.8 Updated May 26.35 UT            11   1.87 24.1  1.995
NAOCBPP  99 2026 05 20.7  14.9153 -21.4313 22.3 Updated May 25.35 UT             4   0.13 22.4  6.394
ST26EC8  98 2026 05 20.4  22.0656 -31.0174 23.7 Updated May 25.35 UT             6   0.14 28.6  6.807
P12nfaz  43 2026 05 20.3  13.2102 -27.3340 22.0 Updated May 26.35 UT            12   2.87 18.3  4.052
NAOCAN7 100 2026 05 17.7  15.2880 -21.9382 21.0 Updated May 26.35 UT             4   0.10 19.7  9.392
KPMa1Ih  87 2026 05 18.1  11.1282 -28.7314 23.5 Updated May 26.35 UT             5   0.01 20.9  9.141
CEMVK32  53 2026 05 17.4  16.3818  +7.7249 21.8 Updated May 26.27 UT            52  11.97 20.1  2.839
