CEP5WY2 100 2026 05 26.4  18.9930 +40.7377 21.0 Updated May 26.48 UT             7   0.03 21.3  0.019
C1F41L5 100 2026 05 26.4  16.0148  +7.5000 19.8 Updated May 26.44 UT             8   0.05 23.7  0.058
CEP5WU2 100 2026 05 26.4  17.4328 +50.0473 21.1 Updated May 26.44 UT            10   0.06 26.1  0.060
C1F4195 100 2026 05 26.4  16.1074  +7.5766 22.0 Updated May 26.45 UT             7   0.07 27.6  0.041
C1F4075  98 2026 05 26.4  16.0474 +27.7902 22.4 Updated May 26.48 UT             8   0.11 24.9  0.019
P12nfxd  91 2026 05 25.6  17.8295 +16.3911 21.9 Updated May 26.45 UT            14   2.00 22.6  0.056
P12nfwU  94 2026 05 25.5  16.9141 +14.6013 21.7 Updated May 26.28 UT            11   8.88 23.4  0.220
C1F32J5 100 2026 05 25.4  17.2019 +13.5298 21.9 Updated May 26.31 UT             7   0.85 23.5  0.192
C1F3245  73 2026 05 25.4  17.0129 +10.6035 22.5 Updated May 26.45 UT             8   1.00 20.1  0.045
SJA1250 100 2026 05 24.9  16.8662 +61.3911 20.3 Added May 25.42 UT               3   0.03 17.5  1.523
C1F2X35  79 2026 05 25.4  16.3318  +0.9539 21.8 Updated May 26.47 UT            16   1.09 22.7  0.031
C1F2HL5 100 2026 05 25.4  16.4036 -11.6257 22.4 Updated May 25.43 UT             8   0.07 25.5  1.067
C1F2HK5  86 2026 05 25.4  16.1656 -12.0428 21.7 Updated May 26.35 UT            17   1.99 22.7  0.153
C1F1TD5 100 2026 05 25.3  15.7433  +4.7479 23.6 Updated May 26.35 UT             4   0.02 33.6  1.165
C03UYWZ 100 2026 05 23.4  16.7414 +12.3396 22.4 Updated May 26.16 UT             7   2.00 23.1  1.050
A11CUyv  94 2026 05 24.1  17.5814 -56.6881 19.2 Updated May 26.35 UT            17   1.97 19.1  0.381
P12nfw2 100 2026 05 24.6  21.0642  -3.6932 21.7 Updated May 26.34 UT             8   1.73 20.3  0.171
NAOCLYL  85 2026 05 23.8  15.9013 -19.3697 21.7 Updated May 26.35 UT             4   0.10 21.7  2.638
A11CQzo 100 2026 05 24.4  21.5351 -17.8693 20.3 Updated May 26.35 UT             5   0.05 29.8  2.059
oKr0080 100 2026 05 23.9  23.4891 +18.5519 20.2 Updated May 26.34 UT             3   0.00 17.1  2.604
C1F1535  97 2026 05 24.4  16.7578  +6.5468 22.4 Updated May 26.35 UT            11   0.87 23.3  1.208
C1F0TQ5  77 2026 05 24.4  15.8431  -8.5968 21.8 Updated May 26.20 UT            18   3.85 24.4  0.308
C1F0EU5  80 2026 05 24.3  15.4098 -10.0889 22.0 Updated May 26.33 UT            13   1.97 20.0  0.206
C1F0295  80 2026 05 24.3  15.3140  -7.0690 22.1 Updated May 26.10 UT            20   1.78 22.2  0.402
6EN3D21 100 2026 05 24.2  16.4592 -79.8130 18.7 Updated May 25.35 UT             3   0.01 21.1  2.259
C1EYPU5 100 2026 05 23.4  15.8651  +3.3575 22.8 Updated May 26.35 UT            11   1.87 24.1  1.245
C1EYD55  24 2026 05 23.3  15.7393 -13.5754 22.2 Updated May 26.43 UT            18   3.07 20.5  0.088
NAOCBPP  99 2026 05 20.7  14.9039 -20.9746 22.3 Updated May 25.35 UT             4   0.13 22.4  5.644
ST26ED1  98 2026 05 21.2   1.7379 -14.4945 28.1 Updated May 25.35 UT            20   0.16 30.2  5.109
ST26EC8  98 2026 05 20.4  21.8938 -31.0123 23.4 Updated May 25.35 UT             6   0.14 28.6  6.057
ST26EC7  98 2026 05 20.4   2.4833  -8.3818 30.3 Updated May 25.35 UT             6   0.11 30.3  6.063
P12nfaz  43 2026 05 20.3  13.2148 -27.4749 22.0 Updated May 26.35 UT            12   2.87 18.3  3.302
NAOCAN7 100 2026 05 17.7  15.2861 -21.9195 21.0 Updated May 26.35 UT             4   0.10 19.7  8.642
KPMa1Ih  87 2026 05 18.1  11.1263 -28.4146 23.5 Updated May 26.35 UT             5   0.01 20.9  8.391
CEMVK32  53 2026 05 17.4  16.4327  +8.0786 21.7 Updated May 26.27 UT            52  11.97 20.1  2.089
P12neKs  35 2026 05 14.6  17.9971 +56.8568 19.9 Updated May 26.32 UT           173  11.53 15.1  0.392
