S001621 100 2026 07 11.2  21.9465 -32.5423 20.2 Added July 11.59 UT              3   0.04 20.3  0.357
P12o2DL 100 2026 07 11.5  21.7358  +5.7057 21.4 Updated July 11.60 UT            4   0.04 22.9  0.108
P12o2DM 100 2026 07 11.5  21.6400  +4.1781 21.6 Updated July 11.60 UT            3   0.02 24.6  0.119
A11EvW3  98 2026 07 11.3  18.0833 -13.9860 18.6 Updated July 11.57 UT            7   0.20 27.2  0.097
ST26G35 100 2026 07 11.3  22.2120 +12.2623 19.7 Updated July 11.42 UT           10   0.08 28.0  0.227
CEQM6J2  98 2026 07 11.3  21.3475 -11.3437 19.3 Updated July 11.40 UT            8   0.10 26.0  0.232
A11EvW0 100 2026 07 11.3  19.2881 -27.1439 19.1 Added July 11.32 UT              4   0.02 24.9  0.348
ST26G30  98 2026 07 11.2  18.3287 +11.8663 19.2 Updated July 11.41 UT            6   0.17 27.6  0.223
ST26G29 100 2026 07 11.2  18.3292 +11.7773 18.4 Added July 11.28 UT              2   0.00 25.0  0.401
ST26G26 100 2026 07 10.5  20.4653  +4.4808 20.0 Updated July 10.83 UT            4   0.01 26.8  1.158
ZTF10Ek  84 2026 07 10.3  18.2118 +11.6142 19.0 Updated July 11.52 UT           14   2.21 29.7  0.110
A11Evr9 100 2026 07 10.0  21.9834 -53.4550 18.1 Added July 10.39 UT              7   0.03 23.3  1.552
TF26G22 100 2026 07 10.3  18.3275 +11.7685 19.4 Updated July 11.28 UT            2   0.94 25.8  0.388
ST26G18 100 2026 07 10.3  21.7782 +54.0688 20.4 Updated July 10.38 UT            4   0.02 25.7  1.293
ST26G17 100 2026 07 10.3  21.4744  +1.5953 20.0 Added July 10.37 UT              2   0.00 26.3  1.336
CEQKE72  92 2026 07 10.3  16.2581 +11.3391 20.8 Updated July 11.17 UT           18   0.90 23.0  0.461
A11Evap 100 2026 07 09.9  19.8122 -37.6688 19.3 Updated July 10.95 UT           10   0.95 21.8  0.745
P12o0YY  99 2026 07 09.5  20.7765 -21.8097 20.9 Updated July 11.23 UT            6   0.08 19.1  2.081
CEQJF02  86 2026 07 09.3  22.7343 +14.1779 21.1 Updated July 11.42 UT           19   1.83 27.1  0.457
P12o0Y1 100 2026 07 08.5  20.2707 -29.7632 21.3 Updated July 10.65 UT           12  18.41 22.4  1.661
P12nXce 100 2026 07 08.5  21.8425 -33.3198 21.1 Updated July 11.49 UT           11   2.75 21.5  0.362
P12nXcA  68 2026 07 08.5  21.0523 -25.5533 19.8 Updated July 11.45 UT           18   2.62 22.8  0.503
A11EpSe  95 2026 07 08.2  19.6548 -29.7840 19.4 Updated July 11.15 UT           13   2.94 19.2  0.507
W2nCdO   79 2026 07 07.4  19.1372 -24.6103 23.8 Updated July 11.23 UT           11  19.01 26.6  2.200
ST26G01  98 2026 07 07.2  20.7449 -59.2996 21.6 Updated July 11.23 UT           14   0.10 27.0  4.274
P22nTNT  10 2026 07 06.5  18.3001 +17.5288 21.0 Updated July 11.23 UT           24   2.71 19.0  2.452
P22nTLB  21 2026 07 06.3  17.6885  +7.6809 22.2 Updated July 11.23 UT           20   2.87 19.6  2.444
MAS0006  35 2026 06 19.3  18.3602 +23.9094 20.0 Updated July 10.96 UT          139  21.63  9.0  0.689
OMO0297  87 2026 06 25.8  23.6719  +3.8671 21.9 Updated July 10.23 UT           12  12.63 20.1  3.170
P22nJzF  35 2026 06 22.5  22.5070 +18.8969 21.6 Updated July 10.42 UT           23  25.46 14.1  1.616
