ST26EA1 100 2026 05 16.4  13.6372 +21.1742 19.1 Updated May 16.44 UT             4   0.02 19.8  0.016
6EF1B21  99 2026 05 16.2  15.2671 -18.0062 20.0 Added May 16.40 UT               3   0.01 21.4  0.256
C46AFY1 100 2026 05 16.4  15.3848  +3.7660 17.6 Updated May 16.44 UT             7   0.06 25.6  0.010
ST26E98  98 2026 05 16.3  17.7603 +12.8982 19.6 Updated May 16.43 UT            10   0.09 28.5  0.020
CEMK452  91 2026 05 16.3  14.2788  -4.6973 21.4 Updated May 16.34 UT             8   0.05 20.4  0.116
ST26E93  98 2026 05 16.2  15.1419 +10.8706 19.6 Updated May 16.37 UT            19   0.12 27.1  0.076
ST26E89  98 2026 05 16.2  13.8186  +9.6178 19.0 Updated May 16.31 UT            10   0.10 28.5  0.137
CEMEEG2 100 2026 05 16.2  12.3763  -7.3008 21.0 Updated May 16.29 UT            12   0.06 24.5  0.159
A11Cswo 100 2026 05 16.0  17.2943 -23.7812 18.8 Added May 16.13 UT               4   0.02 20.7  0.443
ZTF10Du 100 2026 05 15.3  15.7716 -31.3690 17.7 Added May 15.45 UT               4   0.03 26.1  1.146
ST26E84  98 2026 05 15.4  14.9766 +10.7837 20.1 Updated May 16.23 UT             6   0.47 26.4  0.555
ST26E76  86 2026 05 15.2  14.3579  +7.8526 21.9 Updated May 16.22 UT            17   0.93 30.7  0.278
ST26E75 100 2026 05 15.2  14.8186 -19.0087 18.2 Updated May 15.38 UT             4   0.01 25.6  1.208
6EE3C21  91 2026 05 15.2  15.7802 -20.1234 19.3 Updated May 16.23 UT            20   0.98 25.9  0.271
A11Cr0m  86 2026 05 15.0  16.0530 -50.7077 17.8 Updated May 16.31 UT            19   1.17 20.0  0.297
P12neKJ  93 2026 05 14.3  13.0078 -23.3679 20.9 Updated May 16.32 UT            19   1.94 20.2  0.165
P12neKs  43 2026 05 14.6  18.3199 +57.9101 20.3 Updated May 16.31 UT            30   1.68 15.4  0.192
P12nc1c  84 2026 05 14.5  16.7714  -6.2966 21.7 Updated May 16.36 UT            28   1.87 20.1  0.088
RFD0300 100 2026 05 13.0  19.3918 -44.2994 24.2 Updated May 16.38 UT             2   0.00 29.8  3.414
CEMAUH2 100 2026 05 14.4  16.2798  -3.6020 21.3 Updated May 16.38 UT             6   0.07 23.9  2.002
ST26E61 100 2026 05 14.3  16.5753  +0.6070 22.7 Updated May 16.38 UT             6   0.05 29.0  2.078
ST26E57  76 2026 05 14.3  17.1782 -14.4737 19.6 Updated May 16.40 UT            18   2.12 27.8  0.045
MZ26075 100 2026 05 13.8  16.7496  -1.9852 21.9 Updated May 16.37 UT             3   0.01 27.4  2.622
A11CmCW 100 2026 05 13.3   5.9606 -73.3884 20.3 Updated May 16.38 UT             4   0.02 24.8  3.070
A11CmCS 100 2026 05 13.3  17.0102 -33.2034 19.9 Updated May 16.38 UT             4   0.04 25.4  3.128
OCA1642  84 2026 05 13.1  13.7318 -31.2900 19.4 Updated May 16.37 UT             3   0.02 14.0  3.316
CEM26R2  10 2026 05 12.4  16.5605 +15.3394 20.9 Updated May 16.32 UT            32   4.64 17.3  0.261
CEM1XD2  16 2026 05 12.3  14.4668 +17.2362 22.2 Updated May 16.38 UT            22   7.84 19.2  1.284
SO0005e 100 2026 05 11.7   0.2602  +7.3225 27.6 Updated May 16.38 UT             3   0.00 29.4  4.733
SO0005d 100 2026 05 11.7  19.1970 -24.0592 22.5 Updated May 16.38 UT             4   0.00 28.1  4.731
SO0005c 100 2026 05 11.7  23.0010 -27.7085 24.6 Updated May 16.38 UT             3   0.00 28.4  4.785
SO0005b 100 2026 05 11.6  22.9897  -8.0271 23.2 Updated May 16.37 UT             3   0.00 26.6  4.796
S001563  73 2026 05 07.0  12.9822 -27.1570 21.6 Updated May 16.37 UT             3   0.03 18.3  9.367
C1EUYV5  35 2026 04 27.5  17.2490 +18.8504 21.9 Updated May 15.51 UT            36 299.14 12.8  1.013
