CEMRK82  79 2026 05 16.5  21.5233  -9.7770 21.6 Added May 16.49 UT               3   0.01 17.7  0.314
ST26EA1  98 2026 05 16.4  13.6194 +20.0114 18.8 Updated May 16.57 UT            12   0.15 26.9  0.216
6EF1B21  99 2026 05 16.2  15.2810 -17.9079 20.1 Added May 16.40 UT               3   0.01 21.4  0.590
ST26E98  98 2026 05 16.3  18.2388 +19.8092 20.0 Updated May 16.70 UT            15   0.13 28.5  0.314
CEMK452  91 2026 05 16.3  14.2834  -4.6413 21.5 Updated May 16.34 UT             8   0.05 20.4  0.449
ST26E93  96 2026 05 16.2  15.3665 +10.8772 19.4 Updated May 16.70 UT            26   0.32 27.1  0.208
ST26E89  96 2026 05 16.2  13.6194  +5.9463 18.3 Updated May 16.69 UT            16   0.43 28.8  0.141
CEMEEG2 100 2026 05 16.2  12.3644  -8.2587 21.0 Updated May 16.29 UT            12   0.06 24.5  0.493
A11Cswo 100 2026 05 16.0  17.2784 -23.7205 18.8 Added May 16.13 UT               4   0.02 20.7  0.776
ZTF10Du 100 2026 05 15.3  16.0598 -32.9956 18.1 Added May 15.45 UT               4   0.03 26.1  1.479
ST26E84  98 2026 05 15.4  15.0662 +10.7876 20.2 Updated May 16.23 UT             6   0.47 26.4  0.888
ST26E76  86 2026 05 15.2  14.3049  +8.1905 22.3 Updated May 16.22 UT            17   0.93 30.7  0.611
ST26E75 100 2026 05 15.2  14.8630 -25.8611 18.2 Updated May 15.38 UT             4   0.01 25.6  1.542
6EE3C21  79 2026 05 15.2  15.8476 -19.2337 19.5 Updated May 16.62 UT            22   1.41 25.9  0.172
A11Cr0m  86 2026 05 15.0  16.0739 -50.0170 17.7 Updated May 16.31 UT            19   1.17 20.0  0.630
P12neKs  93 2026 05 14.6  18.3100 +57.8882 20.3 Updated May 16.46 UT            30   1.68 15.4  0.525
P12nc1c  84 2026 05 14.5  16.7623  -6.1964 21.7 Updated May 16.36 UT            28   1.87 20.1  0.421
RFD0300 100 2026 05 13.0  19.4515 -44.4416 24.4 Updated May 16.38 UT             2   0.00 29.8  3.747
CEMAUH2 100 2026 05 14.4  16.2372  -4.9921 21.3 Updated May 16.38 UT             6   0.07 23.9  2.335
ST26E61 100 2026 05 14.3  16.6070  +0.6436 22.9 Updated May 16.38 UT             6   0.05 29.0  2.411
MZ26075 100 2026 05 13.8  16.7669  -1.6630 22.1 Updated May 16.37 UT             3   0.01 27.4  2.955
A11CmCW 100 2026 05 13.3   6.0557 -72.9167 20.4 Updated May 16.38 UT             4   0.02 24.8  3.403
A11CmCS 100 2026 05 13.3  17.0631 -32.5573 20.0 Updated May 16.38 UT             4   0.04 25.4  3.461
OCA1642  84 2026 05 13.1  13.7265 -31.3084 19.4 Updated May 16.37 UT             3   0.02 14.0  3.650
CEM26R2  10 2026 05 12.4  16.5542 +15.3177 20.6 Updated May 16.46 UT            32   4.64 17.0  0.594
CEM1XD2  16 2026 05 12.3  14.4600 +17.1848 22.2 Updated May 16.38 UT            22   7.84 19.2  1.617
SO0005e 100 2026 05 11.7   0.2732  +7.4645 27.8 Updated May 16.38 UT             3   0.00 29.4  5.066
SO0005d 100 2026 05 11.7  19.2207 -23.9041 22.7 Updated May 16.38 UT             4   0.00 28.1  5.065
SO0005c 100 2026 05 11.7  23.0427 -27.4483 24.7 Updated May 16.38 UT             3   0.00 28.4  5.119
SO0005b 100 2026 05 11.6  23.0074  -7.8428 23.3 Updated May 16.37 UT             3   0.00 26.6  5.130
S001563  73 2026 05 07.0  12.9816 -27.1716 21.6 Updated May 16.37 UT             3   0.03 18.3  9.700
C1EUYV5  35 2026 04 27.5  17.2444 +18.8668 21.9 Updated May 15.51 UT            36 299.14 12.8  1.346
