CEMRK82  79 2026 05 16.5  21.5210  -9.7616 21.6 Added May 16.49 UT               3   0.01 17.7  0.230
ST26EA1  98 2026 05 16.4  13.6273 +20.3628 18.9 Updated May 16.57 UT            12   0.15 26.9  0.133
6EF1B21  99 2026 05 16.2  15.2775 -17.9325 20.1 Added May 16.40 UT               3   0.01 21.4  0.506
ST26E98  98 2026 05 16.3  18.1215 +18.1841 20.0 Updated May 16.45 UT            13   0.11 28.6  0.255
CEMK452  91 2026 05 16.3  14.2822  -4.6552 21.4 Updated May 16.34 UT             8   0.05 20.4  0.366
ST26E93  96 2026 05 16.2  15.3067 +10.8791 19.4 Updated May 16.59 UT            24   0.32 27.1  0.124
ST26E89  96 2026 05 16.2  13.6880  +7.2216 18.6 Updated May 16.69 UT            16   0.43 28.8  0.057
CEMEEG2 100 2026 05 16.2  12.3674  -8.0180 21.0 Updated May 16.29 UT            12   0.06 24.5  0.409
A11Cswo 100 2026 05 16.0  17.2824 -23.7358 18.8 Added May 16.13 UT               4   0.02 20.7  0.693
ZTF10Du 100 2026 05 15.3  15.9951 -32.6482 18.0 Added May 15.45 UT               4   0.03 26.1  1.396
ST26E84  98 2026 05 15.4  15.0446 +10.7874 20.2 Updated May 16.23 UT             6   0.47 26.4  0.805
ST26E76  86 2026 05 15.2  14.3166  +8.1165 22.2 Updated May 16.22 UT            17   0.93 30.7  0.528
ST26E75 100 2026 05 15.2  14.8514 -24.1388 18.2 Updated May 15.38 UT             4   0.01 25.6  1.458
6EE3C21  79 2026 05 15.2  15.8315 -19.4473 19.4 Updated May 16.62 UT            22   1.41 25.9  0.088
A11Cr0m  86 2026 05 15.0  16.0687 -50.1919 17.8 Updated May 16.31 UT            19   1.17 20.0  0.547
P12neKJ  83 2026 05 14.3  13.0048 -23.3466 20.9 Updated May 16.45 UT            25   2.06 20.3  0.297
P12neKs  93 2026 05 14.6  18.3125 +57.8938 20.3 Updated May 16.46 UT            30   1.68 15.4  0.442
P12nc1c  84 2026 05 14.5  16.7646  -6.2215 21.7 Updated May 16.36 UT            28   1.87 20.1  0.338
RFD0300 100 2026 05 13.0  19.4375 -44.4088 24.3 Updated May 16.38 UT             2   0.00 29.8  3.664
CEMAUH2 100 2026 05 14.4  16.2477  -4.6485 21.3 Updated May 16.38 UT             6   0.07 23.9  2.252
ST26E61 100 2026 05 14.3  16.5998  +0.6353 22.8 Updated May 16.38 UT             6   0.05 29.0  2.328
ST26E57  74 2026 05 14.3  17.4235 -15.5449 19.9 Updated May 16.57 UT            21   2.12 27.9  0.295
MZ26075 100 2026 05 13.8  16.7629  -1.7387 22.0 Updated May 16.37 UT             3   0.01 27.4  2.872
A11CmCW 100 2026 05 13.3   6.0337 -73.0285 20.4 Updated May 16.38 UT             4   0.02 24.8  3.320
A11CmCS 100 2026 05 13.3  17.0506 -32.7124 20.0 Updated May 16.38 UT             4   0.04 25.4  3.378
OCA1642  84 2026 05 13.1  13.7278 -31.3038 19.4 Updated May 16.37 UT             3   0.02 14.0  3.566
CEM26R2  10 2026 05 12.4  16.5558 +15.3232 20.6 Updated May 16.46 UT            32   4.64 17.0  0.511
CEM1XD2  16 2026 05 12.3  14.4617 +17.1977 22.2 Updated May 16.38 UT            22   7.84 19.2  1.534
SO0005e 100 2026 05 11.7   0.2701  +7.4308 27.7 Updated May 16.38 UT             3   0.00 29.4  4.983
SO0005d 100 2026 05 11.7  19.2151 -23.9411 22.6 Updated May 16.38 UT             4   0.00 28.1  4.981
SO0005c 100 2026 05 11.7  23.0328 -27.5103 24.7 Updated May 16.38 UT             3   0.00 28.4  5.035
SO0005b 100 2026 05 11.6  23.0032  -7.8867 23.3 Updated May 16.37 UT             3   0.00 26.6  5.046
S001563  73 2026 05 07.0  12.9817 -27.1679 21.6 Updated May 16.37 UT             3   0.03 18.3  9.617
C1EUYV5  35 2026 04 27.5  17.2455 +18.8628 21.9 Updated May 15.51 UT            36 299.14 12.8  1.263
