TF26EE0 100 2026 05 20.5  16.5126  +8.6045 21.1 Updated May 20.74 UT             4   0.02 28.7  0.716
TF26ED8 100 2026 05 20.5  16.6388  +0.7523 18.3 Added May 20.66 UT               2   0.00 24.3  0.736
ST26EC8 100 2026 05 20.4  16.7525  -7.0966 18.4 Updated May 20.66 UT             4   0.02 27.1  0.763
ST26EC7 100 2026 05 20.4   1.8168  -7.9009 24.5 Updated May 20.60 UT             4   0.01 29.5  0.769
ST26EC5 100 2026 05 20.3  16.8462  -7.4974 19.0 Updated May 20.59 UT             4   0.03 24.6  0.861
P12nfgD  86 2026 05 20.4  15.9889  -7.2900 21.6 Updated May 20.69 UT             6   0.14 20.1  0.624
P12nffX  10 2026 05 20.5  16.3916 -20.7407 21.7 Updated May 20.69 UT             5   0.08 14.9  0.627
P12nfdO  94 2026 05 20.5  16.2631 -23.1318 21.9 Updated May 20.69 UT             5   0.09 28.9  0.628
P12nffV  69 2026 05 20.5  16.5063 -19.2888 20.6 Updated May 20.70 UT             6   0.09 18.0  0.626
P12nfdQ  98 2026 05 20.4  15.3964 -14.3890 19.4 Updated May 20.98 UT            13   0.53 28.1  0.224
P22nfcS  83 2026 05 20.4  16.9139  +2.1095 20.6 Updated May 20.70 UT             7   0.16 17.4  0.620
P12nfck  98 2026 05 20.4  14.4510 -22.6999 19.1 Updated May 20.69 UT             6   0.11 26.1  0.709
P12nfaz  80 2026 05 20.3  13.2553 -28.4746 21.9 Updated May 20.70 UT             5   0.13 14.5  0.746
P22nfat  74 2026 05 20.4  16.2026 +21.3894 21.8 Updated May 20.69 UT             5   0.22 14.4  0.618
A11CGDH 100 2026 05 19.2  16.4656 -71.2831 18.8 Updated May 21.04 UT            13   1.72 21.9  0.259
A11CGDI  86 2026 05 19.2  17.2963 -43.9207 18.7 Updated May 20.63 UT            24   1.40 21.4  0.614
NAOCAN7 100 2026 05 17.7  15.2755 -21.7704 20.7 Updated May 20.34 UT             4   0.10 20.1  3.347
KPMa1Ih  87 2026 05 18.1  11.1273 -26.0238 23.2 Updated May 20.34 UT             5   0.01 20.8  3.097
CEMVK32  55 2026 05 17.4  16.8268 +10.6165 21.6 Updated May 20.52 UT            41   7.48 20.1  1.286
ST26E75  98 2026 05 15.2   2.5363 -20.3634 28.0 Updated May 20.34 UT             7   0.09 28.6  5.879
P12neKs  35 2026 05 14.6  18.1733 +57.5172 20.0 Updated May 21.05 UT           106   6.45 15.2  0.176
