ST26EB8 100 2026 05 19.4  16.4880  +4.4020 19.2 Updated May 19.66 UT             4   0.02 25.1  0.225
LA0C0VD 100 2026 05 17.5  22.4253 -69.0280 22.4 Added May 19.61 UT               6   0.07 30.8  2.074
ZTF10Dy 100 2026 05 19.3  15.7855 -22.9611 17.5 Added May 19.49 UT               4   0.05 27.7  0.350
CEN5QX2 100 2026 05 19.4  16.0976 -15.2697 21.1 Updated May 19.46 UT             8   0.06 24.2  0.241
ST26EB6  98 2026 05 19.3  16.8421  -9.3817 19.6 Updated May 19.39 UT            10   0.11 27.7  0.314
A11CGDH 100 2026 05 19.2  16.2265 -72.4990 19.3 Added May 19.28 UT               4   0.02 19.2  0.459
A11CGDI 100 2026 05 19.2  17.0969 -45.9045 18.8 Updated May 19.48 UT             8   0.17 20.7  0.337
ST26EB3  98 2026 05 19.3  15.6147  -7.8388 19.8 Updated May 19.43 UT            14   0.17 30.7  0.276
NAOCAN7 100 2026 05 17.7  15.2737 -21.7301 20.6 Added May 19.07 UT               4   0.10 19.6  1.847
KPMa1Ih  87 2026 05 18.1  11.1325 -25.3116 23.2 Added May 18.68 UT               5   0.01 21.2  1.597
A11CDyX 100 2026 05 18.0  10.8545 -32.5311 19.8 Updated May 19.66 UT             9   0.92 20.7  0.729
P22nf7G 100 2026 05 17.6  16.2404 +36.0493 22.1 Updated May 19.41 UT            11   1.78 23.1  0.350
P22nf3F  12 2026 05 17.5  17.5980 +37.2180 21.4 Updated May 19.46 UT            16   1.96 19.0  0.244
CEMVK32  35 2026 05 17.4  16.9491 +11.3371 21.5 Updated May 19.63 UT            38   7.00 20.1  0.264
A11Cvk7 100 2026 05 16.9  13.2959 -71.3737 19.6 Updated May 18.37 UT             4   0.03 22.7  2.770
CEMRK82  84 2026 05 16.5  21.6059 -10.3426 21.5 Updated May 18.37 UT             3   0.01 17.3  3.234
A11Cswo 100 2026 05 16.0  17.1140 -23.0365 18.4 Updated May 18.37 UT             4   0.02 20.9  3.697
ST26E75  98 2026 05 15.2   2.5237 -21.5235 27.3 Updated May 18.37 UT             7   0.09 28.6  4.379
P12neKs  35 2026 05 14.6  18.2209 +57.6604 20.1 Updated May 19.35 UT            75   4.47 15.2  0.651
CEMAUH2 100 2026 05 14.4  15.8928 -15.8332 21.1 Updated May 18.39 UT             6   0.07 23.9  5.256
