CEMRK82  79 2026 05 16.5  21.5269  -9.8002 21.6 Added May 16.49 UT               3   0.01 17.7  0.439
6EF1B21  99 2026 05 16.2  15.2863 -17.8709 20.1 Added May 16.40 UT               3   0.01 21.4  0.715
ST26E98  88 2026 05 16.3  18.4107 +22.1009 20.7 Updated May 16.79 UT            17   1.12 29.0  0.439
CEMK452  91 2026 05 16.3  14.2851  -4.6205 21.5 Updated May 16.34 UT             8   0.05 20.4  0.574
ST26E89  86 2026 05 16.2  13.4689  +3.1216 17.9 Updated May 16.89 UT            40   0.66 29.0  0.030
CEMEEG2 100 2026 05 16.2  12.3610  -8.6194 20.9 Updated May 16.81 UT            14   0.09 24.7  0.618
A11Cswo 100 2026 05 16.0  17.2722 -23.6971 18.8 Added May 16.13 UT               4   0.02 20.7  0.901
ZTF10Du 100 2026 05 15.3  16.1491 -33.4584 18.2 Added May 15.45 UT               4   0.03 26.1  1.604
ST26E84  98 2026 05 15.4  15.0977 +10.7870 20.3 Updated May 16.23 UT             6   0.47 26.4  1.013
ST26E76  86 2026 05 15.2  14.2890  +8.2912 22.4 Updated May 16.22 UT            17   0.93 30.7  0.736
ST26E75  98 2026 05 15.2   2.3773 -34.7251 23.1 Updated May 16.82 UT             7   0.09 28.6  1.583
6EE3C21  79 2026 05 15.2  15.8707 -18.9235 19.5 Updated May 16.62 UT            22   1.41 25.9  0.297
A11Cr0m  86 2026 05 15.0  16.0818 -49.7517 17.7 Updated May 16.31 UT            19   1.17 20.0  0.755
P12neKs  93 2026 05 14.6  18.3063 +57.8799 20.2 Updated May 16.89 UT            33   2.31 15.3  0.024
P12nc1c  84 2026 05 14.5  16.7589  -6.1588 21.7 Updated May 16.36 UT            28   1.87 20.1  0.546
RFD0300 100 2026 05 13.0  19.4715 -44.4875 24.4 Updated May 16.38 UT             2   0.00 29.8  3.872
CEMAUH2 100 2026 05 14.4  16.2215  -5.5028 21.3 Updated May 16.38 UT             6   0.07 23.9  2.460
ST26E61 100 2026 05 14.3  16.6172  +0.6549 23.0 Updated May 16.38 UT             6   0.05 29.0  2.536
MZ26075 100 2026 05 13.8  16.7727  -1.5551 22.1 Updated May 16.37 UT             3   0.01 27.4  3.080
A11CmCW 100 2026 05 13.3   6.0865 -72.7559 20.5 Updated May 16.38 UT             4   0.02 24.8  3.528
A11CmCS 100 2026 05 13.3  17.0813 -32.3318 20.1 Updated May 16.38 UT             4   0.04 25.4  3.586
OCA1642  84 2026 05 13.1  13.7245 -31.3152 19.4 Updated May 16.37 UT             3   0.02 14.0  3.775
CEM26R2  10 2026 05 12.4  16.5518 +15.3094 20.6 Updated May 16.46 UT            32   4.64 17.0  0.719
CEM1XD2  16 2026 05 12.3  14.4575 +17.1653 22.2 Updated May 16.38 UT            22   7.84 19.2  1.742
SO0005e 100 2026 05 11.7   0.2776  +7.5130 27.8 Updated May 16.38 UT             3   0.00 29.4  5.191
SO0005d 100 2026 05 11.7  19.2288 -23.8507 22.7 Updated May 16.38 UT             4   0.00 28.1  5.190
SO0005c 100 2026 05 11.7  23.0569 -27.3588 24.8 Updated May 16.38 UT             3   0.00 28.4  5.244
SO0005b 100 2026 05 11.6  23.0134  -7.7796 23.3 Updated May 16.37 UT             3   0.00 26.6  5.255
S001563  73 2026 05 07.0  12.9814 -27.1770 21.6 Updated May 16.37 UT             3   0.03 18.3  9.825
C1EUYV5  35 2026 04 27.5  17.2426 +18.8730 21.9 Updated May 16.81 UT            36 300.17 12.8  0.441
