TF26EF3 100 2026 05 21.5  15.4710 +12.9811 17.9 Added May 21.59 UT               2   0.00 19.6  0.183
TF26EF2 100 2026 05 21.5  15.4700 +12.9759 18.1 Updated May 21.59 UT             2   0.00 22.4  0.188
P22nfmx 100 2026 05 21.3  14.3137  +1.4316 20.9 Updated May 21.65 UT             6   0.16 24.5  0.303
C46CD31 100 2026 05 21.4  17.0917  -2.2172 18.5 Updated May 21.45 UT             5   0.05 28.5  0.217
CENGF22 100 2026 05 21.3  15.4309 -17.7130 20.4 Updated May 21.41 UT             8   0.07 25.2  0.251
ST26ED8 100 2026 05 21.3  17.9826  +8.8585 20.1 Updated May 21.58 UT            14   0.13 25.9  0.188
ST26ED7  98 2026 05 21.3  17.7993 +11.0306 19.2 Updated May 21.58 UT            14   0.14 26.0  0.195
ST26ED4  98 2026 05 21.3  15.6976 +13.8493 19.4 Updated May 21.58 UT            10   0.16 27.5  0.217
ST26ED1  98 2026 05 21.2  16.2332  +2.6872 17.7 Updated May 21.40 UT            17   0.14 29.9  0.290
TF26EE0 100 2026 05 20.5  16.4544  +8.7106 21.9 Updated May 20.74 UT             4   0.02 28.7  1.176
TF26ED8 100 2026 05 20.5  16.8605  -0.9494 18.3 Added May 20.66 UT               2   0.00 24.3  1.196
ST26EC8 100 2026 05 20.4  17.7325 -15.1932 18.7 Updated May 20.66 UT             4   0.02 27.1  1.222
ST26EC7 100 2026 05 20.4   2.2371  -8.3077 26.5 Updated May 20.60 UT             4   0.01 29.5  1.228
ST26EC5 100 2026 05 20.3  16.4694 -10.3670 19.0 Updated May 20.59 UT             4   0.03 24.6  1.321
P12nfgD  46 2026 05 20.4  15.9763  -7.3787 22.0 Updated May 21.44 UT            12   0.98 20.3  0.246
P12nffX  10 2026 05 20.5  16.3838 -20.7845 21.7 Updated May 21.37 UT             9   0.87 18.6  0.290
P12nfdO  94 2026 05 20.5  16.2636 -23.3605 22.2 Updated May 21.50 UT             8   0.91 29.1  0.264
P12nffV  39 2026 05 20.5  16.5045 -19.0941 20.6 Updated May 21.40 UT            10   0.91 20.2  0.260
P12nfaz  50 2026 05 20.3  13.2517 -28.3877 22.0 Updated May 21.47 UT             8   1.05 18.5  0.290
P22nfat  32 2026 05 20.4  16.1952 +21.4389 21.9 Updated May 21.62 UT            18   8.87 19.5  0.228
A11CGDI  84 2026 05 19.2  17.3555 -43.2750 18.7 Updated May 21.20 UT            27   1.72 21.4  0.747
NAOCAN7 100 2026 05 17.7  15.2760 -21.7875 20.7 Updated May 21.35 UT             4   0.10 19.6  3.807
KPMa1Ih  87 2026 05 18.1  11.1262 -26.2374 23.3 Updated May 21.35 UT             5   0.01 20.8  3.556
CEMVK32  35 2026 05 17.4  16.7902 +10.3951 21.6 Updated May 21.47 UT            47   9.02 20.1  0.201
ST26E75  98 2026 05 15.2   2.5393 -20.1092 28.1 Updated May 21.35 UT             7   0.09 28.5  6.338
P12neKs  35 2026 05 14.6  18.1585 +57.4696 20.0 Updated May 21.47 UT           118   6.83 15.2  0.251
