A11CiZv  98 2026 05 12.5  16.7896  -0.5142 18.6 Updated May 12.99 UT             7   0.53 26.3  0.042
ST26E47 100 2026 05 12.4  15.2326 -15.7840 18.7 Updated May 12.99 UT            11   0.57 24.7  0.034
P22n55t  38 2026 05 12.4  15.0374 -13.4799 21.4 Updated May 12.82 UT             8   4.22 19.5  0.481
P22n52K 100 2026 05 12.4  15.2034 -11.5175 21.1 Updated May 12.69 UT             6   0.10 24.1  0.480
P22n4V7 100 2026 05 12.4  14.4119 -20.0536 21.7 Updated May 12.68 UT             5   0.10 20.2  0.532
P22n4V6  98 2026 05 12.4  14.0097 -22.8646 21.6 Updated May 13.02 UT             9   0.61 23.4  0.024
P22n4V9  95 2026 05 12.4  14.4102 -16.1479 21.7 Updated May 12.69 UT             8   0.10 23.1  0.529
P22n4V8 100 2026 05 12.4  14.3479 -17.0415 21.2 Updated May 12.68 UT             6   0.09 25.7  0.529
CEM28F2 100 2026 05 12.4  17.5989 +16.4078 21.0 Updated May 12.47 UT             9   0.06 25.2  0.563
P22n4PD 100 2026 05 12.4  13.8482  -9.9614 20.9 Updated May 12.68 UT             5   0.08 27.2  0.584
P22n4PC  69 2026 05 12.4  13.9715 -14.5942 20.6 Updated May 12.68 UT             5   0.08 20.2  0.588
P22n4PB  91 2026 05 12.3  13.6566  -9.9546 21.0 Updated May 13.01 UT            11   0.63 23.9  0.047
CEM26R2  67 2026 05 12.4  16.6229 +15.5206 20.6 Updated May 12.65 UT            10   0.22 16.9  0.414
CEM20F2  98 2026 05 12.3  14.8357 +17.0241 22.1 Updated May 12.43 UT            12   0.10 27.0  0.596
CEM1XD2  75 2026 05 12.3  14.5381 +17.7211 22.0 Updated May 12.41 UT            11   0.11 17.1  0.610
CEM1R02 100 2026 05 12.3  13.6277 +16.9169 21.7 Updated May 12.42 UT            12   0.14 21.2  0.605
ST26E39 100 2026 05 12.2  12.7150 -22.5161 19.6 Updated May 12.26 UT            10   0.07 23.5  0.761
6EB3121  98 2026 05 12.0  10.3238 -11.3753 19.9 Updated May 13.02 UT            13   0.99 23.8  0.055
SO0005e 100 2026 05 11.7  22.4348 -13.3739 22.1 Added May 12.10 UT               3   0.00 28.8  1.313
SO0005d 100 2026 05 11.7  18.3513 -28.6143 19.8 Added May 12.10 UT               4   0.00 27.8  1.312
SO0005c 100 2026 05 11.7  20.8753 -35.9580 21.0 Added May 12.05 UT               3   0.00 28.5  1.366
SO0005b 100 2026 05 11.6  22.4106 -13.9441 20.2 Added May 12.04 UT               3   0.00 26.6  1.377
CELXZH2 100 2026 05 11.3  14.7820 +24.1263 22.7 Added May 11.37 UT               3   0.01 22.0  1.676
ST26E34 100 2026 05 10.5  14.8644 +18.2927 23.2 Updated May 12.32 UT             2   0.00 28.1  2.563
6E94521  84 2026 05 10.4  19.4944 -60.0274 19.5 Updated May 12.49 UT            28   2.04 19.0  0.621
XA9ttXA  77 2026 05 08.8  15.0939  +1.8975 22.5 Updated May 12.19 UT            16   3.41 21.8  0.856
ST26E18 100 2026 05 09.4  15.5047 -14.5814 23.4 Updated May 11.31 UT             4   0.00 30.1  3.658
CELRZD2 100 2026 05 09.2  12.4510 +36.4716 22.4 Updated May 12.32 UT             8   0.10 22.7  3.676
ZTF10Dl 100 2026 05 08.3  18.9682 -15.5179 21.6 Updated May 12.32 UT             4   0.03 26.9  4.656
ST26E14 100 2026 05 08.4  13.3362  -3.0655 18.2 Updated May 12.32 UT             2   0.00 19.8  4.599
P22n0fQ  97 2026 05 07.4  15.0759 +10.0810 22.8 Updated May 11.31 UT             3   0.04 24.4  5.617
S001563  73 2026 05 07.0  12.9920 -27.0003 21.6 Updated May 12.31 UT             3   0.03 18.9  5.947
A11BRI6  35 2026 05 03.0  11.1565 -38.9019 19.0 Updated May 12.68 UT            76   9.17 19.9  0.841
C1EUYV5  35 2026 04 27.5  17.2960 +18.6723 21.8 Updated May 12.54 UT            33  15.04 12.7  0.516
