OCA1642  79 2026 05 13.1  13.7767 -31.1295 19.4 Added May 13.56 UT               3   0.02 13.4  0.565
P22nay8  81 2026 05 13.4  15.7781  -1.8406 21.3 Added May 13.52 UT               3   0.02 22.9  0.235
P22nawA 100 2026 05 13.4  15.1442  -3.2293 21.0 Added May 13.52 UT               3   0.02 22.1  0.233
ST26E50  98 2026 05 13.2  14.5159  -2.7831 19.7 Updated May 13.66 UT            13   0.38 26.8  0.060
A11Cmv6 100 2026 05 13.0   8.6818 -50.8235 18.7 Updated May 13.51 UT             7   0.43 17.7  0.212
ST26E47  76 2026 05 12.4  15.0337 -22.0531 19.3 Updated May 13.69 UT            19   1.25 25.0  0.024
P22n55t  36 2026 05 12.4  15.0178 -13.5998 21.4 Updated May 13.34 UT            11   5.01 19.8  0.359
P22n52K  79 2026 05 12.4  15.1646 -11.8090 21.2 Updated May 13.50 UT            20   5.15 25.0  0.203
P22n4V7 100 2026 05 12.4  14.3914 -19.8162 21.8 Updated May 13.34 UT            12   0.95 21.1  0.355
P22n4V6  91 2026 05 12.4  13.9707 -22.9198 21.6 Updated May 13.32 UT            16   0.93 23.5  0.378
P22n4V9  83 2026 05 12.4  14.4268 -15.4624 21.8 Updated May 13.50 UT            17   1.09 24.7  0.207
CEM28F2 100 2026 05 12.4  17.8556 +18.0863 21.0 Updated May 13.37 UT            15   0.97 25.1  0.321
P22n4PC  67 2026 05 12.4  13.9700 -14.0726 20.7 Updated May 13.03 UT             8   0.65 21.2  0.679
P22n4PB  72 2026 05 12.3  13.6770  -9.3345 21.1 Updated May 13.33 UT            19  25.87 24.0  0.381
CEM26R2  25 2026 05 12.4  16.6110 +15.4909 20.6 Updated May 13.26 UT            16   1.45 17.0  0.698
CEM1XD2 100 2026 05 12.3  14.5238 +17.6348 22.1 Updated May 12.41 UT            11   0.11 17.1  1.278
CEM1R02  91 2026 05 12.3  13.5769 +16.9438 21.7 Updated May 13.19 UT            18   0.89 22.1  0.516
6EB3121  81 2026 05 12.0  10.3638 -14.7462 20.0 Updated May 13.28 UT            19   1.16 23.9  0.550
SO0005e 100 2026 05 11.7  23.7728  +1.7484 25.0 Updated May 13.34 UT             3   0.00 28.9  1.981
SO0005d 100 2026 05 11.7  18.6458 -27.2349 20.7 Updated May 13.34 UT             4   0.00 28.3  1.980
SO0005c 100 2026 05 11.7  22.1346 -32.2478 22.3 Updated May 13.34 UT             3   0.00 28.3  2.034
SO0005b 100 2026 05 11.6  22.5214 -12.8113 21.1 Updated May 13.33 UT             3   0.00 26.7  2.045
CELXZH2 100 2026 05 11.3  14.7710 +24.1932 22.6 Updated May 13.34 UT             3   0.01 22.1  2.344
ST26E34 100 2026 05 10.5  14.8606 +18.4737 23.7 Updated May 13.34 UT             2   0.00 28.1  3.231
6E94521  84 2026 05 10.4  19.5569 -61.5955 19.6 Updated May 13.15 UT            31   2.77 19.1  0.560
XA9ttXA  75 2026 05 08.8  15.0798  +1.9221 22.5 Updated May 13.17 UT            19   4.39 21.8  0.542
ST26E18 100 2026 05 09.4  15.4998 -14.4414 23.8 Updated May 13.34 UT             4   0.00 30.3  4.326
CELRZD2 100 2026 05 09.2  12.4196 +36.7727 22.5 Updated May 13.33 UT             8   0.10 22.9  4.344
ZTF10Dl 100 2026 05 08.3  19.0503 -15.5001 21.9 Updated May 13.34 UT             4   0.03 26.9  5.324
ST26E14 100 2026 05 08.4  13.3239  -2.9111 18.6 Updated May 13.34 UT             2   0.00 17.6  5.267
P22n0fQ  97 2026 05 07.4  15.0295 +10.6879 21.7 Updated May 13.34 UT             3   0.04 23.4  6.285
S001563  73 2026 05 07.0  12.9901 -27.0246 21.5 Updated May 13.34 UT             3   0.03 18.4  6.615
A11BRI6  10 2026 05 03.0  11.2700 -38.5443 19.1 Updated May 13.64 UT            81  10.09 19.9  0.590
C1EUYV5  35 2026 04 27.5  17.2869 +18.7085 21.9 Updated May 13.60 UT            36 297.21 12.8  0.194
