C03UYWZ 100 2026 05 23.4  16.7610  +9.8635 22.9 Added May 25.30 UT               4   0.02 25.5  1.861
6EO3221 100 2026 05 25.0  11.1847 -41.0506 17.4 Updated May 25.29 UT            19   0.17 23.4  0.162
A11CUyv  96 2026 05 24.1  17.6095 -57.7687 18.8 Updated May 25.10 UT             7   0.92 17.9  0.261
A11CUyu  96 2026 05 24.4  18.6463  +7.9120 18.1 Updated May 25.13 UT            36   0.66 20.1  0.210
P12nfw2 100 2026 05 24.6  21.0034  -4.1479 21.2 Added May 24.67 UT               3   0.02 22.3  0.715
NAOCLYL  85 2026 05 23.8  15.8962 -20.5065 21.6 Added May 24.59 UT               4   0.10 21.5  1.471
A11CQzo 100 2026 05 24.4  19.9293 -19.1668 18.4 Added May 24.51 UT               5   0.05 29.9  0.893
P12nfqd 100 2026 05 24.4  15.9522 -23.2022 20.5 Updated May 25.14 UT             7   0.71 21.4  0.204
oKr0080 100 2026 05 23.9  23.4840 +18.5207 20.2 Added May 24.47 UT               3   0.00 15.5  1.437
C1F1535  82 2026 05 24.4  16.7572  +6.2209 22.5 Updated May 25.30 UT            11   0.87 23.3  0.042
C1F0TQ5  96 2026 05 24.4  15.9162  -7.0000 21.6 Updated May 25.27 UT            12   0.88 24.3  0.062
C1F0EU5  87 2026 05 24.3  15.4329 -10.0894 22.1 Updated May 24.39 UT             8   0.07 14.8  0.937
C1F0295  90 2026 05 24.3  15.3359  -7.3066 22.1 Updated May 25.21 UT            17   0.88 22.2  0.130
6EN3D21 100 2026 05 24.2  16.6078 -79.2052 19.1 Added May 24.29 UT               3   0.01 19.2  1.092
C1EYPU5 100 2026 05 23.4  15.8452  +3.1812 22.9 Updated May 25.26 UT            11   1.87 24.2  0.078
C1EYPT5  77 2026 05 23.4  15.8089  +0.8283 21.8 Updated May 25.24 UT            25   1.85 24.2  0.099
C1EYD55  69 2026 05 23.3  15.7749 -13.2947 22.1 Updated May 24.30 UT            12   0.95 20.1  1.048
NAOCBPP 100 2026 05 20.7  14.8849 -20.1658 22.3 Updated May 24.34 UT             4   0.13 22.4  4.477
C46CD31 100 2026 05 21.4   1.4443  -3.1448 27.1 Updated May 23.35 UT             7   0.05 28.6  3.885
ST26ED1  98 2026 05 21.2   1.6814 -14.7224 27.5 Updated May 23.35 UT            20   0.16 30.2  3.943
TF26EE0 100 2026 05 20.5  16.3568  +8.8109 24.5 Updated May 24.34 UT             4   0.02 28.8  4.844
ST26EC8  98 2026 05 20.4  21.5103 -30.8160 22.8 Updated May 23.35 UT             6   0.14 28.6  4.890
ST26EC7  98 2026 05 20.4   2.4651  -8.4049 29.9 Updated May 23.35 UT             6   0.11 30.3  4.897
ST26EC5 100 2026 05 20.3  15.2322 -18.6545 20.8 Updated May 24.34 UT             4   0.03 24.8  4.989
P12nfaz  43 2026 05 20.3  13.2226 -27.6947 21.9 Updated May 24.34 UT            12   2.87 18.3  2.135
NAOCAN7 100 2026 05 17.7  15.2817 -21.8854 21.0 Updated May 24.34 UT             4   0.10 19.9  7.475
KPMa1Ih  87 2026 05 18.1  11.1245 -27.8601 23.4 Updated May 24.34 UT             5   0.01 20.8  7.225
CEMVK32  35 2026 05 17.4  16.5143  +8.6329 21.7 Updated May 24.42 UT            50  11.97 20.1  0.923
P12neKs  35 2026 05 14.6  18.0368 +57.0239 19.9 Updated May 25.03 UT           167  10.45 15.1  0.307
