TF26E60 100 2026 05 12.3  15.1748 -17.5254 19.6 Added May 12.31 UT               2   0.00 21.9  0.012
ST26E41 100 2026 05 12.3  15.1747 -17.5186 19.4 Updated May 12.31 UT             4   0.02 24.1  0.017
CEM1R02 100 2026 05 12.3  13.6790 +16.8866 21.7 Added May 12.30 UT               4   0.02 24.0  0.017
ST26E39 100 2026 05 12.2  13.1546 -17.9494 19.4 Updated May 12.26 UT            10   0.07 23.5  0.053
6EB3121 100 2026 05 12.0  10.2841  -7.9137 20.0 Updated May 12.18 UT             9   0.19 23.7  0.151
SO0005e 100 2026 05 11.7  20.5441 -29.2702 19.4 Added May 12.10 UT               3   0.00 28.8  0.605
SO0005d 100 2026 05 11.7  17.3879 -32.0650 18.5 Added May 12.10 UT               4   0.00 27.8  0.604
SO0005c 100 2026 05 11.7  18.6810 -35.0588 19.2 Added May 12.05 UT               3   0.00 28.5  0.658
SO0005b 100 2026 05 11.6  21.4345 -22.4727 18.1 Added May 12.04 UT               3   0.00 26.6  0.668
C469HY1  91 2026 05 11.4  17.8350 +20.8307 18.5 Updated May 12.28 UT            32   0.68 25.7  0.236
CELXZH2 100 2026 05 11.3  14.7963 +24.0555 22.7 Added May 11.37 UT               3   0.01 22.0  0.968
CELXRN2  89 2026 05 11.3  13.1256 +26.9388 21.1 Updated May 12.27 UT            32   0.90 22.3  0.140
TF26E51 100 2026 05 11.3  15.3902  +9.2058 19.3 Added May 11.28 UT               2   0.00 23.3  1.042
ST26E34 100 2026 05 10.5  14.6251 +27.3471 21.6 Added May 10.70 UT               2   0.00 26.4  1.855
6E94521  96 2026 05 10.4  19.4337 -58.3645 19.5 Updated May 12.19 UT            19   1.81 19.1  0.142
ZTF10Dn 100 2026 05 09.3  17.5410 -11.4962 21.2 Updated May 12.31 UT             5   0.05 32.0  2.967
XA9ttXA  77 2026 05 08.8  15.1087  +1.8682 22.5 Updated May 12.19 UT            16   3.41 21.8  0.147
ST26E18 100 2026 05 09.4  15.4880 -14.4056 23.0 Updated May 11.31 UT             4   0.00 30.1  2.950
CELRZD2 100 2026 05 09.2  12.4890 +36.1028 22.2 Updated May 11.31 UT             8   0.10 22.6  2.968
TF26E23 100 2026 05 09.2  12.9416  -3.7013 17.8 Updated May 12.31 UT             2   0.00 19.6  3.099
ZTF10Dl 100 2026 05 08.3  18.8937 -15.5224 21.3 Updated May 10.31 UT             4   0.03 27.0  3.947
ST26E14 100 2026 05 08.4  13.3457  -3.1620 17.9 Updated May 10.31 UT             2   0.00 21.3  3.891
P22n0vC  24 2026 05 08.3  14.7901  +9.6985 22.3 Updated May 12.21 UT            28   3.86 19.9  0.117
P22n0fQ  97 2026 05 07.4  15.0797 +10.0369 22.6 Updated May 11.31 UT             3   0.04 24.4  4.908
ZTF10Di 100 2026 05 07.4  22.1981 -10.6607 23.1 Updated May 11.31 UT             4   0.02 27.4  4.923
S001563  73 2026 05 07.0  12.9927 -26.9692 21.5 Updated May 11.31 UT             3   0.03 17.9  5.239
P22mZLU  73 2026 05 06.3  11.8223 -15.8978 21.0 Updated May 11.60 UT            17   4.96 20.7  1.083
A11BRI6  35 2026 05 03.0  11.0256 -39.2814 19.0 Updated May 12.26 UT            64   9.09 19.9  0.210
C1EUYV5  35 2026 04 27.5  17.3056 +18.6331 21.7 Updated May 11.29 UT            30  13.80 12.6  1.047
