P12onNB 100 2026 07 14.3  16.4701  -2.9292 21.7 Updated July 14.83 UT            8   0.04 22.0  0.626
XA9yiXA  47 2026 07 14.7  19.6569  -5.8755 19.9 Updated July 14.95 UT           18   0.20 19.4  0.019
P12onNw  86 2026 07 14.3  17.5318  -1.8505 20.8 Updated July 14.83 UT            4   0.02 20.9  0.600
P12onNu  76 2026 07 14.3  17.2546  -5.8050 21.2 Updated July 14.84 UT            8   8.02 13.0  0.599
P12onNt 100 2026 07 14.4  19.8777 -36.1696 19.7 Updated July 14.83 UT            4   0.02 24.9  0.520
P12omkz 100 2026 07 14.4  20.4693 -34.1692 21.3 Added July 14.51 UT              3   0.03 22.4  0.482
P12omki  98 2026 07 14.4  16.6876 +11.9586 21.9 Updated July 14.94 UT            6   0.57 21.4  0.023
P12omkc  73 2026 07 14.4  19.6593 -38.1308 21.0 Added July 14.48 UT              4   0.02 18.3  0.520
P12o4wi 100 2026 07 13.5  21.8204  -6.8215 21.4 Updated July 14.75 UT           10   1.12 22.2  0.369
P12o4vO 100 2026 07 11.6   9.7972 -10.3913 26.0 Updated July 13.24 UT            3   0.01 26.0  3.358
P12o4vm  30 2026 07 11.5  22.4819 -18.4891 20.8 Updated July 14.79 UT           18  23.77 19.2  0.627
P12o4vl  95 2026 07 11.5  22.4374 -18.9018 20.9 Updated July 14.79 UT           13  23.75 19.5  0.635
ZTF10El 100 2026 07 11.3   0.6857  -3.1055 22.5 Updated July 13.24 UT            4   0.02 27.7  3.619
ZTF10En 100 2026 07 11.4   9.9212 -26.0177 28.6 Updated July 13.24 UT            2   0.00 29.8  3.555
S001621  10 2026 07 11.2  22.1502 -33.5203 20.9 Updated July 14.79 UT           19  32.96 22.0  0.442
A11EvW0 100 2026 07 11.3  20.4949 -25.2822 19.9 Updated July 13.23 UT            4   0.02 24.9  3.682
ST26G26 100 2026 07 10.5  20.4991  +0.6624 22.3 Updated July 14.24 UT            4   0.01 27.1  4.491
TF26G22 100 2026 07 10.3   7.7947 -17.9839 29.2 Updated July 14.67 UT            2   0.00 28.9  4.653
ST26G18 100 2026 07 10.3   8.3701 +43.3181 29.3 Updated July 14.24 UT            4   0.02 26.1  4.627
ST26G17 100 2026 07 10.3   7.5116 -19.8660 28.3 Updated July 14.23 UT            2   0.00 27.7  4.669
A11Evap  10 2026 07 09.9  19.8601 -31.2147 18.9 Updated July 14.79 UT           31   4.50 21.9  0.529
P12o0YY  99 2026 07 09.5  20.6346 -20.1552 20.7 Updated July 14.24 UT            6   0.08 18.6  5.414
A11EpSe  10 2026 07 08.2  19.6180 -29.2030 19.3 Updated July 14.56 UT           24   6.36 19.1  0.421
ST26G01  98 2026 07 07.2  21.9002 -62.1956 22.9 Updated July 14.23 UT           14   0.10 27.0  7.607
MAS0006  35 2026 06 19.3  18.3389 +23.9612 20.0 Updated July 14.92 UT          168  25.59  9.0  0.065
P22nJzF  35 2026 06 22.5  22.4505 +18.6674 21.5 Updated July 14.24 UT           23  25.46 14.1  4.950
