LA0C0VD 100 2026 05 17.5  22.3754 -69.4382 22.3 Added May 19.61 UT               6   0.07 30.8  1.989
ZTF10Dy 100 2026 05 19.3  15.6051 -21.4161 17.6 Added May 19.49 UT               4   0.05 27.7  0.266
CEN5QX2 100 2026 05 19.4  16.0904 -15.2978 21.1 Updated May 19.46 UT             8   0.06 24.2  0.157
ST26EB6  98 2026 05 19.3  16.7716  -9.0104 19.6 Updated May 19.39 UT            10   0.11 27.7  0.229
A11CGDH 100 2026 05 19.2  16.2163 -72.5528 19.3 Added May 19.28 UT               4   0.02 19.2  0.374
A11CGDI 100 2026 05 19.2  17.0856 -46.0117 18.8 Updated May 19.48 UT             8   0.17 20.7  0.252
ST26EB3  98 2026 05 19.3  15.6751  -7.4377 19.7 Updated May 19.43 UT            14   0.17 30.7  0.191
6EI3621  98 2026 05 19.1  12.7458  -8.4354 20.3 Updated May 19.21 UT            13   0.13 27.0  0.411
NAOCAN7 100 2026 05 17.7  15.2737 -21.7277 20.6 Added May 19.07 UT               4   0.10 19.6  1.763
KPMa1Ih  87 2026 05 18.1  11.1328 -25.2706 23.2 Added May 18.68 UT               5   0.01 21.2  1.512
A11CDyX 100 2026 05 18.0  10.8496 -32.5932 19.8 Updated May 19.41 UT            12   1.32 20.8  0.244
P22nf7G 100 2026 05 17.6  16.2380 +35.9690 22.1 Updated May 19.41 UT            11   1.78 23.1  0.266
P22nf3F  12 2026 05 17.5  17.5981 +37.2046 21.4 Updated May 19.46 UT            16   1.96 19.0  0.160
CEMVK32  35 2026 05 17.4  16.9562 +11.3776 21.5 Updated May 19.44 UT            36   7.00 20.1  0.179
A11Cvk7 100 2026 05 16.9  13.3226 -71.4623 19.6 Updated May 18.37 UT             4   0.03 22.7  2.685
CEMRK82  84 2026 05 16.5  21.6035 -10.3255 21.5 Updated May 18.37 UT             3   0.01 17.3  3.150
A11Cswo 100 2026 05 16.0  17.1195 -23.0593 18.4 Updated May 18.37 UT             4   0.02 20.9  3.612
ST26E84  98 2026 05 15.4  15.5863 +10.6165 21.0 Updated May 18.37 UT             6   0.47 26.4  3.725
ST26E75  98 2026 05 15.2   2.5228 -21.6168 27.2 Updated May 18.37 UT             7   0.09 28.6  4.294
P12neKs  35 2026 05 14.6  18.2235 +57.6679 20.1 Updated May 19.35 UT            75   4.47 15.2  0.566
CEMAUH2 100 2026 05 14.4  15.9018 -15.5638 21.1 Updated May 18.39 UT             6   0.07 23.9  5.171
C1EUYV5  35 2026 04 27.5  17.2044 +18.9993 21.9 Updated May 19.47 UT            36 303.02 12.8  0.310
