TF26EC4 100 2026 05 17.2  13.5635 +17.2598 18.5 Added May 17.21 UT               2   0.00 21.8  0.029
ST26EA2 100 2026 05 17.2  13.4510 +18.0491 19.4 Added May 17.20 UT               2   0.00 17.7  0.046
A11Cvk7 100 2026 05 16.9  14.1550 -73.4551 19.6 Added May 16.99 UT               4   0.03 21.5  0.307
CEMRK82  79 2026 05 16.5  21.5363  -9.8625 21.6 Added May 16.49 UT               3   0.01 17.7  0.772
6EF1B21 100 2026 05 16.2  15.3002 -17.7722 20.1 Added May 16.40 UT               3   0.01 21.4  1.048
ST26E98  88 2026 05 16.3  18.8454 +27.3936 21.1 Updated May 16.79 UT            17   1.12 29.0  0.773
CEMK452  84 2026 05 16.3  14.2906  -4.5672 21.5 Updated May 17.04 UT            16   0.75 22.2  0.205
A11Cswo 100 2026 05 16.0  17.2555 -23.6333 18.7 Added May 16.13 UT               4   0.02 20.7  1.234
ZTF10Du 100 2026 05 15.3  16.3499 -34.4284 18.6 Added May 15.45 UT               4   0.03 26.1  1.938
ST26E84  98 2026 05 15.4  15.1768 +10.7807 20.4 Updated May 16.23 UT             6   0.47 26.4  1.347
ST26E76  86 2026 05 15.2  14.2539  +8.5109 22.7 Updated May 16.22 UT            17   0.93 30.7  1.070
ST26E75  98 2026 05 15.2   2.4366 -29.7873 24.2 Updated May 16.82 UT             7   0.09 28.6  1.916
P12neKs  91 2026 05 14.6  18.2964 +57.8568 20.2 Updated May 17.12 UT            42   2.46 15.3  0.206
P12nc1c  84 2026 05 14.5  16.7497  -6.0581 21.7 Updated May 16.36 UT            28   1.87 20.1  0.879
RFD0300 100 2026 05 13.0  19.5196 -44.5946 24.6 Updated May 16.38 UT             2   0.00 29.8  4.206
CEMAUH2 100 2026 05 14.4  16.1803  -6.8362 21.3 Updated May 16.38 UT             6   0.07 23.9  2.793
ST26E61 100 2026 05 14.3  16.6408  +0.6802 23.2 Updated May 16.38 UT             6   0.05 29.0  2.870
MZ26075 100 2026 05 13.8  16.7867  -1.2961 22.3 Updated May 16.37 UT             3   0.01 27.4  3.413
A11CmCW 100 2026 05 13.3   6.1588 -72.3644 20.6 Updated May 16.38 UT             4   0.02 24.8  3.861
A11CmCS 100 2026 05 13.3  17.1257 -31.7707 20.2 Updated May 16.38 UT             4   0.04 25.4  3.920
OCA1642  84 2026 05 13.1  13.7192 -31.3334 19.4 Updated May 16.37 UT             3   0.02 14.0  4.108
CEM26R2  10 2026 05 12.4  16.5455 +15.2866 20.7 Updated May 16.91 UT            35   5.35 17.1  0.333
CEM1XD2  11 2026 05 12.3  14.4508 +17.1127 22.3 Updated May 17.20 UT            25   9.86 19.3  0.051
S001563  73 2026 05 07.0  12.9808 -27.1914 21.7 Updated May 16.37 UT             3   0.03 18.3 10.158
C1EUYV5  35 2026 04 27.5  17.2380 +18.8891 21.9 Updated May 16.81 UT            36 300.17 12.8  0.775
