SO0006A 100 2026 05 22.7  20.8502 -35.1839 19.1 Added May 22.70 UT               4   0.01 23.9  0.097
ST26EE8  98 2026 05 22.2  15.2651 +13.0184 18.6 Updated May 22.69 UT             5   0.22 27.0  0.313
MKp7968  95 2026 05 17.7  14.1215  +5.4011 21.6 Added May 22.41 UT               6   4.04 23.0  1.082
C46CH71 100 2026 05 22.3  15.1890 +24.4394 19.6 Updated May 22.39 UT             8   0.04 23.6  0.396
ST26EE4  98 2026 05 22.3  18.3319 +17.9336 20.7 Updated May 22.46 UT            18   0.13 29.0  0.330
ST26EE3  98 2026 05 22.3  16.4688  +6.9962 19.6 Updated May 22.47 UT            12   0.21 28.4  0.321
CENWC52  98 2026 05 22.3  15.7004  -2.9381 20.1 Updated May 22.49 UT            15   0.18 27.7  0.302
CENU0L2  98 2026 05 22.2  14.0674  -3.2508 21.8 Updated May 22.37 UT             9   0.13 27.4  0.418
CENV8M2  98 2026 05 22.3  16.1326 +10.8462 17.1 Updated May 22.42 UT            19   0.12 31.1  0.383
NAOCBPP  99 2026 05 20.7  14.8502 -18.5992 22.1 Updated May 22.70 UT             4   0.13 22.4  1.934
8N2S001 100 2026 05 22.0  17.7531 +15.0189 19.1 Added May 22.24 UT               3   0.01 24.4  0.732
Sar2899  98 2026 05 22.0  15.9949 +11.5005 20.9 Updated May 22.45 UT            24   0.46 29.6  0.338
CZYNHKZ 100 2026 05 14.4  16.3671  +2.4009 21.4 Updated May 22.04 UT             4   0.02 22.8  8.398
C46CD31 100 2026 05 21.4  23.4407  -5.2486 22.1 Updated May 21.45 UT             5   0.05 28.5  1.342
ST26ED8  79 2026 05 21.3  17.6448 +18.4457 20.3 Updated May 22.42 UT            39   1.08 25.8  0.371
ST26ED1  98 2026 05 21.2   1.0502 -16.8052 24.2 Updated May 21.71 UT            20   0.16 30.2  1.400
TF26EE0 100 2026 05 20.5  16.4013  +8.7987 23.1 Updated May 22.38 UT             4   0.02 28.7  2.301
ST26EC8  98 2026 05 20.4  19.5204 -25.6486 20.7 Updated May 21.71 UT             6   0.14 28.6  2.347
ST26EC7  98 2026 05 20.4   2.3568  -8.3636 28.3 Updated May 21.71 UT             6   0.11 30.2  2.353
ST26EC5 100 2026 05 20.3  15.8933 -14.4894 19.4 Updated May 22.38 UT             4   0.03 24.9  2.446
P12nffX  10 2026 05 20.5  16.3635 -20.8907 21.7 Updated May 22.44 UT            15   7.94 19.3  0.388
P12nffV  45 2026 05 20.5  16.4987 -18.6140 20.5 Updated May 22.27 UT            23   2.72 20.2  0.750
P12nfaz  48 2026 05 20.3  13.2420 -28.1751 22.0 Updated May 22.18 UT            10   1.84 18.4  0.616
NAOCAN7 100 2026 05 17.7  15.2769 -21.8138 20.7 Updated May 22.38 UT             4   0.10 19.7  4.932
KPMa1Ih  87 2026 05 18.1  11.1244 -26.7547 23.3 Updated May 22.38 UT             5   0.01 20.8  4.681
CEMVK32  55 2026 05 17.4  16.7025  +9.8530 21.6 Updated May 21.47 UT            47   9.02 20.1  1.326
P12neKs  35 2026 05 14.6  18.1218 +57.3454 20.0 Updated May 22.02 UT           121   7.45 15.2  0.766
