ST26EB6  98 2026 05 19.3  16.5944  -8.0612 19.5 Updated May 19.39 UT            10   0.11 27.7  0.021
A11CGDH 100 2026 05 19.2  16.1910 -72.6835 19.3 Added May 19.28 UT               4   0.02 19.2  0.166
A11CGDI 100 2026 05 19.2  17.0577 -46.2734 18.8 Added May 19.28 UT               4   0.02 20.7  0.193
ST26EB3  98 2026 05 19.3  15.8601  -6.1969 19.4 Updated May 19.39 UT            10   0.12 30.7  0.029
MZ26114  98 2026 05 18.8  15.6562  -9.5023 18.3 Updated May 19.39 UT            10   0.57 27.0  0.033
6EI3621  98 2026 05 19.1  12.7421  -7.6932 20.3 Updated May 19.21 UT            13   0.13 27.0  0.203
NAOCAN7 100 2026 05 17.7  15.2735 -21.7219 20.6 Added May 19.07 UT               4   0.10 19.6  1.554
KPMa1Ih  87 2026 05 18.1  11.1336 -25.1695 23.2 Added May 18.68 UT               5   0.01 21.2  1.304
A11CDyX 100 2026 05 18.0  10.8379 -32.7416 19.7 Updated May 19.02 UT             9   0.92 20.6  0.436
P22nf7G  98 2026 05 17.6  16.2323 +35.7725 22.2 Updated May 19.36 UT             8   1.78 23.3  0.057
P22nf3F  37 2026 05 17.5  17.5984 +37.1713 21.4 Updated May 18.35 UT            12   0.81 19.0  1.104
CEMVK32 100 2026 05 17.4  16.9736 +11.4774 21.6 Updated May 19.19 UT            32   6.64 20.1  0.329
A11Cvk7 100 2026 05 16.9  13.3895 -71.6755 19.6 Updated May 18.37 UT             4   0.03 22.7  2.477
CEMRK82  84 2026 05 16.5  21.5976 -10.2837 21.5 Updated May 18.37 UT             3   0.01 17.3  2.941
A11Cswo 100 2026 05 16.0  17.1327 -23.1145 18.4 Updated May 18.37 UT             4   0.02 20.9  3.404
ST26E84  98 2026 05 15.4  15.5586 +10.6359 20.9 Updated May 18.37 UT             6   0.47 26.4  3.516
ST26E75  98 2026 05 15.2   2.5202 -21.8660 27.1 Updated May 18.37 UT             7   0.09 28.6  4.086
P12neKs  35 2026 05 14.6  18.2300 +57.6862 20.1 Updated May 19.35 UT            75   4.47 15.2  0.358
CEMAUH2 100 2026 05 14.4  15.9240 -14.8910 21.1 Updated May 18.39 UT             6   0.07 23.9  4.963
C1EUYV5  35 2026 04 27.5  17.2074 +18.9901 21.9 Updated May 16.81 UT            36 300.17 12.8  2.944
