CELY6P2 100 2026 05 11.4  17.0153 +18.0455 21.0 Updated May 11.47 UT             8   0.05 23.0  0.265
ST26E38 100 2026 05 11.3  17.2596  +7.2254 20.0 Updated May 11.66 UT             6   0.14 25.7  0.278
C469HY1 100 2026 05 11.4  17.0350  +4.2070 18.5 Updated May 11.64 UT            13   0.06 26.0  0.276
6EA3I21  62 2026 05 11.3  19.4301  -5.3154 17.0 Added May 11.37 UT               3   0.01 13.0  0.400
CELXZH2 100 2026 05 11.3  14.8081 +23.9918 22.7 Added May 11.37 UT               3   0.01 22.0  0.385
CELXRN2  98 2026 05 11.3  13.1656 +26.5896 20.9 Updated May 11.39 UT             7   0.11 18.4  0.350
TF26E51 100 2026 05 11.3  15.2763  +8.6678 19.2 Added May 11.28 UT               2   0.00 23.3  0.458
ST26E34 100 2026 05 10.5  14.7318 +23.1813 21.1 Added May 10.70 UT               2   0.00 26.4  1.272
6E94521 100 2026 05 10.4  19.3873 -56.9967 19.4 Updated May 11.30 UT            13   0.92 19.0  0.455
CELUGK2  93 2026 05 10.3  14.8111 +27.8829 21.5 Updated May 11.19 UT            21   0.85 24.4  0.547
ZTF10Do  98 2026 05 10.2  13.7564  +7.2178 18.2 Updated May 11.58 UT            11   1.27 27.1  0.228
CELU1Q2  98 2026 05 10.2  11.5860 +31.2922 21.4 Updated May 11.21 UT            13   0.99 26.1  0.539
ST26E24  98 2026 05 10.2   3.4120 -17.8659 25.2 Updated May 10.52 UT            13   0.29 29.1  1.257
ZTF10Dn 100 2026 05 09.3  16.8322 -12.8710 20.2 Updated May 11.31 UT             4   0.04 26.9  2.397
XA9ttXA  97 2026 05 08.8  15.1208  +1.8418 22.6 Updated May 11.23 UT            13   2.46 21.8  0.514
ST26E18 100 2026 05 09.4  15.4678 -14.1952 22.6 Updated May 11.31 UT             4   0.00 30.1  2.366
CELT0C2  79 2026 05 09.2  12.6784 +44.4068 20.9 Updated May 11.05 UT            26   1.80 22.8  0.683
CELRZD2 100 2026 05 09.2  12.5198 +35.8037 22.1 Updated May 11.31 UT             8   0.10 22.6  2.384
TF26E23 100 2026 05 09.2  12.9849  -3.9854 17.6 Updated May 11.72 UT             2   0.00 19.6  2.516
ZTF10Dl 100 2026 05 08.3  18.7879 -15.5294 21.0 Updated May 10.31 UT             4   0.03 27.0  3.364
ST26E14 100 2026 05 08.4  13.3610  -3.3248 17.9 Updated May 10.31 UT             2   0.00 21.3  3.308
P22n0vC  24 2026 05 08.3  14.8044  +9.7861 22.4 Updated May 11.21 UT            25   2.87 19.9  0.528
CELLEH2  86 2026 05 08.3  15.8683 -16.5168 23.4 Updated May 11.31 UT            13   1.86 32.7  1.576
P22n0fQ  97 2026 05 07.4  15.0832  +9.9916 22.5 Updated May 11.31 UT             3   0.04 24.4  4.325
ZTF10Di 100 2026 05 07.4  22.1152 -10.9222 22.8 Updated May 11.31 UT             4   0.02 27.4  4.340
S001563  73 2026 05 07.0  12.9953 -26.9402 21.5 Updated May 11.31 UT             3   0.03 17.9  4.656
P22mZLU  68 2026 05 06.3  11.7994 -16.3721 21.0 Updated May 11.60 UT            17   4.96 20.7  0.499
A11BRI6  51 2026 05 03.0  10.9089 -39.5905 18.8 Updated May 11.39 UT            55   7.13 19.8  1.590
C1EUYV5  35 2026 04 27.5  17.3135 +18.6004 21.7 Updated May 11.29 UT            30  13.80 12.6  0.464
