P22nf7J 100 2026 05 17.6  16.4088 +32.7238 21.3 Added May 17.77 UT               3   0.04 19.5  0.424
P22nf7G 100 2026 05 17.6  16.1958 +34.4948 22.1 Added May 17.77 UT               4   0.04 22.8  0.425
P22nf3F  64 2026 05 17.5  17.5995 +36.9399 21.6 Updated May 17.78 UT             6   0.12 17.1  0.415
A11CvyY  86 2026 05 17.4  14.2337 -23.0431 19.5 Updated May 18.02 UT            18   0.62 23.3  0.039
CEMVK32  98 2026 05 17.4  17.0904 +12.1322 21.7 Updated May 18.00 UT            16   0.61 20.5  0.056
CEMV1Q2  88 2026 05 17.3  15.2834  +7.4165 21.0 Updated May 17.98 UT            26   0.64 26.3  0.092
A11Cvk7 100 2026 05 16.9  13.8498 -72.8897 19.6 Added May 16.99 UT               4   0.03 21.5  1.100
CEMRK82  84 2026 05 16.5  21.5586 -10.0130 21.6 Added May 16.49 UT               3   0.01 17.7  1.565
A11Cswo 100 2026 05 16.0  17.2114 -23.4313 18.5 Updated May 17.33 UT             4   0.02 22.1  2.027
ZTF10Du 100 2026 05 15.3  16.8384 -36.2434 19.2 Updated May 17.33 UT             4   0.03 26.4  2.731
ST26E84  98 2026 05 15.4  15.3410 +10.7432 20.6 Updated May 17.33 UT             6   0.47 26.4  2.140
ST26E75  98 2026 05 15.2   2.4904 -24.8312 25.8 Updated May 16.82 UT             7   0.09 28.6  2.709
P12neKs  35 2026 05 14.6  18.2724 +57.7986 20.3 Updated May 17.91 UT            52   3.32 15.4  0.138
RFD0300 100 2026 05 13.0  19.6097 -44.7830 25.0 Updated May 16.38 UT             2   0.00 29.8  4.999
CEMAUH2 100 2026 05 14.4  16.0864  -9.8419 21.2 Updated May 16.38 UT             6   0.07 23.9  3.586
ST26E61 100 2026 05 14.3  16.6821  +0.7188 23.7 Updated May 16.38 UT             6   0.05 29.0  3.663
MZ26075 100 2026 05 13.8  16.8128  -0.8105 22.7 Updated May 16.37 UT             3   0.01 27.4  4.207
A11CmCW 100 2026 05 13.3   6.2883 -71.6078 21.0 Updated May 16.38 UT             4   0.02 24.8  4.654
A11CmCS 100 2026 05 13.3  17.2126 -30.6326 20.5 Updated May 16.38 UT             4   0.04 25.4  4.713
OCA1642  84 2026 05 13.1  13.7067 -31.3759 19.4 Updated May 16.37 UT             3   0.02 14.0  4.901
S001563  73 2026 05 07.0  12.9798 -27.2254 21.7 Updated May 16.37 UT             3   0.03 18.3 10.952
C1EUYV5  35 2026 04 27.5  17.2268 +18.9269 21.9 Updated May 16.81 UT            36 300.17 12.8  1.568
