A11EDnp 100 2026 07 13.9  16.0182 +10.2930 19.0 Added July 14.05 UT              4   0.04 22.8  0.175
P12o62f  99 2026 07 13.6  23.3150 -16.2306 20.6 Added July 13.77 UT              3   0.02 18.1  0.532
P12o4wA  96 2026 07 13.5  21.3059  -6.7482 21.4 Added July 13.62 UT              3   0.03 20.1  0.613
P12o4wi 100 2026 07 13.5  21.7869  -6.6649 20.9 Updated July 13.64 UT            3   0.03 21.8  0.592
P12o4wj 100 2026 07 13.5  21.4070  -4.8498 21.6 Updated July 13.78 UT            7   0.04 22.0  0.596
P12o4wh 100 2026 07 13.5  21.4616  -6.6390 21.6 Updated July 13.64 UT            4   0.04 24.7  0.596
P12o4vT  96 2026 07 13.4  16.5193  -9.8596 20.1 Updated July 13.98 UT           16   0.59 20.1  0.172
P12o4vO 100 2026 07 11.6   9.6801 -10.7270 25.3 Updated July 13.24 UT            3   0.01 26.0  2.525
P12o4vF 100 2026 07 11.5  22.7247 -18.3281 21.9 Updated July 12.57 UT            7   1.01 19.4  1.570
P12o4vm  47 2026 07 11.5  22.4737 -18.3756 20.6 Updated July 13.66 UT           14   2.13 19.0  1.574
P12o4vl 100 2026 07 11.5  22.4298 -18.9802 20.7 Updated July 12.55 UT            7   1.00 18.5  1.581
ZTF10El 100 2026 07 11.3   0.5531  -3.1143 21.9 Updated July 13.24 UT            4   0.02 27.7  2.786
ZTF10En 100 2026 07 11.4   9.9239 -26.0444 28.0 Updated July 13.24 UT            2   0.00 29.8  2.722
S001621 100 2026 07 11.2  22.0990 -33.2785 20.5 Updated July 13.67 UT            8   1.89 21.7  1.009
A11EvW0 100 2026 07 11.3  20.2401 -25.8749 19.7 Updated July 13.23 UT            4   0.02 24.9  2.848
ST26G26 100 2026 07 10.5  20.4982  +0.4877 21.8 Updated July 12.25 UT            4   0.01 27.0  3.658
TF26G22 100 2026 07 10.3  11.1510 -11.4349 23.8 Updated July 13.24 UT            4   0.94 24.8  2.888
ST26G18 100 2026 07 10.3   8.3534 +44.2980 28.7 Updated July 12.25 UT            4   0.02 26.1  3.793
ST26G17 100 2026 07 10.3   7.7295 -18.1073 29.0 Updated July 12.25 UT            2   0.00 28.8  3.836
A11Evap  10 2026 07 09.9  19.8480 -32.9900 19.0 Updated July 13.61 UT           29   3.64 21.9  0.555
P12o0YY  99 2026 07 09.5  20.6673 -20.5375 20.8 Updated July 12.25 UT            6   0.08 18.9  4.581
P12o0Y1  81 2026 07 08.5  20.0954 -29.0367 21.3 Updated July 13.31 UT           16  21.75 22.6  0.825
A11EpSe  73 2026 07 08.2  19.6274 -29.3535 19.2 Updated July 13.64 UT           21   5.44 19.1  0.511
W2nCdO   79 2026 07 07.4  19.1809 -24.9464 24.1 Updated July 12.25 UT           11  19.01 26.6  4.700
ST26G01  98 2026 07 07.2  21.6964 -61.8885 22.6 Updated July 12.25 UT           14   0.10 27.0  6.774
MAS0006  35 2026 06 19.3  18.3442 +23.9494 20.0 Updated July 14.07 UT          164  24.68  9.0  0.143
P22nJzF  35 2026 06 22.5  22.4649 +18.7278 21.5 Updated July 12.25 UT           23  25.46 14.1  4.116
