P12o0YY  94 2026 07 09.5  20.8515 -22.6803 21.0 Updated July 9.68 UT             6   0.08 18.4  0.248
C46H6E1 100 2026 07 09.4  22.7119  -4.2938 18.9 Updated July 9.72 UT            15   0.30 25.1  0.091
CEQJFF2 100 2026 07 09.3  21.1134 +14.3446 20.9 Updated July 9.44 UT             8   0.09 25.4  0.360
CEQJF02 100 2026 07 09.3  21.8414 +15.0858 20.4 Updated July 9.43 UT             7   0.08 26.9  0.370
ST26G12  98 2026 07 09.3  21.0191  +0.5407 19.5 Updated July 9.66 UT            17   0.34 26.5  0.147
ST26G11  98 2026 07 09.3  21.3034 +10.4299 19.8 Updated July 9.66 UT            12   0.12 26.1  0.378
A11EshI  96 2026 07 08.9  20.1943 -19.7366 18.9 Updated July 9.68 UT            20   0.73 21.8  0.121
P12o0Y2  95 2026 07 08.5  20.8376 -32.6304 21.1 Updated July 9.49 UT             6   0.95 22.0  0.360
P12o0Y1 100 2026 07 08.5  20.4019 -30.2604 21.3 Updated July 9.50 UT             6   0.96 22.4  0.363
P12nXcB  70 2026 07 08.5  21.3449 -31.1572 21.6 Updated July 9.64 UT             7   1.02 20.6  0.268
P12nXce 100 2026 07 08.5  21.9649 -31.1167 21.2 Updated July 9.54 UT             9   1.02 21.5  0.264
P12nXcA  90 2026 07 08.5  21.1514 -28.1239 20.5 Updated July 9.53 UT            13   1.02 22.9  0.271
P12nXcf 100 2026 07 08.5  20.9944 -20.8207 21.3 Updated July 9.49 UT            11   0.92 24.0  0.355
P12nX9q  91 2026 07 08.4  16.4702  -7.0198 20.7 Updated July 9.42 UT            17   0.96 22.9  0.462
A11Eq8v 100 2026 07 07.9  20.5212 -51.8618 19.5 Added July 8.30 UT               6   0.07 24.2  1.801
A11EpSe  97 2026 07 08.2  19.6739 -30.0782 19.5 Updated July 9.08 UT            10   0.83 19.3  0.782
W2nCdO   79 2026 07 07.4  19.0993 -24.3050 23.5 Updated July 9.49 UT            14  19.01 26.6  0.367
A11EpRZ 100 2026 07 07.9  20.1055 -56.4720 19.0 Updated July 9.09 UT            12   1.13 23.1  0.745
ST26G01  98 2026 07 07.2  19.5131 -52.0973 20.4 Updated July 9.23 UT            14   0.10 27.0  2.441
P22nTNT  10 2026 07 06.5  18.3180 +18.0530 21.0 Updated July 9.42 UT            24   2.71 19.0  0.618
P22nTLB  16 2026 07 06.3  17.7188  +8.2121 22.2 Updated July 9.42 UT            20   2.87 19.6  0.611
8N8R001 100 2026 07 05.9   5.2931  -2.6625 29.0 Updated July 9.23 UT             3   0.01 29.3  3.875
MAS0006  35 2026 06 19.3  18.3721 +23.8758 20.0 Updated July 9.32 UT           131  19.71  9.0  0.781
OMO0297  87 2026 06 25.8  23.6110  +3.7398 21.9 Updated July 8.46 UT            12  12.63 20.1  1.337
P22nJzF  35 2026 06 22.5  22.5368 +19.0096 21.6 Updated July 8.59 UT            21  24.01 14.1  1.234
