Sar2899 100 2026 05 22.0  16.3640 +12.0063 20.5 Updated May 22.05 UT            12   0.05 29.5  0.080
CZYNHKZ 100 2026 05 14.4  16.3892  +2.5374 21.4 Updated May 22.04 UT             4   0.02 22.8  7.731
P22nfmx  91 2026 05 21.3  14.3837  +1.4934 21.1 Updated May 22.06 UT            17   0.86 24.6  0.068
C46CD31 100 2026 05 21.4  20.1746  -5.4805 19.0 Updated May 21.45 UT             5   0.05 28.5  0.675
ST26ED8  93 2026 05 21.3  17.8391 +13.0452 20.2 Updated May 21.95 UT            18   0.61 25.9  0.174
ST26ED1  98 2026 05 21.2  22.8306 -20.2141 19.9 Updated May 21.71 UT            20   0.16 30.2  0.733
TF26EE0 100 2026 05 20.5  16.4229  +8.7638 22.5 Updated May 20.74 UT             4   0.02 28.7  1.634
ST26EC8  98 2026 05 20.4  18.4640 -19.9697 20.0 Updated May 21.71 UT             6   0.14 28.6  1.681
ST26EC7  98 2026 05 20.4   2.2598  -8.2796 27.4 Updated May 21.71 UT             6   0.11 30.2  1.687
ST26EC5 100 2026 05 20.3  16.1671 -12.5653 19.1 Updated May 20.59 UT             4   0.03 24.6  1.779
P12nfgD  10 2026 05 20.4  15.9639  -7.4673 21.8 Updated May 21.76 UT            28 5292.06 20.0  0.704
P12nffX  10 2026 05 20.5  16.3755 -20.8279 21.6 Updated May 21.77 UT            12   6.91 18.9  0.748
P12nffV  45 2026 05 20.5  16.5021 -18.8991 20.6 Updated May 22.02 UT            19   2.70 20.3  0.109
P12nfaz  50 2026 05 20.3  13.2477 -28.3011 22.0 Updated May 21.47 UT             8   1.05 18.5  0.748
P22nfat  20 2026 05 20.4  16.1873 +21.4875 22.1 Updated May 21.73 UT            25 622.93 19.6  0.687
NAOCAN7 100 2026 05 17.7  15.2766 -21.8000 20.8 Updated May 21.35 UT             4   0.10 19.6  4.265
KPMa1Ih  87 2026 05 18.1  11.1253 -26.4464 23.3 Updated May 21.35 UT             5   0.01 20.8  4.015
CEMVK32  35 2026 05 17.4  16.7541 +10.1742 21.6 Updated May 21.47 UT            47   9.02 20.1  0.659
P12neKs  35 2026 05 14.6  18.1436 +57.4203 20.0 Updated May 22.02 UT           121   7.45 15.2  0.099
