A11Cmv6 100 2026 05 13.0   8.7456 -51.0067 19.1 Added May 13.18 UT               4   0.02 18.7  0.122
ST26E47 100 2026 05 12.4  15.1833 -17.3833 18.7 Updated May 12.99 UT            11   0.57 24.7  0.200
P22n55t  38 2026 05 12.4  15.0324 -13.5100 21.4 Updated May 12.82 UT             8   4.22 19.5  0.648
P22n52K 100 2026 05 12.4  15.1941 -11.5927 21.1 Updated May 13.13 UT             9   0.67 25.0  0.073
P22n4V7 100 2026 05 12.4  14.4068 -19.9929 21.8 Updated May 13.05 UT             8   0.65 21.1  0.151
P22n4V6 100 2026 05 12.4  14.0001 -22.8783 21.6 Updated May 13.02 UT             9   0.61 23.4  0.191
P22n4V9  95 2026 05 12.4  14.4155 -15.9786 21.8 Updated May 13.03 UT            11   0.63 24.7  0.168
P22n4V8  98 2026 05 12.4  14.3398 -17.5587 21.2 Updated May 13.08 UT             9   0.67 27.4  0.120
CEM28F2 100 2026 05 12.4  17.6593 +16.8104 21.0 Updated May 12.47 UT             9   0.06 25.2  0.729
P22n4PD  98 2026 05 12.4  13.8835 -10.4460 21.1 Updated May 13.07 UT             8   0.69 27.8  0.143
P22n4PC  67 2026 05 12.4  13.9715 -14.4626 20.7 Updated May 13.03 UT             8   0.65 21.2  0.178
P22n4PB  74 2026 05 12.3  13.6616  -9.8020 21.1 Updated May 13.19 UT            16  25.54 24.0  0.214
CEM26R2  67 2026 05 12.4  16.6200 +15.5135 20.6 Updated May 12.65 UT            10   0.22 16.9  0.580
CEM1XD2  75 2026 05 12.3  14.5345 +17.6997 22.1 Updated May 12.41 UT            11   0.11 17.1  0.777
CEM1R02 100 2026 05 12.3  13.6145 +16.9262 21.7 Updated May 13.07 UT            15   0.77 22.0  0.133
6EB3121  96 2026 05 12.0  10.3336 -12.2069 20.0 Updated May 13.15 UT            12   1.16 23.9  0.049
SO0005e 100 2026 05 11.7  22.5925 -11.6963 22.6 Added May 12.10 UT               3   0.00 28.8  1.480
SO0005d 100 2026 05 11.7  18.4713 -28.0531 20.1 Added May 12.10 UT               4   0.00 27.8  1.479
SO0005c 100 2026 05 11.7  21.1571 -35.4080 21.3 Added May 12.05 UT               3   0.00 28.5  1.533
SO0005b 100 2026 05 11.6  22.5127 -12.9460 20.5 Added May 12.04 UT               3   0.00 26.6  1.543
CELXZH2 100 2026 05 11.3  14.7786 +24.1418 22.7 Added May 11.37 UT               3   0.01 22.0  1.843
ST26E34 100 2026 05 10.5  14.8606 +18.4604 23.3 Updated May 12.32 UT             2   0.00 28.1  2.730
6E94521  74 2026 05 10.4  19.5095 -60.4188 19.6 Updated May 13.15 UT            31   2.77 19.1  0.059
XA9ttXA  65 2026 05 08.8  15.0904  +1.9039 22.5 Updated May 13.17 UT            19   4.39 21.8  0.041
ST26E18 100 2026 05 09.4  15.5078 -14.6144 23.5 Updated May 11.31 UT             4   0.00 30.1  3.825
CELRZD2 100 2026 05 09.2  12.4437 +36.5408 22.4 Updated May 12.32 UT             8   0.10 22.7  3.843
ZTF10Dl 100 2026 05 08.3  18.9864 -15.5148 21.7 Updated May 12.32 UT             4   0.03 26.9  4.822
ST26E14 100 2026 05 08.4  13.3328  -3.0286 18.3 Updated May 12.32 UT             2   0.00 19.8  4.766
P22n0fQ  97 2026 05 07.4  15.0750 +10.0898 22.8 Updated May 11.31 UT             3   0.04 24.4  5.783
S001563  73 2026 05 07.0  12.9914 -27.0080 21.6 Updated May 12.31 UT             3   0.03 18.9  6.114
A11BRI6  47 2026 05 03.0  11.1856 -38.8125 19.1 Updated May 12.68 UT            76   9.17 19.9  1.008
C1EUYV5  35 2026 04 27.5  17.2938 +18.6814 21.8 Updated May 12.54 UT            33  15.04 12.7  0.683
