NAOCLYL  80 2026 05 23.8  15.8933 -21.1788 21.5 Added May 24.59 UT               4   0.10 21.5  0.803
A11CQzo 100 2026 05 24.4  17.5399 -15.3615 16.8 Added May 24.51 UT               5   0.05 29.9  0.224
P12nfqd 100 2026 05 24.4  15.9685 -23.9341 20.2 Added May 24.49 UT               4   0.03 21.2  0.217
oKr0080 100 2026 05 23.9  23.4815 +18.5007 20.3 Added May 24.47 UT               3   0.00 15.5  0.769
C1F15H5 100 2026 05 24.4  16.8455 +23.6071 21.4 Updated May 24.48 UT             8   0.03 24.6  0.182
P22nfp8 100 2026 05 24.4  15.8834  +1.6131 20.3 Added May 24.46 UT               4   0.03 23.2  0.244
C1F1535  84 2026 05 24.4  16.7563  +6.0319 22.6 Updated May 24.48 UT             8   0.05 20.2  0.185
C1F0TQ5 100 2026 05 24.4  15.9565  -6.1109 21.6 Updated May 24.48 UT            10   0.09 22.8  0.190
CEP5GZ2 100 2026 05 24.4  15.8836  +1.9767 20.4 Updated May 24.45 UT            12   0.05 25.7  0.217
C1F0L35 100 2026 05 24.3  15.0729  +2.5590 22.3 Updated May 24.42 UT             8   0.08 21.9  0.242
ST26EG3  98 2026 05 24.3  17.5124  -2.8878 19.7 Updated May 24.57 UT            14   0.21 27.5  0.109
C1F0EU5  82 2026 05 24.3  15.4470 -10.0927 22.1 Updated May 24.39 UT             8   0.07 14.8  0.269
C1F0295 100 2026 05 24.3  15.3484  -7.4449 22.1 Updated May 24.43 UT            12   0.12 21.6  0.224
CEP1CX2 100 2026 05 24.3  15.0368  +1.7809 20.8 Updated May 24.43 UT            20   0.14 24.9  0.233
6EN3D21 100 2026 05 24.2  16.6933 -78.9082 19.1 Added May 24.29 UT               3   0.01 19.2  0.424
CEP0PP2  98 2026 05 24.2  14.8801  -6.4089 20.5 Updated May 24.40 UT            15   0.16 28.5  0.258
C1EYRR5  91 2026 05 23.4  15.8734  +1.9305 22.5 Updated May 24.45 UT            17   1.07 25.1  0.214
C1EYQL5 100 2026 05 23.4  15.8448  +0.8789 22.1 Updated May 24.28 UT            10   0.89 24.4  0.396
C1EYPU5 100 2026 05 23.4  15.8339  +3.0731 22.8 Updated May 24.37 UT             9   0.64 24.0  0.641
C1EYPT5  89 2026 05 23.4  15.8186  +1.5671 21.7 Updated May 24.24 UT            18   0.86 24.2  0.419
C1EYD55  64 2026 05 23.3  15.7948 -13.1386 22.1 Updated May 24.30 UT            12   0.95 20.1  0.380
C1EXH55  93 2026 05 23.3  14.0189  +5.8555 22.5 Updated May 24.21 UT            20   0.91 23.7  0.467
6EM3521  79 2026 05 23.1  13.1484 -11.1811 20.2 Updated May 24.29 UT            29   1.14 22.4  0.465
NAOCBPP 100 2026 05 20.7  14.8757 -19.7626 22.3 Updated May 24.34 UT             4   0.13 22.4  3.809
C46CD31 100 2026 05 21.4   1.3234  -3.3062 26.5 Updated May 23.35 UT             7   0.05 28.6  3.217
ST26ED1  98 2026 05 21.2   1.6282 -14.9227 27.1 Updated May 23.35 UT            20   0.16 30.2  3.275
TF26EE0 100 2026 05 20.5  16.3630  +8.8214 24.2 Updated May 24.34 UT             4   0.02 28.8  4.176
ST26EC8  98 2026 05 20.4  21.1964 -30.4687 22.4 Updated May 23.35 UT             6   0.14 28.6  4.222
ST26EC7  98 2026 05 20.4   2.4500  -8.4100 29.7 Updated May 23.35 UT             6   0.11 30.3  4.228
ST26EC5 100 2026 05 20.3  15.3563 -17.9189 20.4 Updated May 24.34 UT             4   0.03 24.8  4.321
P12nffX  10 2026 05 20.5  16.3291 -21.0684 21.6 Updated May 24.38 UT            18   9.84 19.3  0.364
P12nfaz  43 2026 05 20.3  13.2274 -27.8208 21.9 Updated May 24.34 UT            12   2.87 18.3  1.467
NAOCAN7 100 2026 05 17.7  15.2805 -21.8687 20.9 Updated May 24.34 UT             4   0.10 19.9  6.807
KPMa1Ih  87 2026 05 18.1  11.1240 -27.5753 23.4 Updated May 24.34 UT             5   0.01 20.8  6.556
CEMVK32  35 2026 05 17.4  16.5624  +8.9522 21.7 Updated May 24.42 UT            50  11.97 20.1  0.255
P12neKs  35 2026 05 14.6  18.0594 +57.1140 19.9 Updated May 24.37 UT           161   9.46 15.1  0.627
