P12nfxy 100 2026 05 26.6  17.5537  +5.2006 20.6 Added May 26.63 UT               3   0.02 22.7  0.184
CEP5WY2 100 2026 05 26.4  18.9734 +40.7291 21.0 Updated May 26.48 UT             7   0.03 21.3  0.310
C1F41L5 100 2026 05 26.4  15.9582  +9.1669 19.8 Updated May 26.44 UT             8   0.05 23.7  0.350
CEP5WU2 100 2026 05 26.4  17.5901 +49.5877 21.1 Updated May 26.44 UT            10   0.06 26.1  0.352
C1F4195 100 2026 05 26.4  16.1140  +8.0755 22.1 Updated May 26.45 UT             7   0.07 27.6  0.333
C1F4075 100 2026 05 26.4  16.0486 +27.3656 22.3 Updated May 26.48 UT             8   0.11 24.9  0.310
P12nfxd  96 2026 05 25.6  17.8247 +16.5217 21.9 Updated May 26.45 UT            14   2.00 22.6  0.347
C1F32J5 100 2026 05 25.4  17.1987 +14.1210 22.0 Updated May 26.31 UT             7   0.85 23.5  0.484
C1F3245  43 2026 05 25.4  17.0066 +10.5785 22.6 Updated May 26.78 UT            11   1.00 20.2  0.337
SJA1250 100 2026 05 24.9  16.8474 +61.2749 20.3 Added May 25.42 UT               3   0.03 17.5  1.815
C1F2HL5 100 2026 05 25.4  16.4404 -11.7038 22.4 Updated May 25.43 UT             8   0.07 25.5  1.359
C1F1TD5 100 2026 05 25.3  15.7707  +4.6818 23.9 Updated May 26.35 UT             4   0.02 33.6  1.457
C03UYWZ 100 2026 05 23.4  16.7382 +12.8587 22.4 Updated May 26.16 UT             7   2.00 23.1  1.341
A11CUyv  94 2026 05 24.1  17.5744 -56.4146 19.2 Updated May 26.35 UT            17   1.97 19.1  0.673
P12nfw2 100 2026 05 24.6  21.0808  -3.5738 21.7 Updated May 26.34 UT             8   1.73 20.3  0.463
NAOCLYL  85 2026 05 23.8  15.9026 -19.0878 21.7 Updated May 26.35 UT             4   0.10 21.7  2.929
A11CQzo 100 2026 05 24.4  21.7205 -17.5184 20.6 Updated May 26.35 UT             5   0.05 29.8  2.351
oKr0080 100 2026 05 23.9  23.4901 +18.5597 20.2 Updated May 26.34 UT             3   0.00 17.1  2.896
C1F1535  97 2026 05 24.4  16.7578  +6.6285 22.4 Updated May 26.35 UT            11   0.87 23.3  1.500
C1F0EU5  80 2026 05 24.3  15.4038 -10.0892 22.0 Updated May 26.33 UT            13   1.97 20.0  0.498
C1F0295  80 2026 05 24.3  15.3085  -7.0100 22.1 Updated May 26.10 UT            20   1.78 22.2  0.694
6EN3D21 100 2026 05 24.2  16.4079 -79.9751 18.6 Updated May 25.35 UT             3   0.01 21.1  2.551
C1EYPU5 100 2026 05 23.4  15.8701  +3.3990 22.8 Updated May 26.35 UT            11   1.87 24.1  1.537
C1EYD55  12 2026 05 23.3  15.7305 -13.6453 22.3 Updated May 26.78 UT            25   8.93 20.6  0.380
NAOCBPP  99 2026 05 20.7  14.9083 -21.1532 22.3 Updated May 25.35 UT             4   0.13 22.4  5.936
ST26EC8  98 2026 05 20.4  21.9658 -31.0206 23.5 Updated May 25.35 UT             6   0.14 28.6  6.349
P12nfaz  43 2026 05 20.3  13.2130 -27.4200 22.0 Updated May 26.35 UT            12   2.87 18.3  3.594
NAOCAN7 100 2026 05 17.7  15.2868 -21.9268 21.0 Updated May 26.35 UT             4   0.10 19.7  8.933
KPMa1Ih  87 2026 05 18.1  11.1270 -28.5384 23.5 Updated May 26.35 UT             5   0.01 20.9  8.683
CEMVK32  53 2026 05 17.4  16.4128  +7.9408 21.7 Updated May 26.27 UT            52  11.97 20.1  2.381
P12neKs  35 2026 05 14.6  17.9871 +56.8131 19.9 Updated May 26.66 UT           176  11.53 15.1  0.683
