RMM2026  35 2026 07 06.3  19.8429 -22.2831 21.7 Updated July 18.06 UT           28  26.53 18.9  0.106
ST26G56 100 2026 07 17.3  21.1496 +19.4654 20.0 Updated July 17.77 UT            4   0.03 26.9  0.748
ST26G54 100 2026 07 17.3  18.3303 +14.6688 20.0 Updated July 17.72 UT            5   0.05 21.1  0.743
oNj0343 100 2026 07 15.8  23.5024  +3.3058 21.8 Added July 17.29 UT              3   0.07 19.1  2.263
A11EQsq 100 2026 07 15.9  16.9801 -65.8586 21.8 Added July 17.27 UT              4   0.02 28.3  2.233
A11EQfd  76 2026 07 16.4  20.2015  -8.4644 19.3 Updated July 18.07 UT           24   1.59 26.8  0.095
ZTF10Er 100 2026 07 16.3   4.3887 -46.3253 21.4 Added July 16.64 UT              4   0.04 26.6  1.746
P12ooQQ 100 2026 07 16.6  20.9713  +2.2341 21.2 Updated July 17.69 UT            6   0.88 21.3  0.688
P22ooQq 100 2026 07 16.6   1.9684 +11.0374 21.7 Updated July 17.54 UT            7   0.94 19.8  0.602
P22ooPS 100 2026 07 16.5  23.5491 +17.9702 20.4 Added July 16.57 UT              3   0.02 23.2  1.603
P22ooOY 100 2026 07 16.5  23.1104 +18.0793 21.3 Updated July 17.77 UT           12   9.92 24.3  0.694
P22ooOw 100 2026 07 16.3  17.6956 +55.5291 22.2 Updated July 17.71 UT           10   0.99 21.0  0.804
P12ooOz 100 2026 07 16.3  16.0856 +20.0597 21.7 Updated July 17.78 UT           14   1.94 23.0  0.818
P12ooOy 100 2026 07 16.3  15.1425 +18.2865 22.3 Updated July 17.65 UT           10   0.95 22.4  0.828
P22ooOt  83 2026 07 16.4  20.9286 +15.1691 22.2 Updated July 17.70 UT            8   1.04 21.3  0.703
P22ooOs 100 2026 07 16.4  20.5506  +9.9722 22.0 Updated July 17.71 UT            7   1.03 23.0  0.717
ST26G49 100 2026 07 16.4   0.0143 -35.9893 19.5 Updated July 17.01 UT            4   0.04 27.5  1.716
orA4471 100 2026 07 15.9  16.3113 -18.1055 20.0 Updated July 17.23 UT            3   0.01 19.1  2.233
X89848   77 2026 07 14.8  22.0952 -13.0972 19.7 Updated July 17.24 UT            3   0.03 15.6  3.340
P12onSk  87 2026 07 15.5  22.3251 -32.5322 21.1 Updated July 17.53 UT            9   2.00 20.6  0.613
P12onSi  72 2026 07 15.5  22.0040 -23.6282 20.9 Updated July 17.52 UT           13  23.89 20.4  0.689
P12onSj  88 2026 07 15.5  22.7969 -29.0358 21.0 Updated July 17.53 UT            9   2.00 18.8  0.610
ZTF10Ep 100 2026 07 15.3   4.1279  -0.5141 23.4 Updated July 17.24 UT            4   0.04 27.0  2.746
P12onRT  86 2026 07 15.4  20.4473 -39.4341 19.7 Updated July 17.93 UT           16   2.48 20.9  0.209
W2onRQ  100 2026 07 15.4  20.0195 -20.6891 20.5 Updated July 17.23 UT            4   0.00 26.7  2.700
P12onRm  91 2026 07 15.4  19.7042 -25.7011 21.1 Updated July 17.65 UT           11   2.04 22.2  0.698
ST26G39  74 2026 07 15.2  17.9104 +40.8283 21.8 Updated July 17.71 UT           25   2.10 26.0  0.797
P12onNw  35 2026 07 14.3  17.5016  -1.6592 20.7 Updated July 17.92 UT           20   5.64 12.1  0.230
TF26G22 100 2026 07 10.3   2.3829 -34.5590 22.3 Updated July 17.24 UT            2   0.00 25.3  7.820
P22nJzF  35 2026 06 22.5  22.3940 +18.4188 21.5 Updated July 17.24 UT           28 300.05 14.2  2.685
