ST26E47 100 2026 05 12.4  15.2757 -14.2818 18.4 Updated May 12.72 UT             4   0.01 23.7  0.424
P22n55t  38 2026 05 12.4  15.0423 -13.4498 21.4 Updated May 12.82 UT             8   4.22 19.5  0.315
P22n52K 100 2026 05 12.4  15.2133 -11.4474 21.1 Updated May 12.69 UT             6   0.10 24.1  0.314
P22n4V7 100 2026 05 12.4  14.4170 -20.1109 21.6 Updated May 12.68 UT             5   0.10 20.2  0.365
P22n4V6 100 2026 05 12.4  14.0187 -22.8519 21.7 Updated May 12.68 UT             6   0.10 21.5  0.366
P22n4V9  95 2026 05 12.4  14.4069 -16.3190 21.7 Updated May 12.69 UT             8   0.10 23.1  0.363
P22n4V8 100 2026 05 12.4  14.3610 -16.6480 21.2 Updated May 12.68 UT             6   0.09 25.7  0.363
CEM28F2 100 2026 05 12.4  17.5407 +16.0147 21.0 Updated May 12.47 UT             9   0.06 25.2  0.396
P22n4PE 100 2026 05 12.3  13.6927  -7.9435 20.2 Updated May 12.78 UT             8   0.16 25.9  0.418
P22n4PD 100 2026 05 12.4  13.8162  -9.4441 20.8 Updated May 12.68 UT             5   0.08 27.2  0.417
P22n4PC  69 2026 05 12.4  13.9722 -14.7238 20.6 Updated May 12.68 UT             5   0.08 20.2  0.421
P22n4PB  96 2026 05 12.3  13.6506 -10.1078 21.1 Updated May 12.68 UT             8   0.10 23.1  0.418
C469Q01  98 2026 05 12.4  16.7269  -2.0086 18.7 Updated May 12.61 UT            15   0.20 26.6  0.257
CEM26R2  67 2026 05 12.4  16.6258 +15.5275 20.6 Updated May 12.65 UT            10   0.22 16.9  0.247
C469P61  98 2026 05 12.4  16.2116  -5.8277 19.3 Updated May 12.78 UT            14   0.34 29.1  0.143
CEM1YU2  98 2026 05 12.3  15.1234  +9.9019 20.7 Updated May 12.43 UT            12   0.10 28.1  0.433
CEM20F2  98 2026 05 12.3  14.8299 +17.2267 22.0 Updated May 12.43 UT            12   0.10 27.0  0.430
CEM1XD2  75 2026 05 12.3  14.5417 +17.7424 22.0 Updated May 12.41 UT            11   0.11 17.1  0.443
ST26E41  98 2026 05 12.3  15.1341 -13.5737 18.9 Updated May 12.40 UT            12   0.11 28.7  0.466
CEM1R02 100 2026 05 12.3  13.6396 +16.9100 21.7 Updated May 12.42 UT            12   0.14 21.2  0.438
ST26E39 100 2026 05 12.2  12.8216 -21.4566 19.5 Updated May 12.26 UT            10   0.07 23.5  0.595
6EB3121 100 2026 05 12.0  10.3140 -10.5613 19.9 Updated May 12.18 UT             9   0.19 23.7  0.693
SO0005e 100 2026 05 11.7  22.2226 -15.5594 21.7 Added May 12.10 UT               3   0.00 28.8  1.147
SO0005d 100 2026 05 11.7  18.2043 -29.2612 19.6 Added May 12.10 UT               4   0.00 27.8  1.145
SO0005c 100 2026 05 11.7  20.5251 -36.4273 20.6 Added May 12.05 UT               3   0.00 28.5  1.199
SO0005b 100 2026 05 11.6  22.2806 -15.1895 19.8 Added May 12.04 UT               3   0.00 26.6  1.210
C469HY1  91 2026 05 11.4  18.8201 +36.2894 19.3 Updated May 12.67 UT            40   0.92 25.8  0.540
CELXZH2 100 2026 05 11.3  14.7853 +24.1103 22.7 Added May 11.37 UT               3   0.01 22.0  1.510
ST26E34 100 2026 05 10.5  14.8686 +18.1065 23.1 Updated May 12.32 UT             2   0.00 28.1  2.397
6E94521  84 2026 05 10.4  19.4797 -59.6360 19.5 Updated May 12.49 UT            28   2.04 19.0  0.455
XA9ttXA  77 2026 05 08.8  15.0974  +1.8909 22.5 Updated May 12.19 UT            16   3.41 21.8  0.689
ST26E18 100 2026 05 09.4  15.5013 -14.5456 23.3 Updated May 11.31 UT             4   0.00 30.1  3.491
CELRZD2 100 2026 05 09.2  12.4586 +36.3998 22.3 Updated May 12.32 UT             8   0.10 22.7  3.509
ZTF10Dl 100 2026 05 08.3  18.9486 -15.5210 21.6 Updated May 12.32 UT             4   0.03 26.9  4.489
ST26E14 100 2026 05 08.4  13.3397  -3.1029 18.2 Updated May 12.32 UT             2   0.00 19.8  4.433
P22n0vC  10 2026 05 08.3  14.7768  +9.6153 22.3 Updated May 12.45 UT            31   4.10 19.9  0.428
P22n0fQ  97 2026 05 07.4  15.0767 +10.0717 22.7 Updated May 11.31 UT             3   0.04 24.4  5.450
S001563  73 2026 05 07.0  12.9925 -26.9925 21.6 Updated May 12.31 UT             3   0.03 18.9  5.781
P22mZLU  71 2026 05 06.3  11.8438 -15.4574 21.0 Updated May 12.70 UT            19   5.55 20.7  1.032
A11BRI6  35 2026 05 03.0  11.1267 -38.9913 19.0 Updated May 12.68 UT            76   9.17 19.9  0.675
C1EUYV5  35 2026 04 27.5  17.2983 +18.6632 21.8 Updated May 12.54 UT            33  15.04 12.7  0.349
