CEP5YT2 100 2026 05 27.2  14.3500 +38.0553 21.2 Updated May 28.19 UT            11   0.93 25.0  0.817
A11CWPw 100 2026 05 26.6   2.1370 +15.1045 22.2 Updated May 28.36 UT             4   0.02 28.8  2.417
C1F4195 100 2026 05 26.4  16.1535 +10.9189 22.8 Updated May 28.36 UT             7   0.07 27.7  2.544
P12nfxd 100 2026 05 25.6  17.7883 +17.4323 21.9 Updated May 28.36 UT            14   2.00 22.6  2.558
C1F32J5 100 2026 05 25.4  17.1727 +18.5313 22.1 Updated May 27.70 UT            11   1.88 23.6  1.659
C1F3245  48 2026 05 25.4  16.9579 +10.3675 22.6 Updated May 28.36 UT            11   1.00 20.3  2.548
SJA1250 100 2026 05 24.9  16.7113 +60.3428 20.2 Updated May 27.36 UT             3   0.03 17.1  4.026
C1F2HL5 100 2026 05 25.4  16.7172 -12.2745 22.4 Updated May 28.36 UT             8   0.07 25.5  3.570
C1F1TD5 100 2026 05 25.3  15.8351  +4.5141 25.7 Updated May 28.36 UT             4   0.02 33.9  3.668
C03UYWZ  98 2026 05 23.4  16.7127 +16.7947 22.3 Updated May 27.70 UT            13   5.98 23.1  2.570
P12nfw2 100 2026 05 24.6  21.2071  -2.6551 21.6 Updated May 27.69 UT            14   3.01 20.3  1.391
NAOCLYL  85 2026 05 23.8  15.9120 -17.0256 21.9 Updated May 28.36 UT             4   0.10 21.5  5.140
A11CQzo 100 2026 05 24.4  22.3711 -15.9915 22.2 Updated May 28.36 UT             5   0.05 29.8  4.562
oKr0080 100 2026 05 23.9  23.4969 +18.6233 20.4 Updated May 28.36 UT             3   0.00 17.8  5.107
C1F1535  97 2026 05 24.4  16.7579  +7.2491 22.3 Updated May 28.36 UT            11   0.87 23.3  3.711
6EN3D21 100 2026 05 24.2  16.0339 -80.6662 18.9 Updated May 28.36 UT             3   0.01 18.8  4.762
C1EYPU5 100 2026 05 23.4  15.9086  +3.6786 22.9 Updated May 28.37 UT            11   1.87 24.1  3.748
NAOCBPP  99 2026 05 20.7  14.9424 -22.4656 22.4 Updated May 28.36 UT             4   0.13 22.4  8.147
ST26EC8  98 2026 05 20.4  22.3287 -30.9132 24.2 Updated May 28.36 UT             6   0.14 28.6  8.560
P12nfaz  43 2026 05 20.3  13.2007 -27.0064 22.1 Updated May 28.36 UT            12   2.87 18.4  5.805
NAOCAN7 100 2026 05 17.7  15.2919 -21.9775 21.3 Updated May 28.37 UT             4   0.10 20.1 11.145
KPMa1Ih  87 2026 05 18.1  11.1338 -29.3764 23.6 Updated May 28.36 UT             5   0.01 20.8 10.894
CEMVK32  51 2026 05 17.4  16.2677  +6.9080 21.8 Updated May 27.66 UT            59  13.11 20.1  3.455
