C1F44U5 100 2026 05 27.3  16.1663 +42.2326 21.7 Updated May 27.45 UT             8   0.11 25.0  0.765
CEP5YT2  98 2026 05 27.2  14.2703 +38.2051 21.4 Updated May 28.19 UT            11   0.93 25.0  0.024
A11CWPw 100 2026 05 26.6  22.9665 -10.1955 18.4 Added May 26.81 UT               4   0.02 28.7  1.624
C1F4195 100 2026 05 26.4  16.1410 +10.0536 22.6 Updated May 26.45 UT             7   0.07 27.6  1.751
P12nfxd 100 2026 05 25.6  17.8015 +17.1217 21.9 Updated May 26.45 UT            14   2.00 22.6  1.765
C1F32J5 100 2026 05 25.4  17.1824 +16.9642 22.0 Updated May 27.70 UT            11   1.88 23.6  0.866
C1F3245  48 2026 05 25.4  16.9755 +10.4478 22.6 Updated May 26.78 UT            11   1.00 20.2  1.755
SJA1250 100 2026 05 24.9  16.7593 +60.6831 20.2 Updated May 27.36 UT             3   0.03 17.1  3.233
C1F2HL5 100 2026 05 25.4  16.6129 -12.0614 22.4 Updated May 27.35 UT             8   0.07 26.0  2.777
C1F1TD5 100 2026 05 25.3  15.8479  +4.4816 24.9 Updated May 26.35 UT             4   0.02 33.6  2.875
C03UYWZ  98 2026 05 23.4  16.7220 +15.3884 22.2 Updated May 27.70 UT            13   5.98 23.1  1.777
P12nfw2  95 2026 05 24.6  21.1616  -2.9871 21.7 Updated May 27.69 UT            14   3.01 20.3  0.598
NAOCLYL  85 2026 05 23.8  15.9087 -17.7401 21.8 Updated May 26.35 UT             4   0.10 21.7  4.347
A11CQzo 100 2026 05 24.4  22.2298 -16.3459 21.8 Updated May 26.35 UT             5   0.05 29.8  3.769
oKr0080 100 2026 05 23.9  23.4949 +18.6059 20.4 Updated May 27.35 UT             3   0.00 18.0  4.314
C1F1535  97 2026 05 24.4  16.7580  +7.0261 22.3 Updated May 26.35 UT            11   0.87 23.3  2.918
6EN3D21 100 2026 05 24.2  16.1326 -80.5297 18.7 Updated May 27.35 UT             3   0.01 20.4  3.969
C1EYPU5 100 2026 05 23.4  15.8947  +3.5854 22.8 Updated May 26.35 UT            11   1.87 24.1  2.955
NAOCBPP  99 2026 05 20.7  14.9303 -22.0014 22.3 Updated May 27.35 UT             4   0.13 22.3  7.354
ST26EC8  98 2026 05 20.4  22.2257 -30.9703 24.0 Updated May 27.35 UT             6   0.14 28.6  7.767
P12nfaz  43 2026 05 20.3  13.2048 -27.1542 22.0 Updated May 26.35 UT            12   2.87 18.3  5.012
NAOCAN7 100 2026 05 17.7  15.2906 -21.9618 21.0 Updated May 26.35 UT             4   0.10 19.7 10.352
KPMa1Ih  87 2026 05 18.1  11.1312 -29.1304 23.5 Updated May 26.35 UT             5   0.01 20.9 10.101
CEMVK32  51 2026 05 17.4  16.3185  +7.2757 21.8 Updated May 27.66 UT            59  13.11 20.1  2.662
