C1EYRR5 100 2026 05 23.4  15.8571  +3.3434 22.6 Added May 23.43 UT               3   0.01 23.8  0.062
C1EYQL5  99 2026 05 23.4  15.9221  +2.0951 22.2 Added May 23.43 UT               3   0.01 27.0  0.063
C1EYPU5  97 2026 05 23.4  15.8133  +2.8608 22.8 Added May 23.43 UT               4   0.02 22.6  0.056
C1EYPT5  96 2026 05 23.4  15.8383  +3.0344 21.6 Added May 23.42 UT               4   0.02 23.8  0.056
C46CN51 100 2026 05 23.4  17.3636 +24.4962 19.6 Updated May 23.44 UT             8   0.05 24.5  0.013
C1EYD55  66 2026 05 23.3  15.8310 -12.8560 22.1 Updated May 23.41 UT            10   0.06 19.4  0.060
TF26EH4 100 2026 05 23.3  18.2642 +19.1155 17.9 Added May 23.35 UT               2   0.00 21.6  0.106
C1EXH55 100 2026 05 23.3  13.9446  +4.6898 22.2 Updated May 23.37 UT            10   0.08 23.3  0.088
CENZ0T2  98 2026 05 23.3  15.8680 +59.2281 21.1 Updated May 23.37 UT            12   0.11 26.1  0.083
TF26EG9 100 2026 05 23.2  15.2260 +18.3773 18.1 Added May 23.29 UT               2   0.00 22.3  0.202
6EM3521 100 2026 05 23.1  13.2111 -13.3751 20.1 Updated May 23.31 UT             7   0.25 22.9  0.141
SO0006A 100 2026 05 22.7  22.0141 -36.7812 19.3 Added May 22.70 UT               4   0.01 23.9  0.764
NAOCBPP  99 2026 05 20.7  14.8595 -19.0380 22.1 Updated May 22.70 UT             4   0.13 22.4  2.601
8N2S001  86 2026 05 22.0  17.6337 +12.0494 19.4 Updated May 23.42 UT            21   1.38 22.7  0.030
CZYNHKZ 100 2026 05 14.4  16.3820  +2.3998 21.7 Updated May 23.35 UT             4   0.02 22.7  9.064
C46CD31 100 2026 05 21.4   0.8335  -3.9028 24.8 Updated May 23.35 UT             7   0.05 28.6  2.008
ST26ED1  98 2026 05 21.2   1.4160 -15.6637 25.7 Updated May 23.35 UT            20   0.16 30.2  2.066
TF26EE0 100 2026 05 20.5  16.3855  +8.8139 23.6 Updated May 22.38 UT             4   0.02 28.7  2.967
ST26EC8  98 2026 05 20.4  20.3038 -28.5350 21.4 Updated May 23.35 UT             6   0.14 28.6  3.014
ST26EC7  98 2026 05 20.4   2.4046  -8.3949 29.0 Updated May 23.35 UT             6   0.11 30.3  3.020
ST26EC5 100 2026 05 20.3  15.6497 -16.0971 19.8 Updated May 22.38 UT             4   0.03 24.9  3.112
P12nffX  10 2026 05 20.5  16.3514 -20.9540 21.7 Updated May 22.44 UT            15   7.94 19.3  1.054
P12nfaz  38 2026 05 20.3  13.2366 -28.0492 22.0 Updated May 23.25 UT            12   2.87 18.4  0.259
NAOCAN7 100 2026 05 17.7  15.2779 -21.8312 20.8 Updated May 22.38 UT             4   0.10 19.7  5.599
KPMa1Ih  87 2026 05 18.1  11.1238 -27.0545 23.3 Updated May 22.38 UT             5   0.01 20.8  5.348
CEMVK32  55 2026 05 17.4  16.6518  +9.5321 21.6 Updated May 23.35 UT            47   9.02 20.1  1.993
P12neKs  35 2026 05 14.6  18.0998 +57.2667 20.0 Updated May 23.39 UT           143   8.81 15.1  0.070
