SO0006A 100 2026 05 22.7  20.9840 -35.5014 19.1 Added May 22.70 UT               4   0.01 23.9  0.180
MKp7968  83 2026 05 17.7  14.1209  +5.4557 21.9 Updated May 22.83 UT             8  26.24 23.2  1.165
C46CH71 100 2026 05 22.3  15.1912 +23.6269 19.6 Updated May 22.39 UT             8   0.04 23.6  0.479
ST26EE4  98 2026 05 22.3  18.3707 +18.3793 20.9 Updated May 22.46 UT            18   0.13 29.0  0.413
ST26EE3  98 2026 05 22.3  16.5324  +5.9931 19.6 Updated May 22.47 UT            12   0.21 28.4  0.404
CENWC52  98 2026 05 22.3  15.6721  -2.8245 20.1 Updated May 22.49 UT            15   0.18 27.7  0.385
CENU0L2  98 2026 05 22.2  14.0845  -3.1143 21.9 Updated May 22.37 UT             9   0.13 27.4  0.502
CENV8M2  88 2026 05 22.3  17.5690 +25.1097 16.7 Updated May 22.84 UT            21   0.55 31.3  0.034
NAOCBPP  99 2026 05 20.7  14.8514 -18.6544 22.1 Updated May 22.70 UT             4   0.13 22.4  2.018
8N2S001 100 2026 05 22.0  17.7331 +14.4620 19.1 Added May 22.24 UT               3   0.01 24.4  0.815
Sar2899  98 2026 05 22.0  15.9609 +11.4451 20.9 Updated May 22.45 UT            24   0.46 29.6  0.421
CZYNHKZ 100 2026 05 14.4  16.3643  +2.3835 21.4 Updated May 22.04 UT             4   0.02 22.8  8.481
C46CD31 100 2026 05 21.4  23.6281  -5.1105 22.4 Updated May 21.45 UT             5   0.05 28.5  1.425
ST26ED8  79 2026 05 21.3  17.6216 +19.0645 20.4 Updated May 22.42 UT            39   1.08 25.8  0.454
ST26ED1  98 2026 05 21.2   1.1234 -16.5896 24.4 Updated May 21.71 UT            20   0.16 30.2  1.483
TF26EE0 100 2026 05 20.5  16.3989  +8.8015 23.2 Updated May 22.38 UT             4   0.02 28.7  2.384
ST26EC8  98 2026 05 20.4  19.6326 -26.1307 20.8 Updated May 21.71 UT             6   0.14 28.6  2.431
ST26EC7  98 2026 05 20.4   2.3645  -8.3696 28.4 Updated May 21.71 UT             6   0.11 30.2  2.437
ST26EC5 100 2026 05 20.3  15.8591 -14.7199 19.5 Updated May 22.38 UT             4   0.03 24.9  2.529
P12nffX  10 2026 05 20.5  16.3620 -20.8986 21.7 Updated May 22.44 UT            15   7.94 19.3  0.471
P12nffV  45 2026 05 20.5  16.4982 -18.5781 20.5 Updated May 22.27 UT            23   2.72 20.2  0.834
P12nfaz  48 2026 05 20.3  13.2413 -28.1594 22.0 Updated May 22.18 UT            10   1.84 18.4  0.700
NAOCAN7 100 2026 05 17.7  15.2770 -21.8160 20.7 Updated May 22.38 UT             4   0.10 19.7  5.015
KPMa1Ih  87 2026 05 18.1  11.1243 -26.7924 23.3 Updated May 22.38 UT             5   0.01 20.8  4.765
CEMVK32  55 2026 05 17.4  16.6961  +9.8129 21.6 Updated May 21.47 UT            47   9.02 20.1  1.409
P12neKs  35 2026 05 14.6  18.1190 +57.3358 20.0 Updated May 22.02 UT           121   7.45 15.2  0.849
