ST26EA7 100 2026 05 18.5  16.0847  +7.6527 16.9 Added May 18.76 UT               2   0.00 18.0  0.448
KPMa1Ih  82 2026 05 18.1  11.1356 -24.9459 23.2 Added May 18.68 UT               5   0.01 21.2  0.845
A11CDyX  95 2026 05 18.0  10.8121 -33.0713 19.6 Updated May 18.91 UT             6   0.84 18.4  0.063
P22nf7G 100 2026 05 17.6  16.2186 +35.3097 22.1 Added May 17.77 UT               4   0.04 22.8  1.343
P22nf3F  32 2026 05 17.5  17.5989 +37.0962 21.4 Updated May 18.35 UT            12   0.81 19.0  0.646
CEMVK32 100 2026 05 17.4  17.0121 +11.6962 21.7 Updated May 18.33 UT            30   5.77 20.2  0.742
A11Cvk7 100 2026 05 16.9  13.5412 -72.1196 19.6 Updated May 18.37 UT             4   0.03 22.7  2.019
CEMRK82  84 2026 05 16.5  21.5847 -10.1927 21.5 Updated May 18.37 UT             3   0.01 17.3  2.483
A11Cswo 100 2026 05 16.0  17.1608 -23.2314 18.5 Updated May 18.37 UT             4   0.02 20.9  2.945
ST26E84  98 2026 05 15.4  15.4930 +10.6763 20.8 Updated May 18.37 UT             6   0.47 26.4  3.058
ST26E75  98 2026 05 15.2   2.5134 -22.5399 26.8 Updated May 18.37 UT             7   0.09 28.6  3.627
P12neKs  35 2026 05 14.6  18.2443 +57.7253 20.2 Updated May 18.80 UT            60   3.67 15.3  0.708
CEMAUH2 100 2026 05 14.4  15.9741 -13.3588 21.2 Updated May 18.39 UT             6   0.07 23.9  4.504
C1EUYV5  35 2026 04 27.5  17.2139 +18.9694 21.9 Updated May 16.81 UT            36 300.17 12.8  2.486
