A11CiZv 100 2026 05 12.5  16.7649  -0.7071 18.5 Added May 12.96 UT               5   0.04 24.6  0.489
ST26E47  98 2026 05 12.4  15.2449 -15.3828 18.7 Updated May 12.95 UT             8   0.53 24.5  0.037
P22n55t  38 2026 05 12.4  15.0386 -13.4724 21.4 Updated May 12.82 UT             8   4.22 19.5  0.440
P22n52K 100 2026 05 12.4  15.2059 -11.5001 21.1 Updated May 12.69 UT             6   0.10 24.1  0.439
P22n4V7 100 2026 05 12.4  14.4132 -20.0679 21.7 Updated May 12.68 UT             5   0.10 20.2  0.490
P22n4V6 100 2026 05 12.4  14.0116 -22.8614 21.7 Updated May 12.68 UT             6   0.10 21.5  0.491
P22n4V9  95 2026 05 12.4  14.4094 -16.1908 21.7 Updated May 12.69 UT             8   0.10 23.1  0.488
P22n4V8 100 2026 05 12.4  14.3512 -16.9431 21.2 Updated May 12.68 UT             6   0.09 25.7  0.488
CEM28F2 100 2026 05 12.4  17.5841 +16.3087 21.0 Updated May 12.47 UT             9   0.06 25.2  0.521
P22n4PE 100 2026 05 12.3  13.7117  -7.3038 20.2 Updated May 12.78 UT             8   0.16 25.9  0.543
P22n4PD 100 2026 05 12.4  13.8404  -9.8344 20.8 Updated May 12.68 UT             5   0.08 27.2  0.542
P22n4PC  69 2026 05 12.4  13.9717 -14.6266 20.6 Updated May 12.68 UT             5   0.08 20.2  0.546
P22n4PB  96 2026 05 12.3  13.6541  -9.9942 21.1 Updated May 12.68 UT             8   0.10 23.1  0.543
CEM26R2  67 2026 05 12.4  16.6236 +15.5223 20.6 Updated May 12.65 UT            10   0.22 16.9  0.372
CEM1YU2  98 2026 05 12.3  15.0980  +8.9607 20.7 Updated May 12.43 UT            12   0.10 28.1  0.558
CEM20F2  98 2026 05 12.3  14.8343 +17.0739 22.1 Updated May 12.43 UT            12   0.10 27.0  0.555
CEM1XD2  75 2026 05 12.3  14.5390 +17.7264 22.0 Updated May 12.41 UT            11   0.11 17.1  0.568
CEM1R02 100 2026 05 12.3  13.6307 +16.9153 21.7 Updated May 12.42 UT            12   0.14 21.2  0.563
ST26E39 100 2026 05 12.2  12.7418 -22.2525 19.5 Updated May 12.26 UT            10   0.07 23.5  0.720
6EB3121 100 2026 05 12.0  10.3211 -11.1841 19.9 Updated May 12.18 UT             9   0.19 23.7  0.818
SO0005e 100 2026 05 11.7  22.3878 -13.8654 22.0 Added May 12.10 UT               3   0.00 28.8  1.272
SO0005d 100 2026 05 11.7  18.3174 -28.7674 19.8 Added May 12.10 UT               4   0.00 27.8  1.270
SO0005c 100 2026 05 11.7  20.7948 -36.0866 20.9 Added May 12.05 UT               3   0.00 28.5  1.324
SO0005b 100 2026 05 11.6  22.3811 -14.2291 20.1 Added May 12.04 UT               3   0.00 26.6  1.335
CELXZH2 100 2026 05 11.3  14.7828 +24.1223 22.7 Added May 11.37 UT               3   0.01 22.0  1.635
ST26E34 100 2026 05 10.5  14.8654 +18.2480 23.1 Updated May 12.32 UT             2   0.00 28.1  2.522
6E94521  84 2026 05 10.4  19.4907 -59.9295 19.5 Updated May 12.49 UT            28   2.04 19.0  0.580
XA9ttXA  77 2026 05 08.8  15.0948  +1.8958 22.5 Updated May 12.19 UT            16   3.41 21.8  0.814
ST26E18 100 2026 05 09.4  15.5039 -14.5727 23.4 Updated May 11.31 UT             4   0.00 30.1  3.616
CELRZD2 100 2026 05 09.2  12.4529 +36.4539 22.3 Updated May 12.32 UT             8   0.10 22.7  3.634
ZTF10Dl 100 2026 05 08.3  18.9634 -15.5187 21.6 Updated May 12.32 UT             4   0.03 26.9  4.614
ST26E14 100 2026 05 08.4  13.3371  -3.0748 18.2 Updated May 12.32 UT             2   0.00 19.8  4.558
P22n0fQ  97 2026 05 07.4  15.0761 +10.0788 22.7 Updated May 11.31 UT             3   0.04 24.4  5.575
S001563  73 2026 05 07.0  12.9921 -26.9984 21.6 Updated May 12.31 UT             3   0.03 18.9  5.906
A11BRI6  35 2026 05 03.0  11.1491 -38.9243 19.0 Updated May 12.68 UT            76   9.17 19.9  0.800
C1EUYV5  35 2026 04 27.5  17.2966 +18.6701 21.8 Updated May 12.54 UT            33  15.04 12.7  0.474
