TF26EG7 100 2026 05 22.5  15.7048 +10.0612 19.4 Added May 22.47 UT               2   0.00 23.5  0.021
ST26EE8  98 2026 05 22.2  15.6813 +10.5178 18.9 Updated May 22.47 UT             4   0.22 26.2  0.021
MKp7968  85 2026 05 17.7  14.1235  +5.2105 21.7 Added May 22.41 UT               6   4.04 23.0  0.790
C46CH71 100 2026 05 22.3  15.1803 +27.4615 19.5 Updated May 22.39 UT             8   0.04 23.6  0.104
C46CH41  98 2026 05 22.3  15.5468 +19.7207 19.7 Updated May 22.46 UT            12   0.10 25.7  0.042
ST26EE4  98 2026 05 22.3  18.1616 +15.9261 20.2 Updated May 22.46 UT            18   0.13 29.0  0.038
ST26EE3  98 2026 05 22.3  16.2211 +10.8403 19.5 Updated May 22.47 UT            12   0.21 28.4  0.029
CENWC52  98 2026 05 22.3  15.7983  -3.3310 20.2 Updated May 22.41 UT            11   0.10 27.8  0.083
CENU0L2  98 2026 05 22.2  13.9998  -3.7897 21.6 Updated May 22.37 UT             9   0.13 27.4  0.127
CENV8M2  98 2026 05 22.3  15.1627  -0.7876 18.9 Updated May 22.42 UT            19   0.12 31.1  0.091
NAOCBPP  99 2026 05 20.7  14.8463 -18.4027 22.1 Added May 22.28 UT               4   0.13 22.6  1.643
8N2S001 100 2026 05 22.0  17.8215 +16.9004 19.2 Added May 22.24 UT               3   0.01 24.4  0.440
Sar2899  98 2026 05 22.0  16.1325 +11.7133 20.6 Updated May 22.45 UT            24   0.46 29.6  0.046
CZYNHKZ 100 2026 05 14.4  16.3768  +2.4613 21.4 Updated May 22.04 UT             4   0.02 22.8  8.106
P22nfmx  10 2026 05 21.3  14.4408  +1.5421 21.2 Updated May 22.46 UT            33  12.96 24.7  0.227
C46CD31 100 2026 05 21.4  22.4826  -5.7513 20.8 Updated May 21.45 UT             5   0.05 28.5  1.050
ST26ED8  74 2026 05 21.3  17.7277 +16.1827 20.2 Updated May 22.42 UT            39   1.08 25.8  0.079
ST26ED1  98 2026 05 21.2   0.6364 -17.9034 22.9 Updated May 21.71 UT            20   0.16 30.2  1.108
TF26EE0 100 2026 05 20.5  16.4109  +8.7859 22.8 Updated May 22.38 UT             4   0.02 28.7  2.009
ST26EC8  98 2026 05 20.4  19.0924 -23.5954 20.4 Updated May 21.71 UT             6   0.14 28.6  2.056
ST26EC7  98 2026 05 20.4   2.3238  -8.3365 28.0 Updated May 21.71 UT             6   0.11 30.2  2.062
ST26EC5 100 2026 05 20.3  16.0230 -13.6008 19.3 Updated May 22.38 UT             4   0.03 24.9  2.154
P12nfgD  10 2026 05 20.4  15.9537  -7.5403 21.8 Updated May 22.22 UT            30 5292.85 20.0  0.293
P12nffX  10 2026 05 20.5  16.3688 -20.8631 21.7 Updated May 22.44 UT            15   7.94 19.3  0.096
P12nffV  45 2026 05 20.5  16.5002 -18.7390 20.5 Updated May 22.27 UT            23   2.72 20.2  0.459
P12nfaz  48 2026 05 20.3  13.2445 -28.2303 22.0 Updated May 22.18 UT            10   1.84 18.4  0.325
P22nfat  20 2026 05 20.4  16.1809 +21.5256 22.1 Updated May 22.47 UT            25 623.97 19.7  0.024
NAOCAN7 100 2026 05 17.7  15.2766 -21.8061 20.7 Updated May 22.38 UT             4   0.10 19.7  4.640
KPMa1Ih  87 2026 05 18.1  11.1248 -26.6223 23.3 Updated May 22.38 UT             5   0.01 20.8  4.390
CEMVK32  55 2026 05 17.4  16.7250  +9.9935 21.6 Updated May 21.47 UT            47   9.02 20.1  1.034
P12neKs  35 2026 05 14.6  18.1313 +57.3786 20.0 Updated May 22.02 UT           121   7.45 15.2  0.474
