CEP5YT2 100 2026 05 27.2  14.2945 +38.1620 21.3 Updated May 28.19 UT            11   0.93 25.0  0.276
A11CWPw 100 2026 05 26.6   0.5814  +3.2135 19.1 Updated May 28.36 UT             4   0.02 28.8  1.875
C1F4195 100 2026 05 26.4  16.1453 +10.3478 22.7 Updated May 28.36 UT             7   0.07 27.7  2.002
P12nfxd 100 2026 05 25.6  17.7973 +17.2221 21.9 Updated May 28.36 UT            14   2.00 22.6  2.017
C1F32J5 100 2026 05 25.4  17.1794 +17.4631 22.0 Updated May 27.70 UT            11   1.88 23.6  1.117
C1F3245  48 2026 05 25.4  16.9699 +10.4229 22.7 Updated May 28.36 UT            11   1.00 20.3  2.006
SJA1250 100 2026 05 24.9  16.7439 +60.5761 20.2 Updated May 27.36 UT             3   0.03 17.1  3.484
C1F2HL5 100 2026 05 25.4  16.6490 -12.1372 22.4 Updated May 28.36 UT             8   0.07 25.5  3.028
C1F1TD5 100 2026 05 25.3  15.8236  +4.5534 25.4 Updated May 28.36 UT             4   0.02 33.9  3.126
C03UYWZ  98 2026 05 23.4  16.7191 +15.8348 22.2 Updated May 27.70 UT            13   5.98 23.1  2.028
P12nfw2  95 2026 05 24.6  21.1760  -2.8822 21.7 Updated May 27.69 UT            14   3.01 20.3  0.849
NAOCLYL  85 2026 05 23.8  15.9096 -17.5240 21.8 Updated May 28.36 UT             4   0.10 21.5  4.599
A11CQzo 100 2026 05 24.4  22.2750 -16.2521 21.9 Updated May 28.36 UT             5   0.05 29.8  4.020
oKr0080 100 2026 05 23.9  23.4954 +18.6095 20.4 Updated May 28.36 UT             3   0.00 17.8  4.565
C1F1535  97 2026 05 24.4  16.7580  +7.0968 22.3 Updated May 28.36 UT            11   0.87 23.3  3.169
6EN3D21 100 2026 05 24.2  16.1348 -80.4693 19.0 Updated May 28.36 UT             3   0.01 18.8  4.220
C1EYPU5 100 2026 05 23.4  15.8991  +3.6158 22.9 Updated May 28.37 UT            11   1.87 24.1  3.206
NAOCBPP  99 2026 05 20.7  14.9339 -22.1507 22.4 Updated May 28.36 UT             4   0.13 22.4  7.605
ST26EC8  98 2026 05 20.4  22.2569 -30.9487 24.1 Updated May 28.36 UT             6   0.14 28.6  8.018
P12nfaz  43 2026 05 20.3  13.2034 -27.1074 22.1 Updated May 28.36 UT            12   2.87 18.4  5.263
NAOCAN7 100 2026 05 17.7  15.2904 -21.9654 21.2 Updated May 28.37 UT             4   0.10 20.1 10.603
KPMa1Ih  87 2026 05 18.1  11.1317 -29.1582 23.5 Updated May 28.36 UT             5   0.01 20.8 10.352
CEMVK32  51 2026 05 17.4  16.3022  +7.1588 21.8 Updated May 27.66 UT            59  13.11 20.1  2.913
