P12nfxd  98 2026 05 25.6  17.8382 +16.1430 21.8 Updated May 25.79 UT             6   1.15 22.5  0.362
P12nfwU  96 2026 05 25.5  16.9096 +14.4221 21.7 Updated May 25.79 UT             5   1.11 23.1  0.417
C1F32J5 100 2026 05 25.4  17.2108 +12.3891 22.0 Added May 25.48 UT               4   0.02 25.7  0.478
C1F3245  75 2026 05 25.4  17.0242 +10.6481 22.9 Added May 25.48 UT               4   0.02 16.9  0.480
SJA1250 100 2026 05 24.9  16.9015 +61.6037 20.3 Added May 25.42 UT               3   0.03 17.5  0.982
C1F2X35  91 2026 05 25.4  16.3473  +1.6322 21.9 Updated May 25.46 UT             8   0.09 21.4  0.490
C1F2HL5 100 2026 05 25.4  16.3357 -11.4801 22.4 Updated May 25.43 UT             8   0.07 25.5  0.525
C1F2HK5 100 2026 05 25.4  16.1939 -11.5316 21.8 Updated May 25.43 UT             8   0.07 22.8  0.528
C1F1TD5 100 2026 05 25.3  15.5922  +4.4818 22.0 Added May 25.33 UT               4   0.02 27.4  0.624
C03UYWZ 100 2026 05 23.4  16.7574 +10.6786 23.0 Added May 25.30 UT               4   0.02 25.5  2.486
A11CUyv  96 2026 05 24.1  17.5944 -57.1911 18.9 Updated May 25.44 UT            10   1.27 18.7  0.537
P12nfw2 100 2026 05 24.6  21.0338  -3.9133 21.4 Updated May 25.71 UT             5   1.00 19.3  0.356
NAOCLYL  85 2026 05 23.8  15.8988 -19.8789 21.6 Added May 24.59 UT               4   0.10 21.5  2.096
A11CQzo 100 2026 05 24.4  21.0250 -18.6121 19.6 Added May 24.51 UT               5   0.05 29.9  1.518
P12nfqd 100 2026 05 24.4  15.9368 -22.5018 20.5 Updated May 25.69 UT             9   1.06 21.5  0.478
oKr0080 100 2026 05 23.9  23.4863 +18.5391 20.2 Added May 24.47 UT               3   0.00 15.5  2.062
C1F1535  87 2026 05 24.4  16.7576  +6.3954 22.5 Updated May 25.30 UT            11   0.87 23.3  0.667
C1F0TQ5  89 2026 05 24.4  15.8773  -7.8494 21.7 Updated May 25.39 UT            15   2.93 24.3  0.687
C1F0EU5  87 2026 05 24.3  15.4198 -10.0866 22.1 Updated May 24.39 UT             8   0.07 14.8  1.562
C1F0295  90 2026 05 24.3  15.3242  -7.1787 22.1 Updated May 25.21 UT            17   0.88 22.2  0.755
6EN3D21 100 2026 05 24.2  16.5439 -79.5247 18.8 Updated May 25.35 UT             3   0.01 21.1  1.717
C1EYPU5 100 2026 05 23.4  15.8558  +3.2778 22.9 Updated May 25.26 UT            11   1.87 24.2  0.703
C1EYD55  69 2026 05 23.3  15.7562 -13.4413 22.1 Updated May 25.35 UT            12   0.95 20.1  1.673
NAOCBPP  99 2026 05 20.7  14.8958 -20.6398 22.2 Updated May 25.35 UT             4   0.13 22.4  5.102
C46CD31 100 2026 05 21.4   1.5240  -3.0328 27.4 Updated May 25.35 UT             7   0.05 28.6  4.510
ST26ED1  98 2026 05 21.2   1.7155 -14.5872 27.9 Updated May 25.35 UT            20   0.16 30.2  4.568
ST26EC8  98 2026 05 20.4  21.7386 -30.9645 23.1 Updated May 25.35 UT             6   0.14 28.6  5.515
ST26EC7  98 2026 05 20.4   2.4755  -8.3947 30.1 Updated May 25.35 UT             6   0.11 30.3  5.522
P12nfaz  43 2026 05 20.3  13.2184 -27.5769 21.9 Updated May 24.34 UT            12   2.87 18.3  2.760
NAOCAN7 100 2026 05 17.7  15.2830 -21.9007 21.0 Updated May 24.34 UT             4   0.10 19.9  8.100
KPMa1Ih  87 2026 05 18.1  11.1254 -28.1226 23.4 Updated May 24.34 UT             5   0.01 20.8  7.850
CEMVK32  53 2026 05 17.4  16.4702  +8.3354 21.7 Updated May 24.42 UT            50  11.97 20.1  1.548
P12neKs  35 2026 05 14.6  18.0156 +56.9360 19.9 Updated May 25.03 UT           167  10.45 15.1  0.932
