C1EYRR5  98 2026 05 23.4  15.8586  +3.2491 22.6 Updated May 23.48 UT            10   0.09 25.3  0.069
C1EYQL5  97 2026 05 23.4  15.9153  +1.9958 22.2 Updated May 23.48 UT             7   0.09 24.2  0.066
C1EYPU5  97 2026 05 23.4  15.8146  +2.8756 22.9 Updated May 23.49 UT             6   0.07 22.4  0.084
C1EYPT5 100 2026 05 23.4  15.8368  +2.9280 21.7 Updated May 23.46 UT            12   0.08 24.1  0.073
C46CN51 100 2026 05 23.4  17.3453 +23.9750 19.5 Updated May 23.46 UT            12   0.07 24.4  0.074
C1EYD55  66 2026 05 23.3  15.8284 -12.8755 22.1 Updated May 23.41 UT            10   0.06 19.4  0.144
C1EXH55 100 2026 05 23.3  13.9498  +4.7737 22.2 Updated May 23.37 UT            10   0.08 23.3  0.172
CENZ0T2  98 2026 05 23.3  15.9102 +59.3827 21.1 Updated May 23.37 UT            12   0.11 26.1  0.166
6EM3521  98 2026 05 23.1  13.2066 -13.2353 20.4 Updated May 23.51 UT            11   0.45 22.7  0.028
SO0006A 100 2026 05 22.7  22.1704 -36.7991 19.4 Added May 22.70 UT               4   0.01 23.9  0.847
NAOCBPP  99 2026 05 20.7  14.8607 -19.0924 22.1 Updated May 22.70 UT             4   0.13 22.4  2.684
8N2S001  91 2026 05 22.0  17.6186 +11.6399 19.4 Updated May 23.42 UT            21   1.38 22.7  0.113
CZYNHKZ 100 2026 05 14.4  16.3799  +2.3854 21.7 Updated May 23.35 UT             4   0.02 22.7  9.148
C46CD31 100 2026 05 21.4   0.8909  -3.8367 25.0 Updated May 23.35 UT             7   0.05 28.6  2.092
ST26ED1  98 2026 05 21.2   1.4408 -15.5807 25.8 Updated May 23.35 UT            20   0.16 30.2  2.150
TF26EE0 100 2026 05 20.5  16.3840  +8.8148 23.6 Updated May 22.38 UT             4   0.02 28.7  3.051
ST26EC8  98 2026 05 20.4  20.3842 -28.7674 21.5 Updated May 23.35 UT             6   0.14 28.6  3.097
ST26EC7  98 2026 05 20.4   2.4090  -8.3974 29.0 Updated May 23.35 UT             6   0.11 30.3  3.103
ST26EC5 100 2026 05 20.3  15.6235 -16.2651 19.8 Updated May 22.38 UT             4   0.03 24.9  3.196
P12nffX  10 2026 05 20.5  16.3498 -20.9619 21.7 Updated May 22.44 UT            15   7.94 19.3  1.138
P12nfaz  38 2026 05 20.3  13.2359 -28.0334 22.0 Updated May 23.25 UT            12   2.87 18.4  0.342
NAOCAN7 100 2026 05 17.7  15.2780 -21.8333 20.8 Updated May 22.38 UT             4   0.10 19.7  5.682
KPMa1Ih  87 2026 05 18.1  11.1238 -27.0917 23.3 Updated May 22.38 UT             5   0.01 20.8  5.431
CEMVK32  55 2026 05 17.4  16.6456  +9.4920 21.6 Updated May 23.35 UT            47   9.02 20.1  2.076
P12neKs  35 2026 05 14.6  18.0970 +57.2566 20.0 Updated May 23.50 UT           149   8.88 15.1  0.082
