P12neKs  99 2026 05 14.6  18.3646 +58.0009 20.2 Added May 14.90 UT               3   0.03 15.4  0.301
P12nc1w  98 2026 05 14.5  16.2216  -5.4855 20.8 Updated May 14.79 UT             8   0.26 25.0  0.288
P12nc1d 100 2026 05 14.5  16.9259  -5.3563 21.3 Added May 14.58 UT               3   0.04 22.8  0.376
P12nc1c 100 2026 05 14.5  16.8120  -6.7549 21.7 Updated May 14.79 UT             5   0.13 19.9  0.287
RFD0300 100 2026 05 13.0  23.4920 -36.5448 23.9 Added May 14.52 UT               2   0.00 29.5  1.871
CEMAUH2 100 2026 05 14.4  16.4918  +3.3481 21.3 Updated May 14.46 UT             6   0.07 24.0  0.459
CEMAY32 100 2026 05 14.4  16.6874  +3.6821 20.4 Updated May 14.47 UT             9   0.07 23.8  0.436
CEMANR2 100 2026 05 14.4  16.3422  +3.6208 19.8 Updated May 14.67 UT            14   0.29 21.2  0.244
ST26E67  98 2026 05 14.3  16.1332  +0.4229 19.9 Updated May 14.66 UT            11   0.30 30.0  0.279
CEMA5R2  88 2026 05 14.3  15.5374  +7.0210 19.9 Updated May 14.88 UT            19   0.54 23.7  0.036
ST26E61 100 2026 05 14.3  16.2027  +0.1261 20.7 Updated May 14.37 UT             6   0.05 28.7  0.535
CEM9MQ2  98 2026 05 14.3  15.0230  -1.1664 20.1 Updated May 14.41 UT             8   0.09 28.6  0.497
CEM9DH2 100 2026 05 14.3  14.9346  +1.5130 20.7 Updated May 14.42 UT            10   0.10 24.3  0.490
CEM9AR2  98 2026 05 14.3  14.9532  +1.7187 21.5 Updated May 14.40 UT             8   0.09 26.1  0.506
ST26E59 100 2026 05 14.3  15.1890  -3.1394 19.9 Updated May 14.38 UT            14   0.07 26.8  0.528
ST26E57 100 2026 05 14.3  15.3745  -4.9566 19.1 Updated May 14.33 UT             8   0.05 27.0  0.574
CEM83E2 100 2026 05 14.3  14.0676  +0.6431 20.6 Updated May 14.36 UT             6   0.09 24.4  0.549
CEM7YT2  98 2026 05 14.3  13.2799  +1.5266 19.9 Updated May 14.89 UT            12   0.62 21.9  0.016
ST26E52 100 2026 05 14.2  13.5944  +9.4434 19.9 Updated May 14.38 UT             9   0.09 25.9  0.562
MZ26075 100 2026 05 13.8  16.8156  -0.0276 19.6 Added May 14.13 UT               3   0.01 25.1  1.079
A11CmCW 100 2026 05 13.3   4.9491 -76.9495 19.2 Added May 13.75 UT               4   0.02 24.5  1.526
A11CmCS 100 2026 05 13.3  16.6320 -37.3751 19.2 Added May 13.75 UT               4   0.04 25.4  1.585
OCA1642  84 2026 05 13.1  13.7570 -31.1964 19.4 Added May 13.56 UT               3   0.02 13.4  1.773
A11Cmv6 100 2026 05 13.0   8.5262 -50.3412 18.8 Updated May 14.10 UT            10   0.91 18.6  0.937
P22n4PC  55 2026 05 12.4  13.9671 -13.1344 20.6 Updated May 14.21 UT            17   1.83 21.0  0.708
CEM26R2  13 2026 05 12.4  16.5892 +15.4305 20.6 Updated May 14.25 UT            21   2.69 17.0  0.662
CEM1XD2  13 2026 05 12.3  14.4986 +17.4650 22.2 Updated May 14.22 UT            20   6.88 19.2  0.692
SO0005e 100 2026 05 11.7   0.0939  +5.4533 26.5 Updated May 14.35 UT             3   0.00 28.9  3.190
SO0005d 100 2026 05 11.7  19.0369 -25.0725 21.7 Updated May 14.34 UT             4   0.00 28.2  3.188
SO0005c 100 2026 05 11.7  22.5239 -30.4211 23.4 Updated May 14.34 UT             3   0.00 28.6  3.242
SO0005b 100 2026 05 11.6  22.9030  -8.9529 22.3 Updated May 14.34 UT             3   0.00 26.6  3.253
CELXZH2 100 2026 05 11.3  14.7503 +24.3413 22.3 Updated May 14.35 UT             3   0.01 25.0  3.553
6E94521  10 2026 05 10.4  19.6851 -64.4192 19.5 Updated May 14.42 UT            44   4.03 19.0  0.504
S001563  73 2026 05 07.0  12.9824 -27.0952 21.5 Updated May 14.34 UT             3   0.03 17.5  7.824
C1EUYV5  35 2026 04 27.5  17.2704 +18.7722 21.9 Updated May 14.43 UT            36 297.21 12.8  1.403
