P12o4wi 100 2026 07 13.5  21.7662  -6.5750 20.9 Added July 13.62 UT              3   0.03 21.8  0.092
P12o4wj 100 2026 07 13.5  21.3969  -5.1299 21.4 Added July 13.62 UT              3   0.03 23.6  0.109
P12o4wh 100 2026 07 13.5  21.4922  -7.0884 21.5 Added July 13.62 UT              4   0.04 24.7  0.096
PDO0160 100 2026 07 13.1  21.8324  +4.6620 21.4 Added July 13.47 UT              3   0.03 25.3  0.536
P12o4vT  98 2026 07 13.4  16.5441 -10.4458 19.6 Updated July 13.59 UT            4   0.21 18.7  0.047
A11ECdO 100 2026 07 13.0  20.7478 -45.8137 17.8 Added July 13.31 UT              3   0.03 22.8  0.540
A11EBEK 100 2026 07 12.1  20.5421 -48.0954 19.4 Updated July 13.53 UT           15   1.33 23.1  0.155
P12o4vO 100 2026 07 11.6   9.5194 -11.1597 24.6 Updated July 13.24 UT            3   0.01 26.0  2.025
P12o4vF 100 2026 07 11.5  22.7172 -18.3302 22.0 Updated July 12.57 UT            7   1.01 19.4  1.070
P12o4vm  89 2026 07 11.5  22.4688 -18.3100 20.8 Updated July 12.57 UT            7   1.01 18.4  1.074
P12o4vl 100 2026 07 11.5  22.4246 -19.0282 20.7 Updated July 12.55 UT            7   1.00 18.5  1.081
P12o4vk  71 2026 07 11.5  22.3630 -20.9082 20.7 Updated July 12.55 UT           10  21.97 19.1  1.085
P12o4v9 100 2026 07 11.6  23.0406 -18.2470 20.8 Updated July 13.48 UT           11   1.49 21.3  0.579
ZTF10El 100 2026 07 11.3   0.4306  -3.1219 21.5 Updated July 13.24 UT            4   0.02 27.7  2.286
ZTF10En 100 2026 07 11.4   9.9262 -26.0641 27.5 Updated July 13.24 UT            2   0.00 29.8  2.222
S001621 100 2026 07 11.2  22.0681 -33.1305 20.5 Updated July 13.48 UT            6   1.89 21.6  0.509
P12o2DL  79 2026 07 11.5  21.7730  +8.3091 21.4 Updated July 13.33 UT           21   1.84 22.1  0.307
A11EvW0 100 2026 07 11.3  20.0725 -26.2059 19.5 Updated July 13.23 UT            4   0.02 24.9  2.348
ST26G26 100 2026 07 10.5  20.4950  +0.9664 21.6 Updated July 12.25 UT            4   0.01 27.0  3.158
TF26G22 100 2026 07 10.3  11.3804 -10.9623 23.2 Updated July 13.24 UT            4   0.94 24.8  2.388
ST26G18 100 2026 07 10.3   8.2524 +48.7691 27.5 Updated July 12.25 UT            4   0.02 26.1  3.293
ST26G17 100 2026 07 10.3   7.7148 -18.2339 28.7 Updated July 12.25 UT            2   0.00 28.8  3.336
A11Evap  10 2026 07 09.9  19.8408 -34.0014 19.1 Updated July 13.61 UT           29   3.64 21.9  0.055
P12o0YY  99 2026 07 09.5  20.6896 -20.7993 20.8 Updated July 12.25 UT            6   0.08 18.9  4.081
P12o0Y1  81 2026 07 08.5  20.1301 -29.1861 21.3 Updated July 13.31 UT           16  21.75 22.6  0.325
P12nXce 100 2026 07 08.5  21.7013 -35.6183 21.1 Updated July 12.31 UT           14   3.65 21.5  1.464
A11EpSe  73 2026 07 08.2  19.6330 -29.4422 19.3 Updated July 13.48 UT           18   4.83 19.1  0.618
W2nCdO   79 2026 07 07.4  19.1727 -24.8856 24.1 Updated July 12.25 UT           11  19.01 26.6  4.200
ST26G01  98 2026 07 07.2  21.5528 -61.6229 22.4 Updated July 12.25 UT           14   0.10 27.0  6.274
P22nTNT  10 2026 07 06.5  18.2818 +16.9230 21.2 Updated July 13.48 UT           36   6.85 19.2  0.314
MAS0006  35 2026 06 19.3  18.3474 +23.9419 19.9 Updated July 13.56 UT          158  23.71  8.9  0.607
OMO0297  87 2026 06 25.8  23.7370  +3.9854 21.8 Updated July 12.25 UT           12  12.63 20.1  5.170
P22nJzF  35 2026 06 22.5  22.4735 +18.7631 21.5 Updated July 12.25 UT           23  25.46 14.1  3.616
