A11CUyv 100 2026 05 24.1  17.6178 -58.0151 18.8 Added May 24.89 UT               4   0.03 19.4  0.864
A11CUyu  88 2026 05 24.4  18.7254  +8.8564 18.1 Updated May 25.03 UT            27   0.55 20.1  0.034
P12nfw2 100 2026 05 24.6  20.9842  -4.2767 21.2 Added May 24.67 UT               3   0.02 22.3  0.424
NAOCLYL  85 2026 05 23.8  15.8949 -20.7999 21.6 Added May 24.59 UT               4   0.10 21.5  1.179
A11CQzo 100 2026 05 24.4  19.0685 -18.5782 17.7 Added May 24.51 UT               5   0.05 29.9  0.601
P12nfqd 100 2026 05 24.4  15.9594 -23.5329 20.2 Added May 24.49 UT               4   0.03 21.2  0.593
oKr0080 100 2026 05 23.9  23.4829 +18.5120 20.3 Added May 24.47 UT               3   0.00 15.5  1.146
C1F15H5 100 2026 05 24.4  16.7668 +24.1873 21.5 Updated May 24.48 UT             8   0.03 24.6  0.558
C1F1535  84 2026 05 24.4  16.7560  +6.1352 22.6 Updated May 24.48 UT             8   0.05 20.2  0.561
C1F0TQ5 100 2026 05 24.4  15.9335  -6.5983 21.6 Updated May 24.48 UT            10   0.09 22.8  0.566
C1F0L35 100 2026 05 24.3  15.0671  +2.6102 22.4 Updated May 24.42 UT             8   0.08 21.9  0.618
C1F0EU5  82 2026 05 24.3  15.4391 -10.0908 22.1 Updated May 24.39 UT             8   0.07 14.8  0.645
C1F0295 100 2026 05 24.3  15.3415  -7.3693 22.1 Updated May 24.43 UT            12   0.12 21.6  0.601
6EN3D21 100 2026 05 24.2  16.6459 -79.0767 19.1 Added May 24.29 UT               3   0.01 19.2  0.801
C1EYRR5  91 2026 05 23.4  15.8784  +1.4924 22.4 Updated May 24.68 UT            18   1.10 25.0  0.556
C1EYQL5 100 2026 05 23.4  15.8230  +0.5277 22.0 Updated May 24.68 UT            12   1.10 24.3  0.556
C1EYPU5 100 2026 05 23.4  15.8404  +3.1356 22.8 Updated May 24.37 UT             9   0.64 24.0  1.017
C1EYPT5  89 2026 05 23.4  15.8131  +1.1450 21.8 Updated May 24.68 UT            19   1.10 24.2  0.556
C1EYD55  64 2026 05 23.3  15.7835 -13.2266 22.1 Updated May 24.30 UT            12   0.95 20.1  0.756
6EM3521  74 2026 05 23.1  13.1287 -10.4671 20.2 Updated May 25.01 UT            32   1.93 22.4  0.054
NAOCBPP 100 2026 05 20.7  14.8809 -19.9909 22.3 Updated May 24.34 UT             4   0.13 22.4  4.186
C46CD31 100 2026 05 21.4   1.3979  -3.2077 26.9 Updated May 23.35 UT             7   0.05 28.6  3.593
ST26ED1  98 2026 05 21.2   1.6609 -14.8006 27.4 Updated May 23.35 UT            20   0.16 30.2  3.651
TF26EE0 100 2026 05 20.5  16.3593  +8.8162 24.4 Updated May 24.34 UT             4   0.02 28.8  4.552
ST26EC8  98 2026 05 20.4  21.3845 -30.6973 22.6 Updated May 23.35 UT             6   0.14 28.6  4.599
ST26EC7  98 2026 05 20.4   2.4591  -8.4080 29.8 Updated May 23.35 UT             6   0.11 30.3  4.605
ST26EC5 100 2026 05 20.3  15.2833 -18.3545 20.6 Updated May 24.34 UT             4   0.03 24.8  4.697
P12nfaz  43 2026 05 20.3  13.2247 -27.7497 21.9 Updated May 24.34 UT            12   2.87 18.3  1.844
NAOCAN7 100 2026 05 17.7  15.2812 -21.8781 21.0 Updated May 24.34 UT             4   0.10 19.9  7.183
KPMa1Ih  87 2026 05 18.1  11.1242 -27.7363 23.4 Updated May 24.34 UT             5   0.01 20.8  6.933
CEMVK32  35 2026 05 17.4  16.5352  +8.7721 21.7 Updated May 24.42 UT            50  11.97 20.1  0.631
P12neKs  35 2026 05 14.6  18.0467 +57.0638 19.9 Updated May 25.03 UT           167  10.45 15.1  0.016
