ST26EB6 100 2026 05 19.3  16.5237  -7.7250 19.1 Updated May 19.30 UT             4   0.02 25.9  0.033
A11CGDH 100 2026 05 19.2  16.1808 -72.7353 19.3 Added May 19.28 UT               4   0.02 19.2  0.082
A11CGDI 100 2026 05 19.2  17.0465 -46.3759 18.8 Added May 19.28 UT               4   0.02 20.7  0.110
ST26EB3 100 2026 05 19.3  15.9532  -5.5634 19.2 Updated May 19.31 UT             8   0.05 30.7  0.016
MZ26114 100 2026 05 18.8  15.7631 -11.9884 18.9 Added May 19.23 UT               6   0.01 22.6  0.506
6EI3621  98 2026 05 19.1  12.7406  -7.3912 20.3 Updated May 19.21 UT            13   0.13 27.0  0.120
NAOCAN7 100 2026 05 17.7  15.2735 -21.7196 20.6 Added May 19.07 UT               4   0.10 19.6  1.471
KPMa1Ih  87 2026 05 18.1  11.1339 -25.1289 23.2 Added May 18.68 UT               5   0.01 21.2  1.220
A11CDyX 100 2026 05 18.0  10.8332 -32.8009 19.7 Updated May 19.02 UT             9   0.92 20.6  0.353
P22nf7G 100 2026 05 17.6  16.2280 +35.6402 22.1 Added May 17.77 UT               4   0.04 22.8  1.718
P22nf3F  37 2026 05 17.5  17.5985 +37.1578 21.4 Updated May 18.35 UT            12   0.81 19.0  1.021
CEMVK32 100 2026 05 17.4  16.9805 +11.5172 21.5 Updated May 19.19 UT            32   6.64 20.1  0.246
A11Cvk7 100 2026 05 16.9  13.4166 -71.7588 19.6 Updated May 18.37 UT             4   0.03 22.7  2.394
CEMRK82  84 2026 05 16.5  21.5953 -10.2671 21.5 Updated May 18.37 UT             3   0.01 17.3  2.858
A11Cswo 100 2026 05 16.0  17.1379 -23.1362 18.4 Updated May 18.37 UT             4   0.02 20.9  3.320
ST26E84  98 2026 05 15.4  15.5471 +10.6435 20.9 Updated May 18.37 UT             6   0.47 26.4  3.433
ST26E75  98 2026 05 15.2   2.5191 -21.9745 27.0 Updated May 18.37 UT             7   0.09 28.6  4.002
P12neKs  35 2026 05 14.6  18.2326 +57.6934 20.1 Updated May 19.21 UT            69   4.41 15.2  0.344
CEMAUH2 100 2026 05 14.4  15.9330 -14.6178 21.2 Updated May 18.39 UT             6   0.07 23.9  4.879
C1EUYV5  35 2026 04 27.5  17.2086 +18.9863 21.9 Updated May 16.81 UT            36 300.17 12.8  2.861
