P22nf7J 100 2026 05 17.6  16.4101 +32.6749 21.3 Added May 17.77 UT               3   0.04 19.5  0.382
P22nf7G 100 2026 05 17.6  16.1948 +34.4577 22.1 Added May 17.77 UT               4   0.04 22.8  0.383
P22nf3F  64 2026 05 17.5  17.5995 +36.9326 21.6 Updated May 17.78 UT             6   0.12 17.1  0.373
A11CvyY 100 2026 05 17.4  14.2294 -23.1725 19.6 Updated May 17.90 UT            15   0.53 23.3  0.094
CEMVK32  98 2026 05 17.4  17.0933 +12.1498 21.7 Updated May 17.51 UT            14   0.11 19.4  0.513
CEMV1Q2  88 2026 05 17.3  15.2742  +7.4417 20.9 Updated May 17.98 UT            26   0.64 26.3  0.051
A11Cvk7 100 2026 05 16.9  13.8654 -72.9224 19.6 Added May 16.99 UT               4   0.03 21.5  1.059
CEMRK82  84 2026 05 16.5  21.5574 -10.0050 21.6 Added May 16.49 UT               3   0.01 17.7  1.523
A11Cswo 100 2026 05 16.0  17.2140 -23.4418 18.5 Updated May 17.33 UT             4   0.02 22.1  1.986
ZTF10Du 100 2026 05 15.3  16.8237 -36.1924 19.2 Updated May 17.33 UT             4   0.03 26.4  2.689
ST26E84  98 2026 05 15.4  15.3332 +10.7457 20.5 Updated May 17.33 UT             6   0.47 26.4  2.098
ST26E75  98 2026 05 15.2   2.4888 -24.9884 25.7 Updated May 16.82 UT             7   0.09 28.6  2.668
P12neKs  35 2026 05 14.6  18.2737 +57.8018 20.3 Updated May 17.91 UT            52   3.32 15.4  0.096
RFD0300 100 2026 05 13.0  19.6057 -44.7748 25.0 Updated May 16.38 UT             2   0.00 29.8  4.957
CEMAUH2 100 2026 05 14.4  16.0911  -9.6898 21.2 Updated May 16.38 UT             6   0.07 23.9  3.545
ST26E61 100 2026 05 14.3  16.6803  +0.7173 23.6 Updated May 16.38 UT             6   0.05 29.0  3.621
MZ26075 100 2026 05 13.8  16.8116  -0.8323 22.6 Updated May 16.37 UT             3   0.01 27.4  4.165
A11CmCW 100 2026 05 13.3   6.2826 -71.6425 21.0 Updated May 16.38 UT             4   0.02 24.8  4.613
A11CmCS 100 2026 05 13.3  17.2086 -30.6865 20.5 Updated May 16.38 UT             4   0.04 25.4  4.671
OCA1642  84 2026 05 13.1  13.7073 -31.3737 19.4 Updated May 16.37 UT             3   0.02 14.0  4.859
S001563  73 2026 05 07.0  12.9798 -27.2237 21.7 Updated May 16.37 UT             3   0.03 18.3 10.910
C1EUYV5  35 2026 04 27.5  17.2274 +18.9249 21.9 Updated May 16.81 UT            36 300.17 12.8  1.526
