P12o0Y2  97 2026 07 08.5  20.8125 -32.2915 21.1 Added July 8.88 UT               3   0.02 20.8  0.459
P12o0Y1 100 2026 07 08.5  20.4607 -30.4812 21.1 Added July 8.87 UT               3   0.03 17.7  0.460
P12o0XL 100 2026 07 08.4  16.1565  -3.7430 20.5 Added July 8.85 UT               3   0.02 21.1  0.568
P12nXcB  72 2026 07 08.5  21.3397 -31.0129 21.5 Added July 8.59 UT               3   0.04 20.5  0.416
P12nXce 100 2026 07 08.5  22.0179 -30.0907 21.1 Updated July 8.71 UT             6   0.10 20.6  0.347
P12nXcA  92 2026 07 08.5  21.1852 -29.0091 20.6 Updated July 8.72 UT             6   0.10 22.4  0.350
P12nXcf 100 2026 07 08.5  21.0096 -22.2082 21.1 Updated July 8.71 UT             5   0.09 23.2  0.348
P12nX9q  98 2026 07 08.4  16.4979  -7.1988 20.8 Updated July 8.93 UT             7   0.52 22.7  0.066
ST26G06  98 2026 07 08.3  20.6205  -5.7659 19.8 Updated July 8.95 UT            14   0.59 26.5  0.037
A11Eq8v 100 2026 07 07.9  20.0510 -54.1889 19.4 Added July 8.30 UT               6   0.07 24.2  0.968
A11EpSe  97 2026 07 08.2  19.6824 -30.2081 19.5 Updated July 8.87 UT             7   0.26 18.6  0.523
W2nCdO   81 2026 07 07.4  19.0800 -24.1462 23.4 Updated July 8.05 UT            11  17.03 26.6  1.518
A11EpRZ 100 2026 07 07.9  19.8785 -57.0237 18.9 Updated July 8.46 UT             9   0.51 23.0  0.522
ST26G01  98 2026 07 07.2  18.7639 -44.1966 19.7 Updated July 7.36 UT            14   0.10 27.0  1.607
P12nTOm  73 2026 07 06.5  20.4570  -0.6052 21.6 Updated July 8.46 UT            23   1.93 20.0  0.497
P22nTNT  10 2026 07 06.5  18.3265 +18.2808 21.0 Updated July 8.33 UT            19   1.86 19.0  0.634
P22nTLB  28 2026 07 06.3  17.7330  +8.4476 22.2 Updated July 8.15 UT            15   1.83 19.6  0.819
8N8R001 100 2026 07 05.9   5.2545  -0.7893 29.4 Updated July 7.23 UT             3   0.01 29.9  3.042
A11EfSk  84 2026 07 05.0  20.7801 -38.0399 18.1 Updated July 8.64 UT            26   3.12 21.5  0.814
MAS0006  35 2026 06 19.3  18.3775 +23.8592 20.1 Updated July 8.51 UT           117  19.13  9.1  0.521
CEQCZT2  84 2026 06 27.4  22.3694  +2.5940 20.8 Updated July 8.46 UT            41  11.00 20.6  0.509
OMO0297  82 2026 06 25.8  23.5830  +3.6762 21.9 Updated July 8.46 UT            12  12.63 20.1  0.503
P22nJzF  35 2026 06 22.5  22.5500 +19.0578 21.6 Updated July 8.59 UT            21  24.01 14.1  0.401
