A11EBEK 100 2026 07 12.1  20.4032 -47.2351 19.2 Added July 12.36 UT              4   0.05 21.1  0.605
A11EvW3  98 2026 07 12.2  18.1007 -13.9782 19.5 Updated July 12.37 UT            9   0.20 28.1  0.426
P12o4vO 100 2026 07 11.6   8.5414 -13.2208 22.9 Updated July 12.08 UT            3   0.01 26.3  1.191
P12o4vF  96 2026 07 11.5  22.7045 -18.3347 22.0 Updated July 12.57 UT            7   1.01 19.4  0.236
P12o4vm  84 2026 07 11.5  22.4597 -18.2011 20.9 Updated July 12.57 UT            7   1.01 18.4  0.241
P12o4vl  97 2026 07 11.5  22.4158 -19.1080 20.7 Updated July 12.55 UT            7   1.00 18.5  0.247
P12o4vk  66 2026 07 11.5  22.3521 -20.7926 20.7 Updated July 12.55 UT           10  21.97 19.1  0.252
P12o4v9 100 2026 07 11.6  22.9784 -18.7420 20.9 Updated July 12.58 UT            8   1.00 21.3  0.229
ZTF10El 100 2026 07 11.3   0.0496  -3.1269 20.6 Added July 11.69 UT              4   0.02 27.9  1.452
ZTF10En 100 2026 07 11.4  20.5921 +16.0297 19.1 Added July 11.69 UT              2   0.00 23.7  1.389
S001621 100 2026 07 11.2  22.0166 -32.8991 20.1 Added July 11.59 UT              3   0.04 20.3  1.524
P12o2DL 100 2026 07 11.5  21.7576  +7.2121 21.5 Updated July 12.31 UT           13   0.82 22.2  0.486
P12o2DM  98 2026 07 11.5  21.7205  +2.7704 21.8 Updated July 12.55 UT           10   1.05 27.4  0.257
A11EvW0 100 2026 07 11.3  19.8115 -26.6276 19.2 Added July 11.32 UT              4   0.02 24.9  1.515
ST26G26 100 2026 07 10.5  20.4870  +2.0836 21.1 Updated July 12.25 UT            4   0.01 27.0  2.324
A11Evr9 100 2026 07 10.0  21.2951 -49.7628 18.0 Updated July 12.51 UT           11   2.35 24.2  0.405
TF26G22 100 2026 07 10.3  19.0471 +14.8938 20.0 Updated July 11.28 UT            2   0.94 25.8  1.554
ST26G18 100 2026 07 10.3   7.7992 +61.8572 24.9 Updated July 12.25 UT            4   0.02 26.1  2.460
ST26G17 100 2026 07 10.3   7.6735 -18.5691 27.9 Updated July 12.25 UT            2   0.00 28.8  2.503
CEQKE72  78 2026 07 10.3  16.3029 +10.9788 20.9 Updated July 12.28 UT           33   1.86 23.1  0.671
A11Evap  84 2026 07 09.9  19.8288 -35.6011 19.2 Updated July 12.65 UT           22   2.25 21.9  0.616
P12o0YY  99 2026 07 09.5  20.7263 -21.2270 20.9 Updated July 12.25 UT            6   0.08 18.9  3.248
CEQJF02  74 2026 07 09.3  23.0947 +13.5689 21.6 Updated July 12.54 UT           26   3.01 27.2  0.441
P12o0Y1 100 2026 07 08.5  20.1883 -29.4307 21.3 Updated July 12.25 UT           12  18.41 22.5  2.827
P12nXce  96 2026 07 08.5  21.7611 -34.6753 21.1 Updated July 12.31 UT           14   3.65 21.5  0.631
P12nXcA  68 2026 07 08.5  20.9652 -23.2473 19.4 Updated July 12.14 UT           21   3.51 22.8  0.776
A11EpSe  75 2026 07 08.2  19.6421 -29.5873 19.2 Updated July 11.89 UT           16   3.70 19.0  0.916
W2nCdO   79 2026 07 07.4  19.1585 -24.7775 23.9 Updated July 12.25 UT           11  19.01 26.6  3.367
ST26G01  98 2026 07 07.2  21.2678 -60.9704 22.1 Updated July 12.25 UT           14   0.10 27.0  5.441
P22nTNT  10 2026 07 06.5  18.2892 +17.1797 21.1 Updated July 12.14 UT           27   5.67 19.1  0.659
MAS0006  35 2026 06 19.3  18.3527 +23.9289 19.9 Updated July 12.38 UT          151  22.68  8.9  0.805
OMO0297  87 2026 06 25.8  23.7100  +3.9388 21.8 Updated July 12.25 UT           12  12.63 20.1  4.337
P22nJzF  35 2026 06 22.5  22.4876 +18.8203 21.5 Updated July 12.25 UT           23  25.46 14.1  2.783
