P22n55t  75 2026 05 12.4  15.0500 -13.4025 21.2 Added May 12.53 UT               4   0.04 22.3  0.129
P22n52K 100 2026 05 12.4  15.2287 -11.3400 20.9 Added May 12.53 UT               2   0.01 24.3  0.151
P22n4V7 100 2026 05 12.4  14.4250 -20.1952 21.6 Added May 12.47 UT               3   0.04 22.3  0.180
P22n4V6 100 2026 05 12.4  14.0326 -22.8349 21.6 Added May 12.47 UT               4   0.04 17.8  0.184
P22n4V9  97 2026 05 12.4  14.4023 -16.5732 21.8 Added May 12.46 UT               4   0.04 23.9  0.179
P22n4V8 100 2026 05 12.4  14.3787 -16.0674 21.0 Added May 12.46 UT               3   0.02 22.2  0.179
CEM28F2 100 2026 05 12.4  17.4573 +15.4424 21.1 Updated May 12.47 UT             9   0.06 25.2  0.146
P22n4PE 100 2026 05 12.3  13.6541  -9.1771 20.3 Added May 12.43 UT               3   0.04 24.6  0.228
P22n4PD 100 2026 05 12.4  13.7606  -8.6111 20.8 Added May 12.42 UT               3   0.02 25.9  0.225
P22n4PC  69 2026 05 12.4  13.9731 -14.9194 20.7 Added May 12.42 UT               3   0.02 18.6  0.221
P22n4PB  93 2026 05 12.3  13.6432 -10.3387 20.8 Added May 12.42 UT               4   0.04 20.8  0.228
C469Q01 100 2026 05 12.4  16.6188  -4.5751 18.4 Updated May 12.47 UT            12   0.07 26.5  0.139
CEM26R2  69 2026 05 12.4  16.6302 +15.5374 20.7 Updated May 12.43 UT             7   0.04 17.8  0.181
C469P61 100 2026 05 12.4  15.8857  -6.7523 18.8 Updated May 12.44 UT            11   0.07 27.5  0.168
CEM1YU2  98 2026 05 12.3  15.1769 +11.8613 20.6 Updated May 12.43 UT            12   0.10 28.1  0.183
CEM20F2  98 2026 05 12.3  14.8206 +17.5475 22.0 Updated May 12.43 UT            12   0.10 27.0  0.180
CEM1XD2  75 2026 05 12.3  14.5472 +17.7743 22.0 Updated May 12.41 UT            11   0.11 17.1  0.193
ST26E41  98 2026 05 12.3  15.1565 -15.7309 19.2 Updated May 12.40 UT            12   0.11 28.7  0.216
CEM1R02 100 2026 05 12.3  13.6575 +16.8985 21.7 Updated May 12.42 UT            12   0.14 21.2  0.188
ST26E39 100 2026 05 12.2  12.9779 -19.8464 19.5 Updated May 12.26 UT            10   0.07 23.5  0.345
6EB3121 100 2026 05 12.0  10.3000  -9.3288 20.0 Updated May 12.18 UT             9   0.19 23.7  0.443
SO0005e 100 2026 05 11.7  21.7260 -20.3099 20.8 Added May 12.10 UT               3   0.00 28.8  0.897
SO0005d 100 2026 05 11.7  17.9111 -30.4205 19.1 Added May 12.10 UT               4   0.00 27.8  0.895
SO0005c 100 2026 05 11.7  19.8278 -36.6689 20.0 Added May 12.05 UT               3   0.00 28.5  0.949
SO0005b 100 2026 05 11.6  22.0027 -17.7451 19.2 Added May 12.04 UT               3   0.00 26.6  0.960
C469HY1  91 2026 05 11.4  18.3369 +29.4832 18.8 Updated May 12.32 UT            40   0.92 25.7  0.290
CELXZH2 100 2026 05 11.3  14.7904 +24.0855 22.7 Added May 11.37 UT               3   0.01 22.0  1.260
ST26E34 100 2026 05 10.5  14.8757 +17.7856 22.9 Updated May 12.32 UT             2   0.00 28.1  2.147
6E94521  84 2026 05 10.4  19.4581 -59.0490 19.5 Updated May 12.49 UT            28   2.04 19.0  0.205
XA9ttXA  77 2026 05 08.8  15.1026  +1.8806 22.5 Updated May 12.19 UT            16   3.41 21.8  0.439
ST26E18 100 2026 05 09.4  15.4957 -14.4860 23.2 Updated May 11.31 UT             4   0.00 30.1  3.241
CELRZD2 100 2026 05 09.2  12.4705 +36.2869 22.3 Updated May 12.32 UT             8   0.10 22.7  3.259
ZTF10Dl 100 2026 05 08.3  18.9164 -15.5254 21.4 Updated May 12.32 UT             4   0.03 26.9  4.239
ST26E14 100 2026 05 08.4  13.3449  -3.1595 18.2 Updated May 12.32 UT             2   0.00 19.8  4.183
P22n0vC  10 2026 05 08.3  14.7829  +9.6539 22.3 Updated May 12.45 UT            31   4.10 19.9  0.178
P22n0fQ  97 2026 05 07.4  15.0781 +10.0565 22.7 Updated May 11.31 UT             3   0.04 24.4  5.200
S001563  73 2026 05 07.0  12.9934 -26.9808 21.6 Updated May 12.31 UT             3   0.03 18.9  5.531
P22mZLU  73 2026 05 06.3  11.8338 -15.6607 21.0 Updated May 11.60 UT            17   4.96 20.7  1.374
A11BRI6  35 2026 05 03.0  11.0809 -39.1254 19.0 Updated May 12.26 UT            64   9.09 19.9  0.501
C1EUYV5  35 2026 04 27.5  17.3017 +18.6495 21.8 Updated May 12.54 UT            33  15.04 12.7  0.099
