P12nfxd  98 2026 05 25.6  17.8355 +16.2214 21.8 Updated May 25.79 UT             6   1.15 22.5  0.529
P12nfwU  96 2026 05 25.5  16.9110 +14.4781 21.7 Updated May 25.97 UT             8   8.14 23.3  0.584
C1F32J5 100 2026 05 25.4  17.2100 +12.6903 22.1 Added May 25.48 UT               4   0.02 25.7  0.645
C1F3245  75 2026 05 25.4  17.0205 +10.6353 22.9 Added May 25.48 UT               4   0.02 16.9  0.647
SJA1250 100 2026 05 24.9  16.8906 +61.5387 20.3 Added May 25.42 UT               3   0.03 17.5  1.148
C1F2X35  91 2026 05 25.4  16.3424  +1.4305 21.9 Updated May 25.46 UT             8   0.09 21.4  0.657
C1F2HL5 100 2026 05 25.4  16.3566 -11.5249 22.4 Updated May 25.43 UT             8   0.07 25.5  0.692
C1F2HK5 100 2026 05 25.4  16.1856 -11.6814 21.8 Updated May 25.43 UT             8   0.07 22.8  0.694
C1F1TD5 100 2026 05 25.3  15.6237  +4.3425 21.9 Added May 25.33 UT               4   0.02 27.4  0.790
C03UYWZ 100 2026 05 23.4  16.7565 +10.8846 23.0 Added May 25.30 UT               4   0.02 25.5  2.652
A11CUyv  96 2026 05 24.1  17.5904 -57.0364 18.9 Updated May 25.44 UT            10   1.27 18.7  0.704
P12nfw2 100 2026 05 24.6  21.0433  -3.8448 21.4 Updated May 25.71 UT             5   1.00 19.3  0.523
NAOCLYL  85 2026 05 23.8  15.8995 -19.7118 21.6 Added May 24.59 UT               4   0.10 21.5  2.263
A11CQzo 100 2026 05 24.4  21.2096 -18.3752 19.8 Added May 24.51 UT               5   0.05 29.9  1.684
oKr0080 100 2026 05 23.9  23.4869 +18.5440 20.2 Added May 24.47 UT               3   0.00 15.5  2.229
C1F1535  87 2026 05 24.4  16.7576  +6.4419 22.4 Updated May 25.30 UT            11   0.87 23.3  0.833
C1F0TQ5  89 2026 05 24.4  15.8669  -8.0782 21.7 Updated May 25.39 UT            15   2.93 24.3  0.854
C1F0EU5  87 2026 05 24.3  15.4164 -10.0859 22.1 Updated May 24.39 UT             8   0.07 14.8  1.728
C1F0295  75 2026 05 24.3  15.3211  -7.1451 22.1 Updated May 26.10 UT            20   1.78 22.2  0.027
6EN3D21 100 2026 05 24.2  16.5192 -79.6117 18.7 Updated May 25.35 UT             3   0.01 21.1  1.884
C1EYPU5 100 2026 05 23.4  15.8587  +3.3027 22.9 Updated May 25.26 UT            11   1.87 24.2  0.870
C1EYD55  69 2026 05 23.3  15.7513 -13.4803 22.2 Updated May 25.35 UT            12   0.95 20.1  1.840
NAOCBPP  99 2026 05 20.7  14.8983 -20.7432 22.2 Updated May 25.35 UT             4   0.13 22.4  5.269
C46CD31 100 2026 05 21.4   1.5405  -3.0085 27.5 Updated May 25.35 UT             7   0.05 28.6  4.676
ST26ED1  98 2026 05 21.2   1.7230 -14.5567 28.0 Updated May 25.35 UT            20   0.16 30.2  4.734
ST26EC8  98 2026 05 20.4  21.7897 -30.9848 23.2 Updated May 25.35 UT             6   0.14 28.6  5.682
ST26EC7  98 2026 05 20.4   2.4781  -8.3911 30.2 Updated May 25.35 UT             6   0.11 30.3  5.688
P12nfaz  43 2026 05 20.3  13.2173 -27.5455 22.0 Updated May 24.34 UT            12   2.87 18.3  2.927
NAOCAN7 100 2026 05 17.7  15.2834 -21.9048 21.0 Updated May 24.34 UT             4   0.10 19.9  8.267
KPMa1Ih  87 2026 05 18.1  11.1257 -28.1920 23.4 Updated May 24.34 UT             5   0.01 20.8  8.016
CEMVK32  53 2026 05 17.4  16.4586  +8.2562 21.7 Updated May 24.42 UT            50  11.97 20.1  1.714
P12neKs  35 2026 05 14.6  18.0099 +56.9119 19.9 Updated May 25.03 UT           167  10.45 15.1  1.099
