P12nfw2 100 2026 05 24.6  20.9736  -4.3476 21.3 Added May 24.67 UT               3   0.02 22.3  0.256
NAOCLYL  85 2026 05 23.8  15.8942 -20.9690 21.6 Added May 24.59 UT               4   0.10 21.5  1.011
A11CQzo 100 2026 05 24.4  18.4381 -17.5813 17.3 Added May 24.51 UT               5   0.05 29.9  0.433
P12nfqd 100 2026 05 24.4  15.9635 -23.7119 20.2 Added May 24.49 UT               4   0.03 21.2  0.425
oKr0080 100 2026 05 23.9  23.4823 +18.5070 20.3 Added May 24.47 UT               3   0.00 15.5  0.978
C1F15H5 100 2026 05 24.4  16.8014 +23.9348 21.5 Updated May 24.48 UT             8   0.03 24.6  0.390
P22nfp8 100 2026 05 24.4  15.8510  +1.1970 20.3 Updated May 24.69 UT             6   0.10 22.9  0.388
C1F1535  84 2026 05 24.4  16.7562  +6.0891 22.6 Updated May 24.48 UT             8   0.05 20.2  0.393
C1F0TQ5 100 2026 05 24.4  15.9438  -6.3813 21.6 Updated May 24.48 UT            10   0.09 22.8  0.398
CEP5GZ2 100 2026 05 24.4  15.9328  +1.6225 20.5 Updated May 24.68 UT            13   0.09 25.7  0.389
C1F0L35 100 2026 05 24.3  15.0697  +2.5876 22.3 Updated May 24.42 UT             8   0.08 21.9  0.450
ST26EG3  98 2026 05 24.3  17.6464  -4.3795 19.7 Updated May 24.57 UT            14   0.21 27.5  0.317
C1F0EU5  82 2026 05 24.3  15.4426 -10.0916 22.1 Updated May 24.39 UT             8   0.07 14.8  0.477
C1F0295 100 2026 05 24.3  15.3446  -7.4029 22.1 Updated May 24.43 UT            12   0.12 21.6  0.433
CEP1CX2 100 2026 05 24.3  15.0255  +1.0798 20.8 Updated May 24.43 UT            20   0.14 24.9  0.441
6EN3D21 100 2026 05 24.2  16.6673 -79.0019 19.1 Added May 24.29 UT               3   0.01 19.2  0.633
CEP0PP2  98 2026 05 24.2  14.9952  -7.1136 20.4 Updated May 24.40 UT            15   0.16 28.5  0.466
C1EYRR5  91 2026 05 23.4  15.8762  +1.6878 22.4 Updated May 24.68 UT            18   1.10 25.0  0.388
C1EYQL5 100 2026 05 23.4  15.8327  +0.6835 22.0 Updated May 24.68 UT            12   1.10 24.3  0.388
C1EYPU5 100 2026 05 23.4  15.8375  +3.1079 22.8 Updated May 24.37 UT             9   0.64 24.0  0.849
C1EYPT5  89 2026 05 23.4  15.8155  +1.3317 21.8 Updated May 24.68 UT            19   1.10 24.2  0.388
C1EYD55  64 2026 05 23.3  15.7886 -13.1873 22.1 Updated May 24.30 UT            12   0.95 20.1  0.588
C1EXH55  93 2026 05 23.3  14.0312  +6.0430 22.5 Updated May 24.21 UT            20   0.91 23.7  0.676
6EM3521  79 2026 05 23.1  13.1375 -10.7884 20.2 Updated May 24.29 UT            29   1.14 22.4  0.674
NAOCBPP 100 2026 05 20.7  14.8786 -19.8893 22.3 Updated May 24.34 UT             4   0.13 22.4  4.017
C46CD31 100 2026 05 21.4   1.3670  -3.2489 26.7 Updated May 23.35 UT             7   0.05 28.6  3.425
ST26ED1  98 2026 05 21.2   1.6473 -14.8517 27.2 Updated May 23.35 UT            20   0.16 30.2  3.483
TF26EE0 100 2026 05 20.5  16.3609  +8.8187 24.3 Updated May 24.34 UT             4   0.02 28.8  4.384
ST26EC8  98 2026 05 20.4  21.3044 -30.6075 22.5 Updated May 23.35 UT             6   0.14 28.6  4.431
ST26EC7  98 2026 05 20.4   2.4552  -8.4092 29.8 Updated May 23.35 UT             6   0.11 30.3  4.437
ST26EC5 100 2026 05 20.3  15.3148 -18.1673 20.6 Updated May 24.34 UT             4   0.03 24.8  4.529
P12nfaz  43 2026 05 20.3  13.2259 -27.7815 21.9 Updated May 24.34 UT            12   2.87 18.3  1.675
NAOCAN7 100 2026 05 17.7  15.2808 -21.8739 20.9 Updated May 24.34 UT             4   0.10 19.9  7.015
KPMa1Ih  87 2026 05 18.1  11.1241 -27.6646 23.4 Updated May 24.34 UT             5   0.01 20.8  6.765
CEMVK32  35 2026 05 17.4  16.5473  +8.8525 21.7 Updated May 24.42 UT            50  11.97 20.1  0.463
P12neKs  35 2026 05 14.6  18.0524 +57.0864 19.9 Updated May 24.37 UT           161   9.46 15.1  0.835
