P22nf7J 100 2026 05 17.6  16.4155 +32.4793 21.3 Added May 17.77 UT               3   0.04 19.5  0.216
P22nf7G 100 2026 05 17.6  16.1907 +34.3088 22.1 Added May 17.77 UT               4   0.04 22.8  0.216
P12nf3G  82 2026 05 17.5  16.2578  -8.1442 21.6 Updated May 17.81 UT             4   1.16 20.1  0.320
P22nf3F  64 2026 05 17.5  17.5997 +36.9031 21.6 Updated May 17.78 UT             6   0.12 17.1  0.206
A11CvyY 100 2026 05 17.4  14.2119 -23.6853 19.5 Updated May 17.61 UT            13   0.23 23.3  0.225
CEMVK32  98 2026 05 17.4  17.1080 +12.2294 21.7 Updated May 17.51 UT            14   0.11 19.4  0.346
CEMVGV2 100 2026 05 17.3  16.0934 +12.5443 20.0 Updated May 17.70 UT            24   0.34 25.9  0.141
CEMV1Q2  98 2026 05 17.3  15.2371  +7.5423 21.0 Updated May 17.44 UT            16   0.13 26.3  0.389
CEMUUC2 100 2026 05 17.3  14.4692 +10.7406 20.5 Updated May 17.39 UT            14   0.10 25.6  0.436
A11Cvk7 100 2026 05 16.9  13.9282 -73.0498 19.6 Added May 16.99 UT               4   0.03 21.5  0.892
CEMRK82  84 2026 05 16.5  21.5528  -9.9731 21.6 Added May 16.49 UT               3   0.01 17.7  1.357
A11Cswo 100 2026 05 16.0  17.2238 -23.4830 18.5 Updated May 17.33 UT             4   0.02 22.1  1.819
ZTF10Du 100 2026 05 15.3  16.7614 -35.9700 19.1 Updated May 17.33 UT             4   0.03 26.4  2.523
ST26E84  98 2026 05 15.4  15.3011 +10.7553 20.5 Updated May 17.33 UT             6   0.47 26.4  1.931
ST26E75  98 2026 05 15.2   2.4814 -25.6929 25.5 Updated May 16.82 UT             7   0.09 28.6  2.501
P12neKs  91 2026 05 14.6  18.2788 +57.8144 20.3 Updated May 17.36 UT            48   2.50 15.4  0.749
RFD0300 100 2026 05 13.0  19.5888 -44.7406 24.9 Updated May 16.38 UT             2   0.00 29.8  4.790
CEMAUH2 100 2026 05 14.4  16.1105  -9.0749 21.2 Updated May 16.38 UT             6   0.07 23.9  3.378
ST26E61 100 2026 05 14.3  16.6728  +0.7110 23.6 Updated May 16.38 UT             6   0.05 29.0  3.454
MZ26075 100 2026 05 13.8  16.8067  -0.9232 22.6 Updated May 16.37 UT             3   0.01 27.4  3.998
A11CmCW 100 2026 05 13.3   6.2589 -71.7863 20.9 Updated May 16.38 UT             4   0.02 24.8  4.446
A11CmCS 100 2026 05 13.3  17.1920 -30.9080 20.4 Updated May 16.38 UT             4   0.04 25.4  4.504
OCA1642  84 2026 05 13.1  13.7100 -31.3648 19.4 Updated May 16.37 UT             3   0.02 14.0  4.693
S001563  73 2026 05 07.0  12.9800 -27.2166 21.7 Updated May 16.37 UT             3   0.03 18.3 10.743
C1EUYV5  35 2026 04 27.5  17.2298 +18.9171 21.9 Updated May 16.81 UT            36 300.17 12.8  1.359
