ST26EB8 100 2026 05 19.4  16.5509  +5.6574 19.3 Updated May 19.66 UT             4   0.02 25.1  0.350
LA0C0VD 100 2026 05 17.5  22.4889 -68.4760 22.6 Added May 19.61 UT               6   0.07 30.8  2.199
CEN5QX2 100 2026 05 19.4  16.1084 -15.2278 21.1 Updated May 19.46 UT             8   0.06 24.2  0.366
ST26EB6  98 2026 05 19.3  16.9444  -9.9135 19.6 Updated May 19.39 UT            10   0.11 27.7  0.439
A11CGDH 100 2026 05 19.2  16.2415 -72.4192 19.3 Added May 19.28 UT               4   0.02 19.2  0.584
A11CGDI 100 2026 05 19.2  17.1136 -45.7449 18.8 Updated May 19.48 UT             8   0.17 20.7  0.462
ST26EB3  98 2026 05 19.3  15.5371  -8.3496 20.0 Updated May 19.43 UT            14   0.17 30.7  0.401
NAOCAN7 100 2026 05 17.7  15.2738 -21.7335 20.6 Added May 19.07 UT               4   0.10 19.6  1.972
KPMa1Ih  87 2026 05 18.1  11.1320 -25.3721 23.2 Added May 18.68 UT               5   0.01 21.2  1.722
A11CDyX 100 2026 05 18.0  10.8617 -32.4404 19.8 Updated May 19.66 UT             9   0.92 20.7  0.854
P22nf7G 100 2026 05 17.6  16.2439 +36.1680 22.1 Updated May 19.41 UT            11   1.78 23.1  0.475
P22nf3F  12 2026 05 17.5  17.5978 +37.2378 21.4 Updated May 19.46 UT            16   1.96 19.0  0.369
CEMVK32  35 2026 05 17.4  16.9388 +11.2772 21.5 Updated May 19.63 UT            38   7.00 20.1  0.389
A11Cvk7 100 2026 05 16.9  13.2567 -71.2410 19.5 Updated May 18.37 UT             4   0.03 22.7  2.895
CEMRK82  84 2026 05 16.5  21.6095 -10.3679 21.5 Updated May 18.37 UT             3   0.01 17.3  3.359
A11Cswo 100 2026 05 16.0  17.1059 -23.0025 18.3 Updated May 18.37 UT             4   0.02 20.9  3.822
ST26E75  98 2026 05 15.2   2.5251 -21.3933 27.4 Updated May 18.37 UT             7   0.09 28.6  4.504
P12neKs  35 2026 05 14.6  18.2170 +57.6491 20.1 Updated May 19.71 UT            79   4.47 15.2  0.776
CEMAUH2 100 2026 05 14.4  15.8797 -16.2264 21.1 Updated May 18.39 UT             6   0.07 23.9  5.381
