RMM2026  35 2026 07 06.3  19.8451 -22.2741 21.7 Updated July 17.85 UT           27  24.76 18.9  1.704
ST26G59  93 2026 07 17.4  20.8899  +8.5077 18.0 Updated July 17.95 UT           23   0.58 23.5  0.020
ST26G56 100 2026 07 17.3  21.0081 +18.2578 19.8 Updated July 17.77 UT            4   0.03 26.9  0.581
ST26G54 100 2026 07 17.3  18.3326 +14.7367 20.0 Updated July 17.72 UT            5   0.05 21.1  0.576
oNj0343 100 2026 07 15.8  23.5071  +3.3546 21.8 Added July 17.29 UT              3   0.07 19.1  2.097
A11EQsq 100 2026 07 15.9  16.9778 -65.8446 21.6 Added July 17.27 UT              4   0.02 28.3  2.066
A11EQfd  96 2026 07 16.4  20.1344  -9.5656 19.2 Updated July 17.91 UT           15   1.46 26.8  0.058
ZTF10Er 100 2026 07 16.3   4.1269 -47.7288 21.1 Added July 16.64 UT              4   0.04 26.6  1.580
P12ooQQ 100 2026 07 16.6  20.9704  +2.2220 21.3 Updated July 17.69 UT            6   0.88 21.3  0.521
ZTF10Eq  98 2026 07 16.3  20.2734 -10.2739 20.6 Updated July 17.76 UT           11   1.06 27.3  0.573
P22ooQq 100 2026 07 16.6   1.9626 +10.8875 21.7 Updated July 17.54 UT            7   0.94 19.8  0.435
P22ooPS 100 2026 07 16.5  23.5006 +18.4837 20.5 Added July 16.57 UT              3   0.02 23.2  1.436
P22ooOY 100 2026 07 16.5  23.0821 +17.6829 21.3 Updated July 17.77 UT           12   9.92 24.3  0.527
P22ooOw 100 2026 07 16.3  17.6989 +55.4977 22.2 Updated July 17.71 UT           10   0.99 21.0  0.637
P12ooOz 100 2026 07 16.3  16.0656 +20.1133 21.7 Updated July 17.78 UT           14   1.94 23.0  0.652
P12ooOy 100 2026 07 16.3  15.1464 +18.2617 22.3 Updated July 17.65 UT           10   0.95 22.4  0.661
P22ooOt  83 2026 07 16.4  20.9267 +15.2238 22.2 Updated July 17.70 UT            8   1.04 21.3  0.536
P22ooOs 100 2026 07 16.4  20.5551 +10.0230 22.0 Updated July 17.71 UT            7   1.03 23.0  0.550
ST26G49 100 2026 07 16.4  23.5762 -35.4740 19.1 Updated July 17.01 UT            4   0.04 27.5  1.549
orA4471 100 2026 07 15.9  16.3045 -18.1126 20.0 Updated July 17.23 UT            3   0.01 19.1  2.066
X89848   77 2026 07 14.8  22.0954 -13.0926 19.7 Updated July 17.24 UT            3   0.03 15.6  3.173
P12onSk  87 2026 07 15.5  22.3234 -32.5024 21.1 Updated July 17.53 UT            9   2.00 20.6  0.446
P12onSi  72 2026 07 15.5  22.0045 -23.6577 20.9 Updated July 17.52 UT           13  23.89 20.4  0.523
P12onSj  88 2026 07 15.5  22.7945 -28.9975 21.0 Updated July 17.53 UT            9   2.00 18.8  0.443
ZTF10Ep 100 2026 07 15.3   4.0375  -0.9699 23.1 Updated July 17.24 UT            4   0.04 27.0  2.580
P12onRT  86 2026 07 15.4  20.4457 -39.4757 19.7 Updated July 17.93 UT           16   2.48 20.9  0.042
W2onRQ  100 2026 07 15.4  20.0152 -21.1462 20.4 Updated July 17.23 UT            4   0.00 26.7  2.533
P12onRm  91 2026 07 15.4  19.7023 -25.6098 21.1 Updated July 17.65 UT           11   2.04 22.2  0.531
ST26G39  74 2026 07 15.2  17.9304 +40.2714 21.7 Updated July 17.71 UT           25   2.10 26.0  0.631
P12onNw  35 2026 07 14.3  17.5031  -1.6689 20.7 Updated July 17.92 UT           20   5.64 12.1  0.063
TF26G22 100 2026 07 10.3   2.3278 -34.4234 22.3 Updated July 17.24 UT            2   0.00 25.3  7.653
P22nJzF  35 2026 06 22.5  22.3971 +18.4326 21.5 Updated July 17.24 UT           28 300.05 14.2  2.518
