C46AFY1 100 2026 05 16.4  15.3588  +3.2224 17.8 Added May 16.38 UT               4   0.01 23.8  0.022
TF26EB6 100 2026 05 16.4  18.0519 +12.0328 18.1 Added May 16.38 UT               2   0.00 24.2  0.027
ST26E98 100 2026 05 16.3  17.7009 +11.8788 19.3 Updated May 16.37 UT             4   0.03 26.1  0.037
CEMK452  91 2026 05 16.3  14.2783  -4.7044 21.4 Updated May 16.34 UT             8   0.05 20.4  0.074
ST26E93  98 2026 05 16.2  15.1164 +10.8673 19.6 Updated May 16.37 UT            19   0.12 27.1  0.035
ST26E89  98 2026 05 16.2  13.8336  +9.8904 19.1 Updated May 16.31 UT            10   0.10 28.5  0.096
CEMEEG2 100 2026 05 16.2  12.3778  -7.1820 21.0 Updated May 16.29 UT            12   0.06 24.5  0.118
A11Cswo 100 2026 05 16.0  17.2963 -23.7886 18.9 Added May 16.13 UT               4   0.02 20.7  0.401
ZTF10Du 100 2026 05 15.3  15.7295 -31.1136 17.6 Added May 15.45 UT               4   0.03 26.1  1.104
ST26E84  98 2026 05 15.4  14.9648 +10.7825 20.1 Updated May 16.23 UT             6   0.47 26.4  0.513
ST26E76  86 2026 05 15.2  14.3660  +7.8012 21.8 Updated May 16.22 UT            17   0.93 30.7  0.236
ST26E75 100 2026 05 15.2  14.8134 -18.1631 18.2 Updated May 15.38 UT             4   0.01 25.6  1.167
6EE3C21  91 2026 05 15.2  15.7712 -20.2416 19.3 Updated May 16.23 UT            20   0.98 25.9  0.229
A11Cr0m  86 2026 05 15.0  16.0504 -50.7923 17.8 Updated May 16.31 UT            19   1.17 20.0  0.255
P12neKJ  93 2026 05 14.3  13.0083 -23.3714 20.9 Updated May 16.32 UT            19   1.94 20.2  0.123
P12neKs  43 2026 05 14.6  18.3211 +57.9128 20.3 Updated May 16.31 UT            30   1.68 15.4  0.150
P12nc1c  74 2026 05 14.5  16.7725  -6.3091 21.7 Updated May 16.36 UT            28   1.87 20.1  0.046
RFD0300 100 2026 05 13.0  19.3836 -44.2793 24.2 Updated May 16.38 UT             2   0.00 29.8  3.372
CEMAUH2 100 2026 05 14.4  16.2852  -3.4253 21.3 Updated May 16.38 UT             6   0.07 23.9  1.960
ST26E61 100 2026 05 14.3  16.5708  +0.6017 22.6 Updated May 16.38 UT             6   0.05 29.0  2.036
ST26E57  86 2026 05 14.3  17.1358 -14.2814 19.6 Updated May 16.33 UT            18   1.75 27.8  0.378
MZ26075 100 2026 05 13.8  16.7472  -2.0294 21.9 Updated May 16.37 UT             3   0.01 27.4  2.580
A11CmCW 100 2026 05 13.3   5.9472 -73.4522 20.2 Updated May 16.38 UT             4   0.02 24.8  3.028
A11CmCS 100 2026 05 13.3  17.0031 -33.2891 19.9 Updated May 16.38 UT             4   0.04 25.4  3.086
OCA1642  84 2026 05 13.1  13.7325 -31.2877 19.4 Updated May 16.37 UT             3   0.02 14.0  3.275
CEM26R2  10 2026 05 12.4  16.5613 +15.3421 20.9 Updated May 16.32 UT            32   4.64 17.3  0.219
CEM1XD2  16 2026 05 12.3  14.4676 +17.2426 22.2 Updated May 16.38 UT            22   7.84 19.2  1.242
SO0005e 100 2026 05 11.7   0.2584  +7.3032 27.6 Updated May 16.38 UT             3   0.00 29.4  4.691
SO0005d 100 2026 05 11.7  19.1938 -24.0800 22.5 Updated May 16.38 UT             4   0.00 28.1  4.690
SO0005c 100 2026 05 11.7  22.9953 -27.7434 24.5 Updated May 16.38 UT             3   0.00 28.4  4.744
SO0005b 100 2026 05 11.6  22.9874  -8.0519 23.1 Updated May 16.37 UT             3   0.00 26.6  4.755
CELXZH2 100 2026 05 11.3  14.8302 +24.0026 26.2 Updated May 16.38 UT             3   0.01 28.9  5.054
S001563  73 2026 05 07.0  12.9823 -27.1552 21.6 Updated May 16.37 UT             3   0.03 18.3  9.325
C1EUYV5  35 2026 04 27.5  17.2496 +18.8484 21.9 Updated May 15.51 UT            36 299.14 12.8  0.971
