CEP5YT2 100 2026 05 27.2  14.3412 +38.0731 21.2 Updated May 28.19 UT            11   0.93 25.0  0.734
A11CWPw 100 2026 05 26.6   1.9089 +13.5248 21.6 Updated May 28.36 UT             4   0.02 28.8  2.334
C1F4195 100 2026 05 26.4  16.1523 +10.8353 22.8 Updated May 28.36 UT             7   0.07 27.7  2.461
P12nfxd 100 2026 05 25.6  17.7897 +17.4005 21.9 Updated May 28.36 UT            14   2.00 22.6  2.475
C1F32J5 100 2026 05 25.4  17.1738 +18.3676 22.1 Updated May 27.70 UT            11   1.88 23.6  1.576
C1F3245  48 2026 05 25.4  16.9597 +10.3762 22.6 Updated May 28.36 UT            11   1.00 20.3  2.464
SJA1250 100 2026 05 24.9  16.7163 +60.3789 20.2 Updated May 27.36 UT             3   0.03 17.1  3.943
C1F2HL5 100 2026 05 25.4  16.7067 -12.2535 22.4 Updated May 28.36 UT             8   0.07 25.5  3.486
C1F1TD5 100 2026 05 25.3  15.8335  +4.5198 25.7 Updated May 28.36 UT             4   0.02 33.9  3.585
C03UYWZ  98 2026 05 23.4  16.7137 +16.6472 22.3 Updated May 27.70 UT            13   5.98 23.1  2.487
P12nfw2 100 2026 05 24.6  21.2023  -2.6901 21.6 Updated May 27.69 UT            14   3.01 20.3  1.308
NAOCLYL  85 2026 05 23.8  15.9116 -17.1019 21.9 Updated May 28.36 UT             4   0.10 21.5  5.057
A11CQzo 100 2026 05 24.4  22.3578 -16.0282 22.2 Updated May 28.36 UT             5   0.05 29.8  4.479
oKr0080 100 2026 05 23.9  23.4967 +18.6212 20.4 Updated May 28.36 UT             3   0.00 17.8  5.024
C1F1535  97 2026 05 24.4  16.7579  +7.2256 22.3 Updated May 28.36 UT            11   0.87 23.3  3.628
6EN3D21 100 2026 05 24.2  16.0498 -80.6364 18.9 Updated May 28.36 UT             3   0.01 18.8  4.678
C1EYPU5 100 2026 05 23.4  15.9071  +3.6692 22.9 Updated May 28.37 UT            11   1.87 24.1  3.665
NAOCBPP  99 2026 05 20.7  14.9411 -22.4174 22.4 Updated May 28.36 UT             4   0.13 22.4  8.063
ST26EC8  98 2026 05 20.4  22.3183 -30.9188 24.2 Updated May 28.36 UT             6   0.14 28.6  8.477
P12nfaz  43 2026 05 20.3  13.2011 -27.0219 22.1 Updated May 28.36 UT            12   2.87 18.4  5.721
NAOCAN7 100 2026 05 17.7  15.2917 -21.9756 21.3 Updated May 28.37 UT             4   0.10 20.1 11.061
KPMa1Ih  87 2026 05 18.1  11.1334 -29.3430 23.6 Updated May 28.36 UT             5   0.01 20.8 10.811
CEMVK32  51 2026 05 17.4  16.2730  +6.9465 21.8 Updated May 27.66 UT            59  13.11 20.1  3.372
