ST26E39 100 2026 05 12.2  13.1793 -17.6777 19.4 Updated May 12.26 UT            10   0.07 23.5  0.011
6EB3121 100 2026 05 12.0  10.2819  -7.7135 20.0 Updated May 12.18 UT             9   0.19 23.7  0.110
SO0005e 100 2026 05 11.7  20.2758 -30.8308 19.2 Added May 12.10 UT               3   0.00 28.8  0.563
SO0005d 100 2026 05 11.7  17.2891 -32.3159 18.3 Added May 12.10 UT               4   0.00 27.8  0.562
SO0005c 100 2026 05 11.7  18.4871 -34.5322 19.1 Added May 12.05 UT               3   0.00 28.5  0.616
SO0005b 100 2026 05 11.6  21.3152 -23.3749 18.0 Added May 12.04 UT               3   0.00 26.6  0.627
C469HY1  91 2026 05 11.4  17.7690 +19.5757 18.5 Updated May 12.24 UT            28   0.68 25.7  0.194
6EA3I21  62 2026 05 11.3  19.4310  -5.2026 17.0 Added May 11.37 UT               3   0.01 13.0  0.941
CELXZH2 100 2026 05 11.3  14.7971 +24.0511 22.7 Added May 11.37 UT               3   0.01 22.0  0.926
CELXRN2  89 2026 05 11.3  13.1286 +26.9144 21.1 Updated May 12.27 UT            32   0.90 22.3  0.098
TF26E51 100 2026 05 11.3  15.3823  +9.1689 19.3 Added May 11.28 UT               2   0.00 23.3  1.000
ST26E34 100 2026 05 10.5  14.6319 +27.0934 21.6 Added May 10.70 UT               2   0.00 26.4  1.813
6E94521  96 2026 05 10.4  19.4303 -58.2668 19.5 Updated May 12.19 UT            19   1.81 19.1  0.100
ZTF10Dn 100 2026 05 09.3  16.9162 -12.9994 20.6 Updated May 11.31 UT             4   0.04 26.9  2.938
XA9ttXA  77 2026 05 08.8  15.1096  +1.8664 22.5 Updated May 12.19 UT            16   3.41 21.8  0.106
ST26E18 100 2026 05 09.4  15.4868 -14.3930 22.9 Updated May 11.31 UT             4   0.00 30.1  2.908
CELRZD2 100 2026 05 09.2  12.4911 +36.0829 22.2 Updated May 11.31 UT             8   0.10 22.6  2.926
TF26E23 100 2026 05 09.2  12.9444  -3.7201 17.8 Updated May 12.26 UT             2   0.00 19.6  3.057
ZTF10Dl 100 2026 05 08.3  18.8871 -15.5231 21.3 Updated May 10.31 UT             4   0.03 27.0  3.906
ST26E14 100 2026 05 08.4  13.3468  -3.1737 17.9 Updated May 10.31 UT             2   0.00 21.3  3.849
P22n0vC  24 2026 05 08.3  14.7911  +9.7049 22.3 Updated May 12.21 UT            28   3.86 19.9  0.075
P22n0fQ  97 2026 05 07.4  15.0800 +10.0340 22.6 Updated May 11.31 UT             3   0.04 24.4  4.867
ZTF10Di 100 2026 05 07.4  22.1928 -10.6774 23.1 Updated May 11.31 UT             4   0.02 27.4  4.882
S001563  73 2026 05 07.0  12.9929 -26.9672 21.5 Updated May 11.31 UT             3   0.03 17.9  5.197
P22mZLU  73 2026 05 06.3  11.8206 -15.9317 21.0 Updated May 11.60 UT            17   4.96 20.7  1.041
A11BRI6  35 2026 05 03.0  11.0176 -39.3036 19.0 Updated May 12.26 UT            64   9.09 19.9  0.168
C1EUYV5  35 2026 04 27.5  17.3062 +18.6308 21.7 Updated May 11.29 UT            30  13.80 12.6  1.005
