CEMVGV2 100 2026 05 17.3  16.1788 +10.5852 20.1 Added May 17.37 UT               3   0.01 24.7  0.046
CEMV1Q2 100 2026 05 17.3  15.1422  +7.7947 21.0 Updated May 17.38 UT            12   0.08 26.4  0.023
CEMUUC2  98 2026 05 17.3  14.4815  +8.7233 20.5 Updated May 17.39 UT            14   0.10 25.6  0.018
A11Cvk7 100 2026 05 16.9  14.0894 -73.3463 19.6 Added May 16.99 UT               4   0.03 21.5  0.474
CEMRK82  79 2026 05 16.5  21.5410  -9.8939 21.6 Added May 16.49 UT               3   0.01 17.7  0.939
6EF1B21  97 2026 05 16.2  15.3464 -17.6381 19.7 Updated May 17.34 UT            10   1.16 26.3  0.072
ST26E98  86 2026 05 16.3  19.0494 +29.6227 21.3 Updated May 17.34 UT            17   1.63 29.0  0.430
CEMK452  77 2026 05 16.3  14.2932  -4.5400 21.5 Updated May 17.33 UT            24   1.03 22.1  0.090
A11Cswo 100 2026 05 16.0  17.2473 -23.5808 18.6 Updated May 17.33 UT             4   0.02 22.1  1.401
ZTF10Du 100 2026 05 15.3  16.5738 -35.2486 18.7 Updated May 17.33 UT             4   0.03 26.4  2.104
ST26E84  98 2026 05 15.4  15.2147 +10.7745 20.4 Updated May 17.33 UT             6   0.47 26.4  1.513
ST26E76  74 2026 05 15.2  14.2391  +8.6023 23.0 Updated May 17.28 UT            17   2.00 30.8  0.166
ST26E75  98 2026 05 15.2   2.4538 -28.2490 24.7 Updated May 16.82 UT             7   0.09 28.6  2.083
P12neKs  91 2026 05 14.6  18.2914 +57.8449 20.3 Updated May 17.36 UT            48   2.50 15.4  0.331
P12nc1c 100 2026 05 14.5  16.7450  -6.0076 21.7 Updated May 16.36 UT            28   1.87 20.1  1.046
RFD0300 100 2026 05 13.0  19.5411 -44.6410 24.7 Updated May 16.38 UT             2   0.00 29.8  4.372
CEMAUH2 100 2026 05 14.4  16.1601  -7.4873 21.3 Updated May 16.38 UT             6   0.07 23.9  2.960
ST26E61 100 2026 05 14.3  16.6510  +0.6905 23.3 Updated May 16.38 UT             6   0.05 29.0  3.036
MZ26075 100 2026 05 13.8  16.7929  -1.1803 22.4 Updated May 16.37 UT             3   0.01 27.4  3.580
A11CmCW 100 2026 05 13.3   6.1904 -72.1868 20.7 Updated May 16.38 UT             4   0.02 24.8  4.028
A11CmCS 100 2026 05 13.3  17.1460 -31.5101 20.3 Updated May 16.38 UT             4   0.04 25.4  4.086
OCA1642  84 2026 05 13.1  13.7165 -31.3424 19.4 Updated May 16.37 UT             3   0.02 14.0  4.275
CEM26R2  10 2026 05 12.4  16.5423 +15.2750 20.6 Updated May 16.91 UT            35   5.35 17.1  0.500
CEM1XD2  11 2026 05 12.3  14.4474 +17.0862 22.3 Updated May 17.20 UT            25   9.86 19.3  0.217
S001563  73 2026 05 07.0  12.9806 -27.1986 21.7 Updated May 16.37 UT             3   0.03 18.3 10.325
C1EUYV5  35 2026 04 27.5  17.2356 +18.8971 21.9 Updated May 16.81 UT            36 300.17 12.8  0.941
