TF26EE0 100 2026 05 20.5  16.5203  +8.5899 21.1 Updated May 20.74 UT             4   0.02 28.7  0.674
TF26ED8 100 2026 05 20.5  16.6185  +0.9080 18.3 Added May 20.66 UT               2   0.00 24.3  0.694
ST26EC8 100 2026 05 20.4  16.6678  -6.3486 18.4 Updated May 20.66 UT             4   0.02 27.1  0.721
ST26EC7 100 2026 05 20.4   1.7282  -7.8025 24.1 Updated May 20.60 UT             4   0.01 29.5  0.727
ST26EC5 100 2026 05 20.3  16.8846  -7.1977 19.0 Updated May 20.59 UT             4   0.03 24.6  0.819
P12nfgD  86 2026 05 20.4  15.9900  -7.2821 21.6 Updated May 20.69 UT             6   0.14 20.1  0.582
P12nffX  10 2026 05 20.5  16.3923 -20.7368 21.7 Updated May 20.69 UT             5   0.08 14.9  0.585
P12nfdO  94 2026 05 20.5  16.2632 -23.1108 21.9 Updated May 20.69 UT             5   0.09 28.9  0.587
P12nffV  69 2026 05 20.5  16.5065 -19.3063 20.6 Updated May 20.70 UT             6   0.09 18.0  0.584
P12nfdQ  98 2026 05 20.4  15.4268 -14.5719 19.5 Updated May 20.98 UT            13   0.53 28.1  0.183
P22nfcS  83 2026 05 20.4  16.9143  +2.1195 20.6 Updated May 20.70 UT             7   0.16 17.4  0.579
P12nfck  98 2026 05 20.4  14.4333 -22.9660 19.1 Updated May 20.69 UT             6   0.11 26.1  0.667
P12nfaz  80 2026 05 20.3  13.2557 -28.4825 21.9 Updated May 20.70 UT             5   0.13 14.5  0.704
P22nfat  74 2026 05 20.4  16.2033 +21.3845 21.8 Updated May 20.69 UT             5   0.22 14.4  0.576
A11CGDH 100 2026 05 19.2  16.4589 -71.3217 18.8 Updated May 21.04 UT            13   1.72 21.9  0.218
A11CGDI  86 2026 05 19.2  17.2909 -43.9784 18.7 Updated May 20.63 UT            24   1.40 21.4  0.573
NAOCAN7 100 2026 05 17.7  15.2754 -21.7693 20.7 Updated May 20.34 UT             4   0.10 20.1  3.306
KPMa1Ih  87 2026 05 18.1  11.1274 -26.0043 23.2 Updated May 20.34 UT             5   0.01 20.8  3.055
CEMVK32  55 2026 05 17.4  16.8301 +10.6366 21.6 Updated May 20.52 UT            41   7.48 20.1  1.244
ST26E75  98 2026 05 15.2   2.5360 -20.3869 28.0 Updated May 20.34 UT             7   0.09 28.6  5.837
P12neKs  35 2026 05 14.6  18.1746 +57.5214 20.0 Updated May 21.05 UT           106   6.45 15.2  0.135
