6EE3C21  98 2026 05 15.2  15.4868 -23.8110 18.9 Updated May 15.34 UT             8   0.15 25.9  0.017
A11Cr0m 100 2026 05 15.0  15.9853 -52.7876 17.8 Updated May 15.25 UT            12   0.18 19.9  0.197
P12neKJ 100 2026 05 14.3  13.0212 -23.4591 20.9 Updated May 15.22 UT            10   0.88 20.3  0.146
P12neKs  97 2026 05 14.6  18.3514 +57.9757 20.4 Updated May 15.26 UT            10   0.48 15.2  0.307
P12nc1d 100 2026 05 14.5  16.9144  -5.2265 21.4 Updated May 15.33 UT            12   0.83 19.2  0.043
P12nc1c 100 2026 05 14.5  16.8002  -6.6193 21.7 Updated May 15.29 UT            14   0.76 20.1  0.111
RFD0300 100 2026 05 13.0  23.8235 -34.1023 24.6 Added May 14.52 UT               2   0.00 29.5  2.331
CEMAUH2 100 2026 05 14.4  16.4262  +1.1912 21.3 Updated May 14.46 UT             6   0.07 24.0  0.918
CEMAY32  91 2026 05 14.4  16.5923  +2.6149 20.4 Updated May 15.35 UT            29   0.95 23.9  0.016
ST26E61 100 2026 05 14.3  16.3845  +0.3669 21.5 Updated May 14.37 UT             6   0.05 28.7  0.995
ST26E57 100 2026 05 14.3  15.9398  -8.3180 19.1 Updated May 14.33 UT             8   0.05 27.0  1.033
CEM7YT2  91 2026 05 14.3  13.2440  -0.2740 20.0 Updated May 15.19 UT            31   0.92 22.0  0.175
ST26E52  86 2026 05 14.2  13.5616 +16.9218 20.3 Updated May 15.18 UT            27   0.92 26.1  0.189
MZ26075 100 2026 05 13.8  16.9684  +2.9753 19.9 Updated May 15.33 UT             3   0.01 25.5  1.538
A11CmCW 100 2026 05 13.3   5.4873 -74.7468 19.5 Updated May 15.33 UT             4   0.02 25.5  1.986
A11CmCS 100 2026 05 13.3  16.7645 -36.0261 19.5 Updated May 15.33 UT             4   0.04 25.5  2.045
OCA1642  84 2026 05 13.1  13.7493 -31.2296 19.4 Updated May 15.33 UT             3   0.02 13.1  2.233
A11Cmv6  84 2026 05 13.0   8.4662 -50.1392 19.0 Updated May 15.23 UT            19   2.04 19.1  0.270
CEM26R2  18 2026 05 12.4  16.5807 +15.4049 20.6 Updated May 15.33 UT            21   2.69 17.0  1.121
CEM1XD2  11 2026 05 12.3  14.4890 +17.3985 22.2 Updated May 15.17 UT            22   7.84 19.2  0.200
SO0005e 100 2026 05 11.7   0.1330  +5.8958 26.9 Updated May 14.35 UT             3   0.00 28.9  3.649
SO0005d 100 2026 05 11.7  19.1037 -24.6642 22.0 Updated May 14.34 UT             4   0.00 28.2  3.648
SO0005c 100 2026 05 11.7  22.6506 -29.7562 23.8 Updated May 14.34 UT             3   0.00 28.6  3.702
SO0005b 100 2026 05 11.6  22.9521  -8.4410 22.6 Updated May 14.34 UT             3   0.00 26.6  3.713
CELXZH2 100 2026 05 11.3  14.7401 +24.3815 22.2 Updated May 14.35 UT             3   0.01 25.0  4.012
6E94521  10 2026 05 10.4  19.7400 -65.4855 19.5 Updated May 15.20 UT            47   4.82 19.0  0.174
S001563  73 2026 05 07.0  12.9809 -27.1166 21.6 Updated May 14.34 UT             3   0.03 17.5  8.283
C1EUYV5  35 2026 04 27.5  17.2640 +18.7959 21.9 Updated May 14.43 UT            36 297.21 12.8  1.862
