Sar2899 100 2026 05 22.0  16.3956 +12.0457 20.5 Updated May 22.05 UT            12   0.05 29.5  0.039
CZYNHKZ 100 2026 05 14.4  16.3906  +2.5458 21.4 Updated May 22.04 UT             4   0.02 22.8  7.689
P22nfmx  86 2026 05 21.3  14.3773  +1.4878 21.1 Updated May 22.06 UT            17   0.86 24.6  0.026
C46CD31 100 2026 05 21.4  19.8513  -5.2771 18.9 Updated May 21.45 UT             5   0.05 28.5  0.633
ST26ED8  93 2026 05 21.3  17.8518 +12.6806 20.2 Updated May 21.95 UT            18   0.61 25.9  0.133
ST26ED1  98 2026 05 21.2  22.3516 -20.1342 19.4 Updated May 21.71 UT            20   0.16 30.2  0.691
TF26EE0 100 2026 05 20.5  16.4251  +8.7602 22.4 Updated May 20.74 UT             4   0.02 28.7  1.592
ST26EC8  98 2026 05 20.4  18.3893 -19.4915 19.9 Updated May 21.71 UT             6   0.14 28.6  1.639
ST26EC7  98 2026 05 20.4   2.2504  -8.2708 27.3 Updated May 21.71 UT             6   0.11 30.2  1.645
ST26EC5 100 2026 05 20.3  16.1920 -12.3881 19.1 Updated May 20.59 UT             4   0.03 24.6  1.737
P12nfgD  10 2026 05 20.4  15.9650  -7.4592 21.8 Updated May 21.76 UT            28 5292.06 20.0  0.662
P12nffX  10 2026 05 20.5  16.3763 -20.8239 21.6 Updated May 21.77 UT            12   6.91 18.9  0.706
P12nffV  45 2026 05 20.5  16.5023 -18.9169 20.6 Updated May 22.02 UT            19   2.70 20.3  0.068
P12nfaz  50 2026 05 20.3  13.2480 -28.3090 22.0 Updated May 21.47 UT             8   1.05 18.5  0.707
P22nfat  20 2026 05 20.4  16.1880 +21.4832 22.1 Updated May 21.73 UT            25 622.93 19.6  0.645
A11CGDI  84 2026 05 19.2  17.4085 -42.6753 18.5 Updated May 21.92 UT            30   2.72 21.3  0.164
NAOCAN7 100 2026 05 17.7  15.2765 -21.7989 20.8 Updated May 21.35 UT             4   0.10 19.6  4.224
KPMa1Ih  87 2026 05 18.1  11.1254 -26.4275 23.3 Updated May 21.35 UT             5   0.01 20.8  3.973
CEMVK32  35 2026 05 17.4  16.7574 +10.1943 21.6 Updated May 21.47 UT            47   9.02 20.1  0.618
P12neKs  35 2026 05 14.6  18.1449 +57.4248 20.0 Updated May 22.02 UT           121   7.45 15.2  0.057
