P12nfxd  98 2026 05 25.6  17.8402 +16.0837 21.8 Updated May 25.79 UT             6   1.15 22.5  0.237
P12nfwU  96 2026 05 25.5  16.9085 +14.3803 21.7 Updated May 25.79 UT             5   1.11 23.1  0.292
C1F32J5 100 2026 05 25.4  17.2115 +12.1558 22.0 Added May 25.48 UT               4   0.02 25.7  0.353
C1F3245  75 2026 05 25.4  17.0270 +10.6577 22.9 Added May 25.48 UT               4   0.02 16.9  0.355
SJA1250 100 2026 05 24.9  16.9098 +61.6521 20.3 Added May 25.42 UT               3   0.03 17.5  0.857
C1F2X35  91 2026 05 25.4  16.3510  +1.7833 21.9 Updated May 25.46 UT             8   0.09 21.4  0.365
C1F2HL5 100 2026 05 25.4  16.3201 -11.4464 22.4 Updated May 25.43 UT             8   0.07 25.5  0.400
C1F2HK5 100 2026 05 25.4  16.2001 -11.4182 21.8 Updated May 25.43 UT             8   0.07 22.8  0.403
C1F1TD5 100 2026 05 25.3  15.5693  +4.5822 22.0 Added May 25.33 UT               4   0.02 27.4  0.499
C03UYWZ 100 2026 05 23.4  16.7581 +10.5211 22.9 Added May 25.30 UT               4   0.02 25.5  2.361
6EO3221 100 2026 05 25.0  11.3282 -39.2682 17.1 Updated May 25.37 UT            22   0.35 23.5  0.485
A11CUyv  96 2026 05 24.1  17.5973 -57.3068 19.0 Updated May 25.44 UT            10   1.27 18.7  0.412
P12nfw2 100 2026 05 24.6  21.0266  -3.9645 21.4 Updated May 25.71 UT             5   1.00 19.3  0.231
NAOCLYL  85 2026 05 23.8  15.8983 -20.0043 21.6 Added May 24.59 UT               4   0.10 21.5  1.971
A11CQzo 100 2026 05 24.4  20.8635 -18.7854 19.4 Added May 24.51 UT               5   0.05 29.9  1.393
P12nfqd 100 2026 05 24.4  15.9399 -22.6431 20.5 Updated May 25.69 UT             9   1.06 21.5  0.353
oKr0080 100 2026 05 23.9  23.4859 +18.5355 20.2 Added May 24.47 UT               3   0.00 15.5  1.937
C1F1535  87 2026 05 24.4  16.7575  +6.3605 22.5 Updated May 25.30 UT            11   0.87 23.3  0.542
C1F0TQ5  89 2026 05 24.4  15.8852  -7.6784 21.7 Updated May 25.39 UT            15   2.93 24.3  0.562
C1F0EU5  87 2026 05 24.3  15.4225 -10.0872 22.1 Updated May 24.39 UT             8   0.07 14.8  1.437
C1F0295  90 2026 05 24.3  15.3265  -7.2042 22.1 Updated May 25.21 UT            17   0.88 22.2  0.630
6EN3D21 100 2026 05 24.2  16.5618 -79.4604 18.8 Updated May 25.35 UT             3   0.01 21.1  1.592
C1EYPU5 100 2026 05 23.4  15.8537  +3.2589 22.9 Updated May 25.26 UT            11   1.87 24.2  0.578
C1EYD55  69 2026 05 23.3  15.7600 -13.4121 22.1 Updated May 25.35 UT            12   0.95 20.1  1.548
NAOCBPP  99 2026 05 20.7  14.8940 -20.5619 22.2 Updated May 25.35 UT             4   0.13 22.4  4.977
C46CD31 100 2026 05 21.4   1.5106  -3.0521 27.4 Updated May 25.35 UT             7   0.05 28.6  4.385
ST26ED1  98 2026 05 21.2   1.7096 -14.6113 27.8 Updated May 25.35 UT            20   0.16 30.2  4.443
ST26EC8  98 2026 05 20.4  21.6981 -30.9453 23.1 Updated May 25.35 UT             6   0.14 28.6  5.390
ST26EC7  98 2026 05 20.4   2.4735  -8.3972 30.1 Updated May 25.35 UT             6   0.11 30.3  5.397
P12nfaz  43 2026 05 20.3  13.2192 -27.6004 21.9 Updated May 24.34 UT            12   2.87 18.3  2.635
NAOCAN7 100 2026 05 17.7  15.2827 -21.8977 21.0 Updated May 24.34 UT             4   0.10 19.9  7.975
KPMa1Ih  87 2026 05 18.1  11.1252 -28.0704 23.4 Updated May 24.34 UT             5   0.01 20.8  7.725
CEMVK32  53 2026 05 17.4  16.4790  +8.3948 21.7 Updated May 24.42 UT            50  11.97 20.1  1.423
P12neKs  35 2026 05 14.6  18.0199 +56.9539 19.9 Updated May 25.03 UT           167  10.45 15.1  0.807
