C46D641 100 2026 05 27.3  14.5335 +22.5039 20.4 Added May 27.47 UT               4   0.01 20.7  0.743
C1F44U5 100 2026 05 27.3  16.1432 +42.3790 21.7 Updated May 27.45 UT             8   0.11 25.0  0.641
CEP5YT2 100 2026 05 27.2  14.2433 +38.2133 21.8 Updated May 27.32 UT             7   0.05 21.5  0.779
A11CWPw 100 2026 05 26.6  22.8056 -11.3938 18.3 Added May 26.81 UT               4   0.02 28.7  1.500
P12nfxy 100 2026 05 26.6  17.4195  +3.3401 20.8 Updated May 27.30 UT             9   0.90 24.5  0.787
C1F4195 100 2026 05 26.4  16.1390  +9.9060 22.5 Updated May 26.45 UT             7   0.07 27.6  1.627
P12nfxd 100 2026 05 25.6  17.8035 +17.0717 21.9 Updated May 26.45 UT            14   2.00 22.6  1.642
C1F32J5 100 2026 05 25.4  17.1839 +16.7183 22.0 Updated May 27.70 UT            11   1.88 23.6  0.742
C1F3245  48 2026 05 25.4  16.9782 +10.4598 22.6 Updated May 26.78 UT            11   1.00 20.2  1.631
SJA1250 100 2026 05 24.9  16.7669 +60.7354 20.2 Updated May 27.36 UT             3   0.03 17.1  3.109
C1F2HL5 100 2026 05 25.4  16.5979 -12.0305 22.4 Updated May 27.35 UT             8   0.07 26.0  2.653
C1F1TD5 100 2026 05 25.3  15.8434  +4.4944 24.8 Updated May 26.35 UT             4   0.02 33.6  2.751
C03UYWZ  98 2026 05 23.4  16.7235 +15.1687 22.2 Updated May 27.70 UT            13   5.98 23.1  1.653
P12nfw2  95 2026 05 24.6  21.1546  -3.0386 21.7 Updated May 27.69 UT            14   3.01 20.3  0.474
NAOCLYL  85 2026 05 23.8  15.9081 -17.8560 21.8 Updated May 26.35 UT             4   0.10 21.7  4.224
A11CQzo 100 2026 05 24.4  22.2007 -16.4211 21.7 Updated May 26.35 UT             5   0.05 29.8  3.645
oKr0080 100 2026 05 23.9  23.4945 +18.6026 20.4 Updated May 27.35 UT             3   0.00 18.0  4.190
C1F1535  97 2026 05 24.4  16.7580  +6.9914 22.3 Updated May 26.35 UT            11   0.87 23.3  2.794
6EN3D21 100 2026 05 24.2  16.1593 -80.4720 18.7 Updated May 27.35 UT             3   0.01 20.4  3.845
C1EYPU5 100 2026 05 23.4  15.8926  +3.5702 22.8 Updated May 26.35 UT            11   1.87 24.1  2.831
NAOCBPP  99 2026 05 20.7  14.9284 -21.9283 22.3 Updated May 27.35 UT             4   0.13 22.3  7.230
ST26EC8  98 2026 05 20.4  22.2065 -30.9774 24.0 Updated May 27.35 UT             6   0.14 28.6  7.643
P12nfaz  43 2026 05 20.3  13.2055 -27.1773 22.0 Updated May 26.35 UT            12   2.87 18.3  4.888
NAOCAN7 100 2026 05 17.7  15.2902 -21.9588 21.0 Updated May 26.35 UT             4   0.10 19.7 10.228
KPMa1Ih  87 2026 05 18.1  11.1308 -29.0794 23.5 Updated May 26.35 UT             5   0.01 20.9  9.977
CEMVK32  51 2026 05 17.4  16.3265  +7.3333 21.8 Updated May 27.66 UT            59  13.11 20.1  2.538
