A11D0Xd 100 2026 05 30.0  19.5156 -42.3755 18.8 Updated May 31.41 UT             4   0.01 23.9  1.817
NAOCYLA 100 2026 05 27.7  16.2122 -20.4289 20.8 Updated May 31.41 UT             4   0.13 22.4  3.991
C07PYDZ 100 2026 05 27.2  14.3127 +47.9308 21.6 Updated May 31.40 UT             4   0.02 19.9  4.657
C1F4195 100 2026 05 26.4  16.1847 +13.0338 23.4 Updated May 31.41 UT             7   0.07 27.6  5.409
C1F3245  48 2026 05 25.4  16.8933 +10.0355 22.5 Updated May 31.41 UT            11   1.00 20.2  5.413
C1F2HL5 100 2026 05 25.4  17.0707 -12.9528 22.5 Updated May 31.41 UT             8   0.07 25.5  6.435
NAOCLYL  80 2026 05 23.8  15.9247 -14.3137 22.1 Updated May 31.41 UT             4   0.10 22.0  8.006
A11CQzo 100 2026 05 24.4  22.6556 -15.1115 23.4 Updated May 31.41 UT             5   0.05 29.9  7.427
oKr0080 100 2026 05 23.9  23.5001 +18.7099 20.0 Updated May 31.41 UT             3   0.00 17.4  7.972
6EN3D21 100 2026 05 24.2  16.2874 -80.5170 19.9 Updated May 31.41 UT             3   0.01 22.4  7.627
NAOCBPP  99 2026 05 20.7  14.9912 -24.1226 22.6 Updated May 31.41 UT             4   0.13 22.5 11.012
P12nfaz  43 2026 05 20.3  13.1886 -26.4772 22.1 Updated May 31.41 UT            12   2.87 18.4  8.670
