P22owBy  73 2026 07 19.5  22.3133 -23.2352 21.3 Added July 19.83 UT              3   0.02 17.9  0.389
A11EXt4 100 2026 07 19.4  23.1805 +26.4042 18.3 Added July 19.75 UT              6   0.04 25.5  0.469
A11EUSX 100 2026 07 19.5  20.1279 -21.8176 17.6 Added July 19.66 UT              4   0.04 28.8  0.445
P12osch 100 2026 07 19.6  23.5925 -21.1906 21.3 Added July 19.64 UT              3   0.02 22.4  0.348
P12osci  76 2026 07 19.6  23.1158 -18.6474 21.4 Added July 19.64 UT              3   0.02 23.2  0.362
P22osbK 100 2026 07 19.6   0.2205 -10.6090 20.2 Updated July 19.67 UT            4   0.02 12.2  0.351
P22osb9 100 2026 07 19.5  22.6765 -15.7534 19.9 Added July 19.64 UT              3   0.03 22.0  0.383
P12os9C  90 2026 07 19.5  21.7441 -32.0222 21.1 Updated July 19.69 UT            8   0.16 20.8  0.286
P12os34  96 2026 07 19.5  20.3797 -24.2742 21.9 Updated July 19.69 UT            5   0.09 24.3  0.417
P12os33 100 2026 07 19.5  20.6486 -29.1041 21.1 Updated July 19.69 UT            5   0.09 23.5  0.419
P12os2P 100 2026 07 19.5  20.1610 -29.0656 20.0 Updated July 19.69 UT            6   0.08 25.5  0.415
P22orYG 100 2026 07 19.5  21.9274 -21.1567 21.4 Updated July 19.71 UT            9   0.24 25.8  0.256
P22orYF 100 2026 07 19.5  20.9506 -21.5429 21.7 Updated July 19.70 UT            6   0.09 23.6  0.412
P22orYE 100 2026 07 19.5  21.2237 -17.0892 21.5 Updated July 19.70 UT            6   0.09 25.5  0.409
P22orSB  98 2026 07 19.4  19.6814 -29.7935 21.8 Updated July 19.69 UT            5   0.12 27.1  0.443
P22orV4  75 2026 07 19.4  20.9303  -2.0401 21.7 Updated July 19.70 UT            5   0.10 19.2  0.438
P22orV3 100 2026 07 19.4  20.5382  +0.3787 21.6 Updated July 19.70 UT            5   0.09 25.6  0.439
P22orV1  98 2026 07 19.4  20.2670  -4.6119 21.6 Updated July 19.69 UT            6   0.10 22.4  0.440
P22orSE 100 2026 07 19.4  19.8766 -25.2921 21.5 Updated July 19.69 UT            6   0.12 23.6  0.446
P22orSD  98 2026 07 19.4  19.8716 -25.4685 21.7 Updated July 19.69 UT            5   0.11 22.2  0.448
P22orSC  98 2026 07 19.4  19.9685 -28.5045 21.3 Updated July 19.69 UT           10   0.19 26.7  0.369
P22orOr 100 2026 07 19.3  16.0883 +14.3327 22.1 Added July 19.49 UT              3   0.03 22.4  0.589
ST26G80 100 2026 07 19.4  23.4435  -8.1468 19.6 Updated July 19.50 UT            6   0.05 26.5  0.472
P22orOo  98 2026 07 19.4  19.6217 -21.9686 21.2 Updated July 19.69 UT           14   4.14 20.3  0.435
ST26G77 100 2026 07 19.4  21.2629  -1.7590 16.8 Added July 19.38 UT              2   0.00 14.6  0.584
ST26G73 100 2026 07 19.2  20.2139 -19.1114 19.3 Updated July 19.65 UT           10   0.37 24.8  0.360
ST26G72  86 2026 07 19.2  19.7044  -3.9032 19.7 Updated July 19.95 UT           19   0.71 27.5  0.027
P12orqV  83 2026 07 18.5  21.3543  -3.4695 20.9 Updated July 18.90 UT            6   0.07 19.4  1.412
P12orqU  64 2026 07 18.5  21.3006  -3.2433 21.2 Updated July 19.57 UT            9   1.08 20.5  0.400
P12orbb  99 2026 07 18.4  19.2040 +43.2816 21.7 Updated July 19.54 UT            8   1.15 22.5  0.422
ST26G68 100 2026 07 18.4  17.9777 +25.5769 17.4 Added July 18.38 UT              2   0.00 17.0  1.593
TF26G47 100 2026 07 18.2  17.3280 +25.1116 21.5 Added July 18.31 UT              2   0.00 24.5  1.718
ST26G65 100 2026 07 18.2  16.8106 +27.6381 21.3 Added July 18.30 UT              2   0.00 24.0  1.733
orA4607 100 2026 07 17.9  16.9214 +68.1620 20.4 Updated July 19.24 UT            3   0.01 20.3  2.007
RMM2026  35 2026 07 06.3  19.8179 -22.3813 21.8 Updated July 18.48 UT           31  26.84 19.0  1.622
ST26G54 100 2026 07 17.3  18.3363 +14.5473 18.5 Updated July 19.89 UT            2   0.00 20.0  0.661
oNj0343 100 2026 07 15.8  23.4447  +2.7044 21.5 Updated July 19.25 UT            3   0.07 18.4  4.097
A11EQsq 100 2026 07 15.9  17.0169 -65.9758 22.7 Updated July 19.24 UT            4   0.02 28.4  4.066
A11EQfd  10 2026 07 16.4  20.7657  +1.0302 20.2 Updated July 19.62 UT           63   3.15 26.8  0.511
ZTF10Er  98 2026 07 16.3   5.3458 -36.2694 25.0 Updated July 18.51 UT            8   0.11 30.3  3.580
P12ooQQ  87 2026 07 16.6  20.9807  +2.3492 21.1 Updated July 18.26 UT           11   1.91 21.2  1.710
P22ooQq 100 2026 07 16.6   2.0322 +12.7117 21.7 Updated July 19.59 UT           10   2.99 19.2  0.384
P22ooPS 100 2026 07 16.5  10.5263 -27.2039 22.9 Updated July 19.25 UT            3   0.02 25.0  3.436
P22ooOw 100 2026 07 16.3  17.6588 +55.8647 22.2 Updated July 18.52 UT           15   2.03 21.0  1.602
P12ooOy  10 2026 07 16.3  15.1008 +18.5551 22.4 Updated July 19.02 UT           21 4795.84 22.4  1.586
ST26G49 100 2026 07 16.4   1.9274 -33.9990 22.0 Updated July 19.24 UT            4   0.04 27.5  3.549
X89848   77 2026 07 14.8  22.0922 -13.1500 19.6 Updated July 19.24 UT            3   0.03 15.0  5.173
P12onSk 100 2026 07 15.5  22.3424 -32.8707 21.1 Updated July 19.24 UT            9   2.00 20.7  2.446
P12onSj  93 2026 07 15.5  22.8216 -29.4588 21.1 Updated July 19.25 UT            9   2.00 19.0  2.443
ZTF10Ep 100 2026 07 15.3   4.6992  +2.3616 25.1 Updated July 19.24 UT            4   0.04 26.9  4.580
P12onRT  91 2026 07 15.4  20.4636 -38.9579 19.7 Updated July 19.24 UT           16   2.48 20.9  2.042
ST26G39  10 2026 07 15.2  17.7391 +45.2267 22.6 Updated July 18.52 UT           28   3.12 26.0  1.615
P12onNw  35 2026 07 14.3  17.4852  -1.5550 20.8 Updated July 19.28 UT           32   6.62 12.3  1.081
TF26G22 100 2026 07 10.3   7.7082 -18.4629 29.5 Updated July 19.25 UT            2   0.00 27.4  9.653
P22nJzF  35 2026 06 22.5  22.3602 +18.2609 21.5 Updated July 19.24 UT           28 300.05 14.2  4.518
