OCA1642  79 2026 05 13.1  13.7760 -31.1319 19.4 Added May 13.56 UT               3   0.02 13.4  0.606
P22nay8  81 2026 05 13.4  15.7772  -1.8480 21.3 Added May 13.52 UT               3   0.02 22.9  0.277
P22nawA 100 2026 05 13.4  15.1457  -3.2256 21.0 Added May 13.52 UT               3   0.02 22.1  0.275
ST26E50  98 2026 05 13.2  14.5089  -2.6462 19.8 Updated May 13.66 UT            13   0.38 26.8  0.101
A11Cmv6 100 2026 05 13.0   8.6765 -50.8081 18.7 Updated May 13.51 UT             7   0.43 17.7  0.254
ST26E47  81 2026 05 12.4  15.0211 -22.4306 19.3 Updated May 13.69 UT            19   1.25 25.0  0.066
P22n55t  36 2026 05 12.4  15.0166 -13.6073 21.4 Updated May 13.34 UT            11   5.01 19.8  0.401
P22n52K  79 2026 05 12.4  15.1621 -11.8269 21.2 Updated May 13.50 UT            20   5.15 25.0  0.244
P22n4V7 100 2026 05 12.4  14.3901 -19.8014 21.8 Updated May 13.34 UT            12   0.95 21.1  0.397
P22n4V6  91 2026 05 12.4  13.9682 -22.9232 21.6 Updated May 13.32 UT            16   0.93 23.5  0.420
P22n4V9  83 2026 05 12.4  14.4277 -15.4192 21.8 Updated May 13.50 UT            17   1.09 24.7  0.249
CEM28F2 100 2026 05 12.4  17.8730 +18.1960 21.0 Updated May 13.37 UT            15   0.97 25.1  0.363
P22n4PC  67 2026 05 12.4  13.9699 -14.0403 20.7 Updated May 13.03 UT             8   0.65 21.2  0.721
P22n4PB  72 2026 05 12.3  13.6783  -9.2950 21.1 Updated May 13.33 UT            19  25.87 24.0  0.423
CEM26R2  25 2026 05 12.4  16.6103 +15.4890 20.6 Updated May 13.26 UT            16   1.45 17.0  0.739
CEM1XD2 100 2026 05 12.3  14.5229 +17.6294 22.1 Updated May 12.41 UT            11   0.11 17.1  1.320
CEM1R02  91 2026 05 12.3  13.5738 +16.9450 21.7 Updated May 13.19 UT            18   0.89 22.1  0.558
6EB3121  81 2026 05 12.0  10.3663 -14.9594 20.0 Updated May 13.28 UT            19   1.16 23.9  0.592
SO0005e 100 2026 05 11.7  23.7849  +1.8892 25.1 Updated May 13.34 UT             3   0.00 28.9  2.023
SO0005d 100 2026 05 11.7  18.6615 -27.1533 20.8 Updated May 13.34 UT             4   0.00 28.3  2.022
SO0005c 100 2026 05 11.7  22.1691 -32.1000 22.4 Updated May 13.34 UT             3   0.00 28.3  2.076
SO0005b 100 2026 05 11.6  22.5341 -12.6858 21.2 Updated May 13.33 UT             3   0.00 26.7  2.087
CELXZH2 100 2026 05 11.3  14.7702 +24.1968 22.6 Updated May 13.34 UT             3   0.01 22.1  2.386
ST26E34 100 2026 05 10.5  14.8600 +18.5013 23.7 Updated May 13.34 UT             2   0.00 28.1  3.273
6E94521  10 2026 05 10.4  19.5609 -61.6933 19.6 Updated May 13.71 UT            34   3.04 19.1  0.333
XA9ttXA  75 2026 05 08.8  15.0789  +1.9236 22.5 Updated May 13.17 UT            19   4.39 21.8  0.584
ST26E18 100 2026 05 09.4  15.5003 -14.4474 23.8 Updated May 13.34 UT             4   0.00 30.3  4.368
CELRZD2 100 2026 05 09.2  12.4179 +36.7884 22.5 Updated May 13.33 UT             8   0.10 22.9  4.386
ZTF10Dl 100 2026 05 08.3  19.0540 -15.4994 21.9 Updated May 13.34 UT             4   0.03 26.9  5.365
ST26E14 100 2026 05 08.4  13.3231  -2.9028 18.6 Updated May 13.34 UT             2   0.00 17.6  5.309
P22n0fQ  97 2026 05 07.4  15.0289 +10.6954 21.7 Updated May 13.34 UT             3   0.04 23.4  6.326
S001563  73 2026 05 07.0  12.9899 -27.0265 21.5 Updated May 13.34 UT             3   0.03 18.4  6.657
A11BRI6  10 2026 05 03.0  11.2768 -38.5221 19.1 Updated May 13.64 UT            81  10.09 19.9  0.631
C1EUYV5  35 2026 04 27.5  17.2864 +18.7107 21.9 Updated May 13.60 UT            36 297.21 12.8  0.236
