C1EYRR5 100 2026 05 23.4  15.8631  +2.8569 22.6 Updated May 23.48 UT            10   0.09 25.3  0.402
C1EYQL5 100 2026 05 23.4  15.8937  +1.6601 22.3 Updated May 23.48 UT             7   0.09 24.2  0.399
C1EYPU5  97 2026 05 23.4  15.8198  +2.9350 22.9 Updated May 23.49 UT             6   0.07 22.4  0.417
C1EYPT5 100 2026 05 23.4  15.8312  +2.5083 21.8 Updated May 23.79 UT            14   0.08 24.3  0.406
C46CN51 100 2026 05 23.4  17.2754 +21.9424 19.5 Updated May 23.46 UT            12   0.07 24.4  0.407
C1EYD55  66 2026 05 23.3  15.8183 -12.9535 22.1 Updated May 23.41 UT            10   0.06 19.4  0.477
C1EXH55 100 2026 05 23.3  13.9702  +5.0989 22.3 Updated May 23.37 UT            10   0.08 23.3  0.505
CENZ0T2  98 2026 05 23.3  16.0971 +60.0148 21.0 Updated May 23.37 UT            12   0.11 26.1  0.499
6EM3521  96 2026 05 23.1  13.1894 -12.6379 19.8 Updated May 23.86 UT            15   0.80 22.1  0.014
NAOCBPP  99 2026 05 20.7  14.8654 -19.3090 22.1 Updated May 22.70 UT             4   0.13 22.4  3.018
CZYNHKZ 100 2026 05 14.4  16.3717  +2.3275 21.8 Updated May 23.35 UT             4   0.02 22.7  9.481
C46CD31 100 2026 05 21.4   1.0716  -3.6223 25.6 Updated May 23.35 UT             7   0.05 28.6  2.425
ST26ED1  98 2026 05 21.2   1.5187 -15.3139 26.3 Updated May 23.35 UT            20   0.16 30.2  2.483
TF26EE0 100 2026 05 20.5  16.3785  +8.8167 23.8 Updated May 22.38 UT             4   0.02 28.7  3.384
ST26EC8  98 2026 05 20.4  20.6737 -29.5081 21.8 Updated May 23.35 UT             6   0.14 28.6  3.431
ST26EC7  98 2026 05 20.4   2.4242  -8.4048 29.3 Updated May 23.35 UT             6   0.11 30.3  3.437
ST26EC5 100 2026 05 20.3  15.5265 -16.8786 20.0 Updated May 22.38 UT             4   0.03 24.9  3.529
P12nffX  10 2026 05 20.5  16.3437 -20.9935 21.7 Updated May 22.44 UT            15   7.94 19.3  1.471
P12nfaz  38 2026 05 20.3  13.2333 -27.9704 22.0 Updated May 23.25 UT            12   2.87 18.4  0.675
NAOCAN7 100 2026 05 17.7  15.2785 -21.8419 20.8 Updated May 22.38 UT             4   0.10 19.7  6.015
KPMa1Ih  87 2026 05 18.1  11.1237 -27.2398 23.4 Updated May 22.38 UT             5   0.01 20.8  5.765
CEMVK32  55 2026 05 17.4  16.6206  +9.3318 21.6 Updated May 23.35 UT            47   9.02 20.1  2.409
P12neKs  35 2026 05 14.6  18.0859 +57.2156 19.9 Updated May 23.50 UT           149   8.88 15.1  0.416
