P12omkz 100 2026 07 14.4  20.4466 -34.0585 21.3 Added July 14.51 UT              3   0.03 22.4  0.148
P12omki 100 2026 07 14.4  16.6924 +11.4390 21.5 Added July 14.48 UT              3   0.04 21.6  0.216
P12omkc  73 2026 07 14.4  19.6628 -38.1788 21.0 Added July 14.48 UT              4   0.02 18.3  0.186
A11EDnp  91 2026 07 13.9  16.2835 +11.4204 19.1 Updated July 14.59 UT           20   0.66 25.6  0.060
P12o4wi  97 2026 07 13.5  21.8068  -6.7582 21.2 Updated July 14.61 UT            8   1.08 21.9  0.034
P12o4wj  96 2026 07 13.5  21.4178  -4.5715 21.9 Updated July 14.61 UT           12   1.11 22.8  0.028
P12o4vO 100 2026 07 11.6   9.7618 -10.4955 25.8 Updated July 13.24 UT            3   0.01 26.0  3.024
P12o4vm  30 2026 07 11.5  22.4787 -18.4433 20.7 Updated July 14.34 UT           16   3.92 19.1  0.292
P12o4vl  97 2026 07 11.5  22.4342 -18.9335 20.7 Updated July 14.33 UT           10   2.78 19.4  0.301
ZTF10El 100 2026 07 11.3   0.6402  -3.1085 22.3 Updated July 13.24 UT            4   0.02 27.7  3.285
ZTF10En 100 2026 07 11.4   9.9222 -26.0280 28.4 Updated July 13.24 UT            2   0.00 29.8  3.221
S001621  94 2026 07 11.2  22.1296 -33.4238 20.5 Updated July 14.55 UT           15   3.29 21.6  0.108
A11EvW0 100 2026 07 11.3  20.3962 -25.5245 19.8 Updated July 13.23 UT            4   0.02 24.9  3.347
ST26G26 100 2026 07 10.5  20.4979  +0.8636 22.1 Updated July 14.24 UT            4   0.01 27.1  4.157
TF26G22 100 2026 07 10.3  10.9929 -11.7341 24.2 Updated July 13.24 UT            4   0.94 24.8  3.387
ST26G18 100 2026 07 10.3   8.3328 +45.1189 28.7 Updated July 14.24 UT            4   0.02 26.1  4.292
ST26G17 100 2026 07 10.3   7.4995 -19.9677 28.2 Updated July 14.23 UT            2   0.00 27.7  4.335
A11Evap  10 2026 07 09.9  19.8552 -31.9404 18.9 Updated July 13.61 UT           29   3.64 21.9  1.054
P12o0YY  99 2026 07 09.5  20.6492 -20.3271 20.8 Updated July 14.24 UT            6   0.08 18.6  5.080
P12o0Y1  91 2026 07 08.5  20.0611 -28.8858 21.3 Updated July 13.31 UT           16  21.75 22.6  1.324
A11EpSe  10 2026 07 08.2  19.6218 -29.2639 19.3 Updated July 14.56 UT           24   6.36 19.1  0.086
W2nCdO   79 2026 07 07.4  19.1888 -25.0041 24.2 Updated July 14.24 UT           11  19.01 26.6  5.200
ST26G01  98 2026 07 07.2  21.8236 -62.0904 22.8 Updated July 14.23 UT           14   0.10 27.0  7.273
MAS0006  35 2026 06 19.3  18.3410 +23.9566 20.0 Updated July 14.22 UT          166  24.89  9.0  0.431
P22nJzF  35 2026 06 22.5  22.4563 +18.6918 21.5 Updated July 14.24 UT           23  25.46 14.1  4.615
