P12nfxd  98 2026 05 25.6  17.8361 +16.2019 21.8 Updated May 25.79 UT             6   1.15 22.5  0.487
P12nfwU  96 2026 05 25.5  16.9107 +14.4643 21.7 Updated May 25.97 UT             8   8.14 23.3  0.542
C1F32J5 100 2026 05 25.4  17.2102 +12.6160 22.0 Added May 25.48 UT               4   0.02 25.7  0.603
C1F3245  75 2026 05 25.4  17.0215 +10.6385 22.9 Added May 25.48 UT               4   0.02 16.9  0.605
SJA1250 100 2026 05 24.9  16.8933 +61.5550 20.3 Added May 25.42 UT               3   0.03 17.5  1.107
C1F2X35  91 2026 05 25.4  16.3436  +1.4810 21.9 Updated May 25.46 UT             8   0.09 21.4  0.615
C1F2HL5 100 2026 05 25.4  16.3513 -11.5137 22.4 Updated May 25.43 UT             8   0.07 25.5  0.650
C1F2HK5 100 2026 05 25.4  16.1877 -11.6441 21.8 Updated May 25.43 UT             8   0.07 22.8  0.653
C1F1TD5 100 2026 05 25.3  15.6157  +4.3779 21.9 Added May 25.33 UT               4   0.02 27.4  0.749
C03UYWZ 100 2026 05 23.4  16.7567 +10.8336 23.0 Added May 25.30 UT               4   0.02 25.5  2.611
A11CUyv  96 2026 05 24.1  17.5914 -57.0751 18.9 Updated May 25.44 UT            10   1.27 18.7  0.662
P12nfw2 100 2026 05 24.6  21.0409  -3.8620 21.4 Updated May 25.71 UT             5   1.00 19.3  0.481
NAOCLYL  85 2026 05 23.8  15.8994 -19.7535 21.6 Added May 24.59 UT               4   0.10 21.5  2.221
A11CQzo 100 2026 05 24.4  21.1664 -18.4344 19.8 Added May 24.51 UT               5   0.05 29.9  1.643
P12nfqd  84 2026 05 24.4  15.9337 -22.3594 20.5 Updated May 26.07 UT            15   1.62 21.6  0.050
oKr0080 100 2026 05 23.9  23.4868 +18.5428 20.2 Added May 24.47 UT               3   0.00 15.5  2.187
C1F1535  87 2026 05 24.4  16.7576  +6.4303 22.4 Updated May 25.30 UT            11   0.87 23.3  0.792
C1F0TQ5  89 2026 05 24.4  15.8695  -8.0209 21.7 Updated May 25.39 UT            15   2.93 24.3  0.812
C1F0EU5  87 2026 05 24.3  15.4172 -10.0861 22.1 Updated May 24.39 UT             8   0.07 14.8  1.687
C1F0295  90 2026 05 24.3  15.3218  -7.1532 22.1 Updated May 25.21 UT            17   0.88 22.2  0.880
6EN3D21 100 2026 05 24.2  16.5255 -79.5898 18.7 Updated May 25.35 UT             3   0.01 21.1  1.842
C1EYPU5 100 2026 05 23.4  15.8580  +3.2965 22.9 Updated May 25.26 UT            11   1.87 24.2  0.828
C1EYD55  69 2026 05 23.3  15.7525 -13.4705 22.2 Updated May 25.35 UT            12   0.95 20.1  1.798
NAOCBPP  99 2026 05 20.7  14.8977 -20.7174 22.2 Updated May 25.35 UT             4   0.13 22.4  5.227
C46CD31 100 2026 05 21.4   1.5365  -3.0145 27.5 Updated May 25.35 UT             7   0.05 28.6  4.635
ST26ED1  98 2026 05 21.2   1.7212 -14.5642 27.9 Updated May 25.35 UT            20   0.16 30.2  4.693
ST26EC8  98 2026 05 20.4  21.7772 -30.9803 23.2 Updated May 25.35 UT             6   0.14 28.6  5.640
ST26EC7  98 2026 05 20.4   2.4774  -8.3920 30.2 Updated May 25.35 UT             6   0.11 30.3  5.647
P12nfaz  43 2026 05 20.3  13.2175 -27.5533 22.0 Updated May 24.34 UT            12   2.87 18.3  2.885
NAOCAN7 100 2026 05 17.7  15.2833 -21.9037 21.0 Updated May 24.34 UT             4   0.10 19.9  8.225
KPMa1Ih  87 2026 05 18.1  11.1256 -28.1747 23.4 Updated May 24.34 UT             5   0.01 20.8  7.975
CEMVK32  53 2026 05 17.4  16.4615  +8.2760 21.7 Updated May 24.42 UT            50  11.97 20.1  1.673
P12neKs  35 2026 05 14.6  18.0114 +56.9179 19.9 Updated May 25.03 UT           167  10.45 15.1  1.057
