ST26EB8 100 2026 05 19.4  16.5302  +5.2443 19.3 Updated May 19.66 UT             4   0.02 25.1  0.308
LA0C0VD 100 2026 05 17.5  22.4689 -68.6534 22.5 Added May 19.61 UT               6   0.07 30.8  2.157
ZTF10Dy  98 2026 05 19.3  15.9497 -20.2729 18.7 Updated May 19.76 UT             6   0.09 33.0  0.434
CEN5QX2 100 2026 05 19.4  16.1048 -15.2418 21.1 Updated May 19.46 UT             8   0.06 24.2  0.325
ST26EB6  98 2026 05 19.3  16.9105  -9.7384 19.6 Updated May 19.39 UT            10   0.11 27.7  0.398
A11CGDH 100 2026 05 19.2  16.2365 -72.4459 19.3 Added May 19.28 UT               4   0.02 19.2  0.542
A11CGDI 100 2026 05 19.2  17.1080 -45.7983 18.8 Updated May 19.48 UT             8   0.17 20.7  0.420
ST26EB3  98 2026 05 19.3  15.5616  -8.1889 19.9 Updated May 19.43 UT            14   0.17 30.7  0.360
NAOCAN7 100 2026 05 17.7  15.2738 -21.7324 20.6 Added May 19.07 UT               4   0.10 19.6  1.931
KPMa1Ih  87 2026 05 18.1  11.1322 -25.3519 23.2 Added May 18.68 UT               5   0.01 21.2  1.680
A11CDyX 100 2026 05 18.0  10.8593 -32.4707 19.8 Updated May 19.66 UT             9   0.92 20.7  0.812
P22nf7G 100 2026 05 17.6  16.2427 +36.1284 22.1 Updated May 19.41 UT            11   1.78 23.1  0.434
P22nf3F  12 2026 05 17.5  17.5978 +37.2312 21.4 Updated May 19.46 UT            16   1.96 19.0  0.328
CEMVK32  35 2026 05 17.4  16.9422 +11.2971 21.5 Updated May 19.63 UT            38   7.00 20.1  0.347
A11Cvk7 100 2026 05 16.9  13.2697 -71.2855 19.6 Updated May 18.37 UT             4   0.03 22.7  2.853
CEMRK82  84 2026 05 16.5  21.6083 -10.3594 21.5 Updated May 18.37 UT             3   0.01 17.3  3.318
A11Cswo 100 2026 05 16.0  17.1086 -23.0139 18.4 Updated May 18.37 UT             4   0.02 20.9  3.780
ST26E75  98 2026 05 15.2   2.5246 -21.4357 27.3 Updated May 18.37 UT             7   0.09 28.6  4.462
P12neKs  35 2026 05 14.6  18.2183 +57.6529 20.1 Updated May 19.71 UT            79   4.47 15.2  0.734
CEMAUH2 100 2026 05 14.4  15.8841 -16.0959 21.1 Updated May 18.39 UT             6   0.07 23.9  5.339
