SO0006A 100 2026 05 22.7  21.2631 -36.0498 19.1 Added May 22.70 UT               4   0.01 23.9  0.347
MKp7968  83 2026 05 17.7  14.1198  +5.5650 21.9 Updated May 22.83 UT             8  26.24 23.2  1.332
ST26EE4  98 2026 05 22.3  18.4384 +19.1488 21.1 Updated May 22.46 UT            18   0.13 29.0  0.580
CENU0L2  98 2026 05 22.2  14.1163  -2.8609 22.0 Updated May 22.37 UT             9   0.13 27.4  0.668
CENV8M2  88 2026 05 22.3   0.3642 +28.9881 21.1 Updated May 22.95 UT            18   0.58 31.2  0.174
NAOCBPP  99 2026 05 20.7  14.8537 -18.7645 22.1 Updated May 22.70 UT             4   0.13 22.4  2.184
8N2S001 100 2026 05 22.0  17.6925 +13.3222 19.0 Added May 22.24 UT               3   0.01 24.4  0.982
Sar2899  86 2026 05 22.0  15.8983 +11.3408 21.1 Updated May 22.94 UT            30   0.95 29.6  0.100
CZYNHKZ 100 2026 05 14.4  16.3587  +2.3484 21.4 Updated May 22.04 UT             4   0.02 22.8  8.648
C46CD31 100 2026 05 21.4  23.9290  -4.8632 23.0 Updated May 21.45 UT             5   0.05 28.5  1.592
ST26ED8  77 2026 05 21.3  17.5761 +20.2659 20.4 Updated May 22.98 UT            43   1.62 25.8  0.087
ST26ED1  98 2026 05 21.2   1.2377 -16.2402 24.9 Updated May 21.71 UT            20   0.16 30.2  1.650
TF26EE0 100 2026 05 20.5  16.3945  +8.8062 23.3 Updated May 22.38 UT             4   0.02 28.7  2.551
ST26EC8  98 2026 05 20.4  19.8439 -26.9756 21.0 Updated May 21.71 UT             6   0.14 28.6  2.597
ST26EC7  98 2026 05 20.4   2.3782  -8.3798 28.6 Updated May 21.71 UT             6   0.11 30.2  2.603
ST26EC5 100 2026 05 20.3  15.7942 -15.1533 19.5 Updated May 22.38 UT             4   0.03 24.9  2.696
P12nffX  10 2026 05 20.5  16.3590 -20.9144 21.7 Updated May 22.44 UT            15   7.94 19.3  0.638
P12nffV  45 2026 05 20.5  16.4973 -18.5063 20.4 Updated May 22.98 UT            25   3.65 20.2  0.070
P12nfaz  48 2026 05 20.3  13.2400 -28.1278 22.0 Updated May 22.18 UT            10   1.84 18.4  0.866
NAOCAN7 100 2026 05 17.7  15.2773 -21.8203 20.7 Updated May 22.38 UT             4   0.10 19.7  5.182
KPMa1Ih  87 2026 05 18.1  11.1241 -26.8676 23.3 Updated May 22.38 UT             5   0.01 20.8  4.931
CEMVK32  55 2026 05 17.4  16.6834  +9.7326 21.6 Updated May 21.47 UT            47   9.02 20.1  1.576
P12neKs  35 2026 05 14.6  18.1135 +57.3163 20.0 Updated May 22.98 UT           124   8.40 15.1  0.063
