C1F9WZ5 100 2026 06 01.3  17.0669 +28.7639 21.4 Updated June 1.46 UT            12   0.12 24.9  0.070
A11D0Xd 100 2026 05 30.0  19.3589 -41.6249 18.9 Updated June 1.42 UT             4   0.01 24.0  2.484
NAOCYLA 100 2026 05 27.7  16.2297 -20.5250 20.9 Updated June 1.43 UT             4   0.13 21.6  4.658
C07PYDZ 100 2026 05 27.2  14.3140 +47.8464 21.7 Updated June 1.43 UT             4   0.02 19.6  5.323
C1F4195 100 2026 05 26.4  16.1898 +13.2801 23.6 Updated June 1.43 UT             7   0.07 27.6  6.076
C1F3245  48 2026 05 25.4  16.8780  +9.9488 22.6 Updated June 1.43 UT            11   1.00 20.2  6.080
C1F2HL5 100 2026 05 25.4  17.0535 -12.9405 22.7 Updated June 1.43 UT             8   0.07 26.1  7.102
NAOCLYL  85 2026 05 23.8  15.9281 -13.7090 22.1 Updated June 1.43 UT             4   0.10 21.6  8.672
A11CQzo 100 2026 05 24.4  22.6873 -15.0183 23.6 Updated June 1.43 UT             5   0.05 29.9  8.094
oKr0080 100 2026 05 23.9  23.5009 +18.7182 20.2 Updated June 1.42 UT             3   0.00 13.5  8.639
6EN3D21 100 2026 05 24.2  15.2382 -81.5961 18.9 Updated June 1.42 UT             3   0.01 16.5  8.294
P12nfaz  43 2026 05 20.3  13.1864 -26.3557 22.0 Updated June 1.43 UT            12   2.87 18.3  9.337
