P12omkz 100 2026 07 14.4  20.4579 -34.1140 21.3 Added July 14.51 UT              3   0.03 22.4  0.316
P12omki 100 2026 07 14.4  16.6913 +11.7057 21.7 Updated July 14.65 UT            5   0.12 23.3  0.304
P12omkc  73 2026 07 14.4  19.6610 -38.1548 21.0 Added July 14.48 UT              4   0.02 18.3  0.353
P12o4wi 100 2026 07 13.5  21.8136  -6.7897 21.4 Updated July 14.75 UT           10   1.12 22.2  0.202
P12o4wj 100 2026 07 13.5  21.4213  -4.4772 21.9 Updated July 14.61 UT           12   1.11 22.8  0.196
P12o4vO 100 2026 07 11.6   9.7809 -10.4397 25.9 Updated July 13.24 UT            3   0.01 26.0  3.191
P12o4vm  30 2026 07 11.5  22.4803 -18.4662 20.8 Updated July 14.79 UT           18  23.77 19.2  0.460
P12o4vl  95 2026 07 11.5  22.4358 -18.9176 20.9 Updated July 14.79 UT           13  23.75 19.5  0.469
ZTF10El 100 2026 07 11.3   0.6641  -3.1069 22.4 Updated July 13.24 UT            4   0.02 27.7  3.452
ZTF10En 100 2026 07 11.4   9.9217 -26.0228 28.5 Updated July 13.24 UT            2   0.00 29.8  3.389
S001621  94 2026 07 11.2  22.1399 -33.4723 20.5 Updated July 14.55 UT           15   3.29 21.6  0.275
A11EvW0 100 2026 07 11.3  20.4463 -25.4036 19.8 Updated July 13.23 UT            4   0.02 24.9  3.515
ST26G26 100 2026 07 10.5  20.4986  +0.7597 22.2 Updated July 14.24 UT            4   0.01 27.1  4.324
TF26G22 100 2026 07 10.3   7.7921 -18.0101 29.1 Updated July 14.67 UT            2   0.00 28.9  4.487
ST26G18 100 2026 07 10.3   8.3527 +44.1737 29.0 Updated July 14.24 UT            4   0.02 26.1  4.460
ST26G17 100 2026 07 10.3   7.5059 -19.9149 28.2 Updated July 14.23 UT            2   0.00 27.7  4.503
A11Evap  10 2026 07 09.9  19.8577 -31.5789 18.9 Updated July 14.79 UT           31   4.50 21.9  0.362
P12o0YY  99 2026 07 09.5  20.6419 -20.2411 20.7 Updated July 14.24 UT            6   0.08 18.6  5.248
A11EpSe  10 2026 07 08.2  19.6199 -29.2334 19.3 Updated July 14.56 UT           24   6.36 19.1  0.254
ST26G01  98 2026 07 07.2  21.8627 -62.1456 22.8 Updated July 14.23 UT           14   0.10 27.0  7.441
MAS0006  35 2026 06 19.3  18.3400 +23.9589 20.0 Updated July 14.22 UT          166  24.89  9.0  0.599
P22nJzF  35 2026 06 22.5  22.4534 +18.6796 21.5 Updated July 14.24 UT           23  25.46 14.1  4.783
