TF26EE0 100 2026 05 20.5  16.5839  +8.4679 20.5 Updated May 20.74 UT             4   0.02 28.7  0.424
TF26ED8 100 2026 05 20.5  16.4959  +1.8455 18.2 Added May 20.66 UT               2   0.00 24.3  0.444
ST26EC8 100 2026 05 20.4  16.1830  -1.9854 18.5 Updated May 20.66 UT             4   0.02 27.1  0.471
ST26EC7 100 2026 05 20.4   0.1241  -5.3553 20.2 Updated May 20.60 UT             4   0.01 29.5  0.477
ST26EC5 100 2026 05 20.3  17.1322  -5.2425 19.0 Updated May 20.59 UT             4   0.03 24.6  0.569
P12nfgD  86 2026 05 20.4  15.9966  -7.2349 21.6 Updated May 20.69 UT             6   0.14 20.1  0.332
P12nffX  10 2026 05 20.5  16.3969 -20.7136 21.7 Updated May 20.69 UT             5   0.08 14.9  0.335
P12nfdO  94 2026 05 20.5  16.2641 -22.9682 21.6 Updated May 20.69 UT             5   0.09 28.9  0.337
P12nffV  69 2026 05 20.5  16.5079 -19.4112 20.6 Updated May 20.70 UT             6   0.09 18.0  0.334
P12nfdQ  98 2026 05 20.4  15.5745 -15.4419 19.6 Updated May 20.69 UT             5   0.12 27.9  0.338
P22nfcp 100 2026 05 20.4  16.9468  +3.9398 21.1 Updated May 20.70 UT             7   0.16 22.2  0.329
P22nfcS  83 2026 05 20.4  16.9169  +2.1791 20.6 Updated May 20.70 UT             7   0.16 17.4  0.329
P12nfck  98 2026 05 20.4  14.3258 -24.5505 19.1 Updated May 20.69 UT             6   0.11 26.1  0.417
P12nfaz  80 2026 05 20.3  13.2582 -28.5298 21.9 Updated May 20.70 UT             5   0.13 14.5  0.454
P22nfat  74 2026 05 20.4  16.2078 +21.3550 21.8 Updated May 20.69 UT             5   0.22 14.4  0.326
P22nfad  98 2026 05 20.4  16.9609 +19.8138 20.7 Updated May 20.87 UT             8   0.50 25.4  0.044
CEN5QX2  91 2026 05 19.4  16.2207 -14.8196 20.5 Updated May 20.52 UT            21   1.02 25.4  0.491
A11CGDH 100 2026 05 19.2  16.4195 -71.5465 18.8 Updated May 20.82 UT            10   1.57 21.9  0.116
A11CGDI  86 2026 05 19.2  17.2583 -44.3216 18.7 Updated May 20.63 UT            24   1.40 21.4  0.323
NAOCAN7 100 2026 05 17.7  15.2752 -21.7627 20.7 Updated May 20.34 UT             4   0.10 20.1  3.056
KPMa1Ih  87 2026 05 18.1  11.1281 -25.8869 23.2 Updated May 20.34 UT             5   0.01 20.8  2.805
A11CDyX  81 2026 05 18.0  10.9264 -31.6279 19.6 Updated May 20.78 UT            22   2.72 20.6  0.137
CEMVK32  55 2026 05 17.4  16.8502 +10.7569 21.6 Updated May 20.52 UT            41   7.48 20.1  0.994
ST26E75  98 2026 05 15.2   2.5344 -20.5351 27.9 Updated May 20.34 UT             7   0.09 28.6  5.587
P12neKs  35 2026 05 14.6  18.1826 +57.5465 20.0 Updated May 20.86 UT           103   6.28 15.2  0.056
