CELY6P2 100 2026 05 11.4  17.0157 +18.0088 21.0 Updated May 11.47 UT             8   0.05 23.0  0.223
ST26E38 100 2026 05 11.3  17.2298  +7.3031 20.0 Updated May 11.66 UT             6   0.14 25.7  0.236
C469HY1 100 2026 05 11.4  16.9873  +3.1505 18.5 Updated May 11.64 UT            13   0.06 26.0  0.234
6EA3I21  62 2026 05 11.3  19.4300  -5.3241 17.0 Added May 11.37 UT               3   0.01 13.0  0.358
CELXZH2 100 2026 05 11.3  14.8090 +23.9870 22.7 Added May 11.37 UT               3   0.01 22.0  0.343
CELXRN2  98 2026 05 11.3  13.1685 +26.5663 20.9 Updated May 11.39 UT             7   0.11 18.4  0.308
TF26E51 100 2026 05 11.3  15.2680  +8.6276 19.2 Added May 11.28 UT               2   0.00 23.3  0.417
ST26E34 100 2026 05 10.5  14.7406 +22.8244 21.1 Added May 10.70 UT               2   0.00 26.4  1.230
6E94521 100 2026 05 10.4  19.3841 -56.8993 19.4 Updated May 11.30 UT            13   0.92 19.0  0.413
CELUGK2  93 2026 05 10.3  14.8107 +27.9542 21.5 Updated May 11.19 UT            21   0.85 24.4  0.505
ZTF10Do  98 2026 05 10.2  13.7132  +6.2640 18.2 Updated May 11.58 UT            11   1.27 27.1  0.186
CELU1Q2  98 2026 05 10.2  11.5859 +31.2964 21.4 Updated May 11.21 UT            13   0.99 26.1  0.497
ST26E24  98 2026 05 10.2   3.4960 -18.3773 25.0 Updated May 10.52 UT            13   0.29 29.1  1.215
ZTF10Dn 100 2026 05 09.3  16.8243 -12.8587 20.2 Updated May 11.31 UT             4   0.04 26.9  2.355
XA9ttXA  97 2026 05 08.8  15.1217  +1.8399 22.6 Updated May 11.23 UT            13   2.46 21.8  0.473
ST26E18 100 2026 05 09.4  15.4660 -14.1768 22.5 Updated May 11.31 UT             4   0.00 30.1  2.325
CELT0C2  79 2026 05 09.2  12.6871 +44.2669 20.9 Updated May 11.05 UT            26   1.80 22.8  0.641
CELRZD2 100 2026 05 09.2  12.5222 +35.7806 22.1 Updated May 11.31 UT             8   0.10 22.6  2.343
TF26E23 100 2026 05 09.2  12.9883  -4.0076 17.6 Updated May 11.68 UT             2   0.00 19.6  2.474
ZTF10Dl 100 2026 05 08.3  18.7791 -15.5296 21.0 Updated May 10.31 UT             4   0.03 27.0  3.322
ST26E14 100 2026 05 08.4  13.3621  -3.3364 17.9 Updated May 10.31 UT             2   0.00 21.3  3.266
P22n0vC  24 2026 05 08.3  14.8054  +9.7923 22.4 Updated May 11.21 UT            25   2.87 19.9  0.486
CELLEH2  86 2026 05 08.3  15.8672 -16.5007 23.4 Updated May 11.31 UT            13   1.86 32.7  1.534
P22n0fQ  97 2026 05 07.4  15.0834  +9.9881 22.5 Updated May 11.31 UT             3   0.04 24.4  4.283
ZTF10Di 100 2026 05 07.4  22.1084 -10.9435 22.8 Updated May 11.31 UT             4   0.02 27.4  4.298
S001563  73 2026 05 07.0  12.9955 -26.9382 21.5 Updated May 11.31 UT             3   0.03 17.9  4.614
P22mZLU  68 2026 05 06.3  11.7978 -16.4059 21.0 Updated May 11.60 UT            17   4.96 20.7  0.458
A11BRI6  51 2026 05 03.0  10.9002 -39.6123 18.8 Updated May 11.39 UT            55   7.13 19.8  1.548
C1EUYV5  35 2026 04 27.5  17.3140 +18.5981 21.7 Updated May 11.29 UT            30  13.80 12.6  0.422
