A11CYQJ 100 2026 05 27.8  16.7494  -9.1988 16.2 Added May 27.94 UT               4   0.01 20.6  0.187
C46D641 100 2026 05 27.3  14.5423 +22.5160 20.4 Added May 27.47 UT               4   0.01 20.7  0.617
C1F44U5 100 2026 05 27.3  16.1194 +42.5276 21.7 Updated May 27.45 UT             8   0.11 25.0  0.515
CEP5YT2 100 2026 05 27.2  14.2348 +38.2335 21.8 Updated May 27.32 UT             7   0.05 21.5  0.653
A11CWPw 100 2026 05 26.6  22.6449 -12.5617 18.2 Added May 26.81 UT               4   0.02 28.7  1.374
P12nfxy 100 2026 05 26.6  17.4326  +3.5220 20.8 Updated May 27.30 UT             9   0.90 24.5  0.661
C1F4195 100 2026 05 26.4  16.1368  +9.7508 22.5 Updated May 26.45 UT             7   0.07 27.6  1.501
P12nfxd 100 2026 05 25.6  17.8056 +17.0202 21.9 Updated May 26.45 UT            14   2.00 22.6  1.515
C1F32J5 100 2026 05 25.4  17.1854 +16.4664 22.0 Updated May 27.70 UT            11   1.88 23.6  0.616
C1F3245  48 2026 05 25.4  16.9810 +10.4720 22.6 Updated May 26.78 UT            11   1.00 20.2  1.505
SJA1250 100 2026 05 24.9  16.7747 +60.7886 20.2 Updated May 27.36 UT             3   0.03 17.1  2.983
C1F2HL5 100 2026 05 25.4  16.5826 -11.9988 22.4 Updated May 27.35 UT             8   0.07 26.0  2.527
C1F1TD5 100 2026 05 25.3  15.8384  +4.5082 24.7 Updated May 26.35 UT             4   0.02 33.6  2.625
C03UYWZ  98 2026 05 23.4  16.7249 +14.9439 22.2 Updated May 27.70 UT            13   5.98 23.1  1.527
P12nfw2  95 2026 05 24.6  21.1473  -3.0912 21.7 Updated May 27.69 UT            14   3.01 20.3  0.348
NAOCLYL  85 2026 05 23.8  15.9076 -17.9748 21.8 Updated May 26.35 UT             4   0.10 21.7  4.097
A11CQzo 100 2026 05 24.4  22.1689 -16.5022 21.6 Updated May 26.35 UT             5   0.05 29.8  3.519
oKr0080 100 2026 05 23.9  23.4941 +18.5991 20.4 Updated May 27.35 UT             3   0.00 18.0  4.064
C1F1535  97 2026 05 24.4  16.7580  +6.9559 22.3 Updated May 26.35 UT            11   0.87 23.3  2.668
C1F0EU5  63 2026 05 24.3  15.3802 -10.0928 22.0 Updated May 27.70 UT            17  13.83 20.0  1.666
6EN3D21 100 2026 05 24.2  16.1860 -80.4130 18.7 Updated May 27.35 UT             3   0.01 20.4  3.719
C1EYPU5 100 2026 05 23.4  15.8904  +3.5544 22.8 Updated May 26.35 UT            11   1.87 24.1  2.705
NAOCBPP  99 2026 05 20.7  14.9264 -21.8533 22.3 Updated May 27.35 UT             4   0.13 22.3  7.104
ST26EC8  98 2026 05 20.4  22.1862 -30.9842 23.9 Updated May 27.35 UT             6   0.14 28.6  7.517
P12nfaz  43 2026 05 20.3  13.2062 -27.2009 22.0 Updated May 26.35 UT            12   2.87 18.3  4.762
NAOCAN7 100 2026 05 17.7  15.2899 -21.9557 21.0 Updated May 26.35 UT             4   0.10 19.7 10.102
KPMa1Ih  87 2026 05 18.1  11.1303 -29.0272 23.5 Updated May 26.35 UT             5   0.01 20.9  9.851
CEMVK32  51 2026 05 17.4  16.3348  +7.3923 21.8 Updated May 27.66 UT            59  13.11 20.1  2.412
