ST26E52 100 2026 05 14.2  13.6324  +0.2382 19.7 Updated May 14.27 UT             4   0.02 25.8  0.010
MZ26075 100 2026 05 13.8  16.5176  -5.9756 19.4 Added May 14.13 UT               3   0.01 25.1  0.454
A11CmCW 100 2026 05 13.3   3.6878 -78.7502 18.6 Added May 13.75 UT               4   0.02 24.5  0.901
A11CmCS 100 2026 05 13.3  16.3640 -39.9017 18.9 Added May 13.75 UT               4   0.04 25.4  0.960
OCA1642  84 2026 05 13.1  13.7671 -31.1621 19.4 Added May 13.56 UT               3   0.02 13.4  1.148
P22nay8  74 2026 05 13.4  15.7619  -1.9459 21.5 Updated May 14.14 UT             6   0.69 16.5  0.148
P22nawA  75 2026 05 13.4  15.1701  -3.1749 21.2 Updated May 14.26 UT            19  15.92 24.7  0.039
A11Cmv6 100 2026 05 13.0   8.6067 -50.5977 18.8 Updated May 14.10 UT            10   0.91 18.6  0.312
P22n4V7  96 2026 05 12.4  14.3734 -19.6091 21.8 Updated May 14.13 UT            15   1.72 21.1  0.160
P22n4V6  74 2026 05 12.4  13.9357 -22.9672 21.6 Updated May 14.23 UT            23   1.84 23.5  0.050
CEM28F2  91 2026 05 12.4  18.1159 +19.6728 20.6 Updated May 14.05 UT            25   1.61 24.7  0.264
P22n4PC  55 2026 05 12.4  13.9685 -13.6185 20.6 Updated May 14.21 UT            17   1.83 21.0  0.083
CEM26R2  13 2026 05 12.4  16.6005 +15.4629 20.6 Updated May 14.25 UT            21   2.69 17.0  0.037
CEM1XD2  13 2026 05 12.3  14.5117 +17.5530 22.2 Updated May 14.22 UT            20   6.88 19.2  0.067
SO0005e 100 2026 05 11.7  23.9029  +3.2555 25.8 Updated May 13.34 UT             3   0.00 28.9  2.565
SO0005d 100 2026 05 11.7  18.8241 -26.2797 21.3 Updated May 13.34 UT             4   0.00 28.3  2.563
SO0005c 100 2026 05 11.7  22.5105 -30.4957 23.1 Updated May 13.34 UT             3   0.00 28.3  2.617
SO0005b 100 2026 05 11.6  22.6624 -11.4025 21.8 Updated May 13.33 UT             3   0.00 26.7  2.628
CELXZH2 100 2026 05 11.3  14.7601 +24.2412 22.6 Updated May 13.34 UT             3   0.01 22.1  2.928
ST26E34 100 2026 05 10.5  14.8529 +18.8102 24.0 Updated May 13.34 UT             2   0.00 28.1  3.815
6E94521  10 2026 05 10.4  19.6160 -62.9616 19.5 Updated May 14.20 UT            41   3.81 19.0  0.100
ST26E18 100 2026 05 09.4  15.5067 -14.5174 24.1 Updated May 13.34 UT             4   0.00 30.3  4.910
CELRZD2 100 2026 05 09.2  12.3971 +36.9795 22.6 Updated May 13.33 UT             8   0.10 22.9  4.927
ST26E14 100 2026 05 08.4  13.3136  -2.7974 18.6 Updated May 13.34 UT             2   0.00 17.6  5.851
P22n0fQ  97 2026 05 07.4  15.0210 +10.7899 21.7 Updated May 13.34 UT             3   0.04 23.4  6.868
S001563  73 2026 05 07.0  12.9883 -27.0514 21.5 Updated May 13.34 UT             3   0.03 18.4  7.199
A11BRI6  10 2026 05 03.0  11.3620 -38.2349 19.2 Updated May 13.96 UT            86  10.91 19.9  0.349
C1EUYV5  35 2026 04 27.5  17.2790 +18.7396 21.9 Updated May 13.76 UT            36 297.21 12.8  0.778
