P12o4vO 100 2026 07 11.6  23.0216  +6.5540 18.4 Added July 11.88 UT              3   0.01 26.9  0.358
P12o4vF  88 2026 07 11.5  22.6918 -18.3387 21.8 Added July 11.86 UT              4   0.03 20.3  0.381
P12o4vm  86 2026 07 11.5  22.4504 -18.0967 20.6 Added July 11.80 UT              4   0.03 18.4  0.382
P12o4vl  99 2026 07 11.5  22.4069 -19.1866 20.8 Added July 11.79 UT              4   0.03 19.1  0.382
P12o4vk 100 2026 07 11.5  22.3406 -20.6799 20.7 Added July 11.79 UT              4   0.03 17.9  0.386
P12o4v9 100 2026 07 11.6  22.9177 -19.2161 20.7 Added July 11.79 UT              3   0.02 21.9  0.379
ZTF10El 100 2026 07 11.3  23.0224  -3.0071 18.8 Added July 11.69 UT              4   0.02 27.9  0.619
ZTF10En 100 2026 07 11.4  21.2730 +21.4401 19.2 Added July 11.69 UT              2   0.00 23.7  0.555
S001621 100 2026 07 11.2  21.9664 -32.6442 20.2 Added July 11.59 UT              3   0.04 20.3  0.691
P12o2DL 100 2026 07 11.5  21.7425  +6.1335 21.4 Updated July 11.60 UT            4   0.04 22.9  0.441
P12o2DM 100 2026 07 11.5  21.6586  +3.7264 21.6 Updated July 11.60 UT            3   0.02 24.6  0.452
A11EvW3  86 2026 07 11.3  18.0884 -13.9803 18.7 Updated July 11.96 UT           31   0.63 27.3  0.007
ST26G35 100 2026 07 11.3  21.9608  +9.1173 19.4 Updated July 11.42 UT           10   0.08 28.0  0.560
CEQM6J2  91 2026 07 11.3  21.4105 -13.5163 19.1 Updated July 11.71 UT           21   1.32 25.8  0.283
A11EvW0 100 2026 07 11.3  19.4393 -27.0404 19.1 Added July 11.32 UT              4   0.02 24.9  0.682
ST26G30  98 2026 07 11.2  18.7152 +10.4595 18.8 Updated July 11.95 UT           11   0.72 28.1  0.014
ST26G29  98 2026 07 11.2  18.6666 +13.2985 18.6 Updated July 11.94 UT            7   0.70 25.7  0.036
ST26G26 100 2026 07 10.5  20.4754  +3.1548 20.3 Updated July 10.83 UT            4   0.01 26.8  1.491
A11Evr9 100 2026 07 10.0  21.6700 -52.0489 18.0 Added July 10.39 UT              7   0.03 23.3  1.885
TF26G22 100 2026 07 10.3  18.5727 +12.8973 19.5 Updated July 11.28 UT            2   0.94 25.8  0.721
ST26G18 100 2026 07 10.3  22.3843 +66.9525 21.0 Updated July 10.38 UT            4   0.02 25.7  1.627
ST26G17 100 2026 07 10.3  21.7737  -1.5424 20.0 Added July 10.37 UT              2   0.00 26.3  1.669
CEQKE72  75 2026 07 10.3  16.2705 +11.2402 20.9 Updated July 11.96 UT           27   1.68 23.1  0.019
A11Evap  76 2026 07 09.9  19.8169 -37.0984 19.3 Updated July 11.90 UT           17   1.97 21.9  0.066
P12o0YY  99 2026 07 09.5  20.7624 -21.6465 20.9 Updated July 11.23 UT            6   0.08 19.1  2.414
CEQJF02  86 2026 07 09.3  22.8493 +13.9990 21.2 Updated July 11.42 UT           19   1.83 27.1  0.791
P12o0Y1 100 2026 07 08.5  20.2471 -29.6694 21.3 Updated July 10.65 UT           12  18.41 22.4  1.994
P12nXce 100 2026 07 08.5  21.8195 -33.7111 21.1 Updated July 11.49 UT           11   2.75 21.5  0.695
P12nXcA  68 2026 07 08.5  21.0297 -24.9611 19.7 Updated July 11.45 UT           18   2.62 22.8  0.836
A11EpSe  75 2026 07 08.2  19.6512 -29.7285 19.2 Updated July 11.89 UT           16   3.70 19.0  0.083
W2nCdO   79 2026 07 07.4  19.1435 -24.6600 23.8 Updated July 11.23 UT           11  19.01 26.6  2.534
ST26G01  98 2026 07 07.2  20.9116 -59.9041 21.7 Updated July 11.23 UT           14   0.10 27.0  4.607
P22nTNT  10 2026 07 06.5  18.2969 +17.4302 21.0 Updated July 11.23 UT           24   2.71 19.0  2.785
P22nTLB  21 2026 07 06.3  17.6831  +7.5824 22.2 Updated July 11.23 UT           20   2.87 19.6  2.778
MAS0006  35 2026 06 19.3  18.3581 +23.9152 20.0 Updated July 11.89 UT          142  21.65  9.0  1.009
OMO0297  87 2026 06 25.8  23.6829  +3.8883 21.9 Updated July 10.23 UT           12  12.63 20.1  3.503
P22nJzF  35 2026 06 22.5  22.5015 +18.8754 21.5 Updated July 10.42 UT           23  25.46 14.1  1.950
