ST26EA7 100 2026 05 18.5  16.0885  +7.6744 16.9 Added May 18.76 UT               2   0.00 18.0  0.364
KPMa1Ih  82 2026 05 18.1  11.1359 -24.9051 23.2 Added May 18.68 UT               5   0.01 21.2  0.762
A11CDyX 100 2026 05 18.0  10.8066 -33.1597 19.6 Added May 18.22 UT               4   0.02 21.1  0.797
P22nf7G 100 2026 05 17.6  16.2165 +35.2361 22.1 Added May 17.77 UT               4   0.04 22.8  1.259
P22nf3F  32 2026 05 17.5  17.5990 +37.0823 21.4 Updated May 18.35 UT            12   0.81 19.0  0.563
CEMVK32 100 2026 05 17.4  17.0191 +11.7359 21.7 Updated May 18.33 UT            30   5.77 20.2  0.658
A11Cvk7 100 2026 05 16.9  13.5694 -72.1966 19.6 Updated May 18.37 UT             4   0.03 22.7  1.935
CEMRK82  84 2026 05 16.5  21.5823 -10.1762 21.5 Updated May 18.37 UT             3   0.01 17.3  2.400
A11Cswo 100 2026 05 16.0  17.1658 -23.2521 18.5 Updated May 18.37 UT             4   0.02 20.9  2.862
ST26E84  98 2026 05 15.4  15.4804 +10.6832 20.8 Updated May 18.37 UT             6   0.47 26.4  2.975
ST26E75  98 2026 05 15.2   2.5119 -22.6861 26.7 Updated May 18.37 UT             7   0.09 28.6  3.544
P12neKs  35 2026 05 14.6  18.2469 +57.7323 20.2 Updated May 18.80 UT            60   3.67 15.3  0.625
CEMAUH2 100 2026 05 14.4  15.9834 -13.0724 21.2 Updated May 18.39 UT             6   0.07 23.9  4.421
C1EUYV5  35 2026 04 27.5  17.2150 +18.9656 21.9 Updated May 16.81 UT            36 300.17 12.8  2.402
