A11D0Xd 100 2026 05 30.0  19.4969 -42.4096 18.1 Added May 30.31 UT               4   0.01 22.7  1.316
NAOCYLA 100 2026 05 27.7  16.1951 -20.3387 20.8 Updated May 30.38 UT             4   0.13 22.3  3.490
C07PYDZ 100 2026 05 27.2  14.3127 +47.9932 21.6 Updated May 30.37 UT             4   0.02 20.0  4.155
A11CWPw 100 2026 05 26.6   6.7593 +29.0403 25.2 Updated May 30.37 UT             4   0.02 28.9  4.781
C1F4195 100 2026 05 26.4  16.1794 +12.8338 23.3 Updated May 30.38 UT             7   0.07 27.5  4.908
C1F3245  48 2026 05 25.4  16.9046 +10.0974 22.6 Updated May 30.37 UT            11   1.00 20.3  4.912
C1F2HL5 100 2026 05 25.4  16.9772 -12.7840 22.6 Updated May 30.38 UT             8   0.07 26.3  5.934
NAOCLYL  85 2026 05 23.8  15.9223 -14.8431 22.1 Updated May 30.38 UT             4   0.10 21.5  7.504
A11CQzo 100 2026 05 24.4  22.6207 -15.2840 23.2 Updated May 30.38 UT             5   0.05 29.8  6.926
oKr0080 100 2026 05 23.9  23.5003 +18.7015 20.1 Updated May 30.38 UT             3   0.00 16.1  7.471
6EN3D21 100 2026 05 24.2  15.7544 -81.1024 19.4 Updated May 30.38 UT             3   0.01 18.7  7.126
NAOCBPP  99 2026 05 20.7  14.9741 -23.4870 22.7 Updated May 30.37 UT             4   0.13 22.5 10.511
P12nfaz  43 2026 05 20.3  13.1904 -26.5691 22.1 Updated May 29.78 UT            12   2.87 18.4  8.169
