SO0006A 100 2026 05 22.7  21.0524 -35.6499 19.1 Added May 22.70 UT               4   0.01 23.9  0.222
MKp7968  83 2026 05 17.7  14.1206  +5.4830 21.9 Updated May 22.83 UT             8  26.24 23.2  1.207
C46CH71  88 2026 05 22.3  15.1935 +23.2801 19.4 Updated May 22.90 UT            28   2.49 23.8  0.019
ST26EE4  98 2026 05 22.3  18.3887 +18.5858 20.9 Updated May 22.46 UT            18   0.13 29.0  0.455
CENU0L2  98 2026 05 22.2  14.0928  -3.0485 21.9 Updated May 22.37 UT             9   0.13 27.4  0.543
CENV8M2  88 2026 05 22.3  19.2021 +35.0946 17.0 Updated May 22.84 UT            21   0.55 31.3  0.076
NAOCBPP  99 2026 05 20.7  14.8520 -18.6819 22.1 Updated May 22.70 UT             4   0.13 22.4  2.059
8N2S001 100 2026 05 22.0  17.7230 +14.1804 19.0 Added May 22.24 UT               3   0.01 24.4  0.857
Sar2899  98 2026 05 22.0  15.9446 +11.4183 21.0 Updated May 22.45 UT            24   0.46 29.6  0.463
CZYNHKZ 100 2026 05 14.4  16.3629  +2.3747 21.4 Updated May 22.04 UT             4   0.02 22.8  8.523
C46CD31 100 2026 05 21.4  23.7117  -5.0450 22.6 Updated May 21.45 UT             5   0.05 28.5  1.467
ST26ED8  79 2026 05 21.3  17.6102 +19.3694 20.4 Updated May 22.42 UT            39   1.08 25.8  0.496
ST26ED1  98 2026 05 21.2   1.1555 -16.4931 24.5 Updated May 21.71 UT            20   0.16 30.2  1.525
TF26EE0 100 2026 05 20.5  16.3977  +8.8028 23.2 Updated May 22.38 UT             4   0.02 28.7  2.426
ST26EC8  98 2026 05 20.4  19.6870 -26.3563 20.8 Updated May 21.71 UT             6   0.14 28.6  2.472
ST26EC7  98 2026 05 20.4   2.3682  -8.3723 28.4 Updated May 21.71 UT             6   0.11 30.2  2.478
ST26EC5 100 2026 05 20.3  15.8425 -14.8316 19.5 Updated May 22.38 UT             4   0.03 24.9  2.571
P12nffX  10 2026 05 20.5  16.3612 -20.9026 21.7 Updated May 22.44 UT            15   7.94 19.3  0.513
P12nffV  45 2026 05 20.5  16.4980 -18.5602 20.5 Updated May 22.27 UT            23   2.72 20.2  0.875
P12nfaz  48 2026 05 20.3  13.2410 -28.1515 22.0 Updated May 22.18 UT            10   1.84 18.4  0.741
NAOCAN7 100 2026 05 17.7  15.2771 -21.8171 20.7 Updated May 22.38 UT             4   0.10 19.7  5.057
KPMa1Ih  87 2026 05 18.1  11.1243 -26.8113 23.3 Updated May 22.38 UT             5   0.01 20.8  4.806
CEMVK32  55 2026 05 17.4  16.6929  +9.7928 21.6 Updated May 21.47 UT            47   9.02 20.1  1.451
P12neKs  35 2026 05 14.6  18.1177 +57.3310 20.0 Updated May 22.02 UT           121   7.45 15.2  0.891
