CEP5WY2 100 2026 05 26.4  18.9874 +40.7354 21.0 Updated May 26.48 UT             7   0.03 21.3  0.102
C1F41L5 100 2026 05 26.4  15.9988  +7.9719 19.8 Updated May 26.44 UT             8   0.05 23.7  0.142
CEP5WU2 100 2026 05 26.4  17.4790 +49.9182 21.1 Updated May 26.44 UT            10   0.06 26.1  0.143
C1F4195 100 2026 05 26.4  16.1093  +7.7229 22.1 Updated May 26.45 UT             7   0.07 27.6  0.124
C1F4075 100 2026 05 26.4  16.0477 +27.6705 22.3 Updated May 26.48 UT             8   0.11 24.9  0.102
P12nfxd  96 2026 05 25.6  17.8281 +16.4287 21.9 Updated May 26.45 UT            14   2.00 22.6  0.139
C1F32J5 100 2026 05 25.4  17.2010 +13.6989 21.9 Updated May 26.31 UT             7   0.85 23.5  0.276
C1F3245  73 2026 05 25.4  17.0111 +10.5965 22.5 Updated May 26.45 UT             8   1.00 20.1  0.128
SJA1250 100 2026 05 24.9  16.8608 +61.3580 20.3 Added May 25.42 UT               3   0.03 17.5  1.607
C1F2X35  84 2026 05 25.4  16.3293  +0.8489 21.8 Updated May 26.47 UT            16   1.09 22.7  0.115
C1F2HL5 100 2026 05 25.4  16.4141 -11.6480 22.4 Updated May 25.43 UT             8   0.07 25.5  1.150
C1F1TD5 100 2026 05 25.3  15.7518  +4.7275 23.7 Updated May 26.35 UT             4   0.02 33.6  1.249
C03UYWZ 100 2026 05 23.4  16.7405 +12.4879 22.4 Updated May 26.16 UT             7   2.00 23.1  1.133
A11CUyv  94 2026 05 24.1  17.5794 -56.6101 19.2 Updated May 26.35 UT            17   1.97 19.1  0.464
P12nfw2 100 2026 05 24.6  21.0690  -3.6591 21.7 Updated May 26.34 UT             8   1.73 20.3  0.255
NAOCLYL  85 2026 05 23.8  15.9017 -19.2890 21.7 Updated May 26.35 UT             4   0.10 21.7  2.721
A11CQzo 100 2026 05 24.4  21.5927 -17.7645 20.4 Updated May 26.35 UT             5   0.05 29.8  2.143
oKr0080 100 2026 05 23.9  23.4894 +18.5541 20.2 Updated May 26.34 UT             3   0.00 17.1  2.687
C1F1535  97 2026 05 24.4  16.7578  +6.5702 22.4 Updated May 26.35 UT            11   0.87 23.3  1.292
C1F0EU5  80 2026 05 24.3  15.4081 -10.0889 22.0 Updated May 26.33 UT            13   1.97 20.0  0.289
C1F0295  80 2026 05 24.3  15.3124  -7.0521 22.1 Updated May 26.10 UT            20   1.78 22.2  0.486
6EN3D21 100 2026 05 24.2  16.4450 -79.8588 18.7 Updated May 25.35 UT             3   0.01 21.1  2.342
C1EYPU5 100 2026 05 23.4  15.8665  +3.3695 22.8 Updated May 26.35 UT            11   1.87 24.1  1.328
C1EYD55  24 2026 05 23.3  15.7368 -13.5953 22.2 Updated May 26.43 UT            18   3.07 20.5  0.172
NAOCBPP  99 2026 05 20.7  14.9052 -21.0257 22.3 Updated May 25.35 UT             4   0.13 22.4  5.727
ST26ED1  98 2026 05 21.2   1.7409 -14.4816 28.1 Updated May 25.35 UT            20   0.16 30.2  5.193
ST26EC8  98 2026 05 20.4  21.9151 -31.0157 23.4 Updated May 25.35 UT             6   0.14 28.6  6.140
ST26EC7  98 2026 05 20.4   2.4844  -8.3795 30.3 Updated May 25.35 UT             6   0.11 30.3  6.147
P12nfaz  43 2026 05 20.3  13.2143 -27.4592 22.0 Updated May 26.35 UT            12   2.87 18.3  3.385
NAOCAN7 100 2026 05 17.7  15.2863 -21.9216 21.0 Updated May 26.35 UT             4   0.10 19.7  8.725
KPMa1Ih  87 2026 05 18.1  11.1265 -28.4500 23.5 Updated May 26.35 UT             5   0.01 20.9  8.475
CEMVK32  53 2026 05 17.4  16.4270  +8.0392 21.7 Updated May 26.27 UT            52  11.97 20.1  2.173
P12neKs  35 2026 05 14.6  17.9942 +56.8444 19.9 Updated May 26.32 UT           173  11.53 15.1  0.475
