A11EBEK 100 2026 07 12.1  20.4873 -47.7479 19.4 Updated July 13.24 UT           12   0.93 23.1  0.218
P12o4vO 100 2026 07 11.6   9.2875 -11.7439 24.0 Updated July 13.24 UT            3   0.01 26.0  1.691
P12o4vF  96 2026 07 11.5  22.7121 -18.3319 22.0 Updated July 12.57 UT            7   1.01 19.4  0.736
P12o4vm  84 2026 07 11.5  22.4652 -18.2660 20.9 Updated July 12.57 UT            7   1.01 18.4  0.741
P12o4vl  97 2026 07 11.5  22.4211 -19.0602 20.7 Updated July 12.55 UT            7   1.00 18.5  0.747
P12o4vk  66 2026 07 11.5  22.3587 -20.8617 20.7 Updated July 12.55 UT           10  21.97 19.1  0.752
P12o4v9 100 2026 07 11.6  23.0156 -18.4471 20.8 Updated July 12.58 UT            8   1.00 21.3  0.729
ZTF10El 100 2026 07 11.3   0.3174  -3.1273 21.1 Updated July 13.24 UT            4   0.02 27.7  1.952
ZTF10En 100 2026 07 11.4   9.9283 -26.0810 27.2 Updated July 13.24 UT            2   0.00 29.8  1.889
S001621 100 2026 07 11.2  22.0474 -33.0561 20.0 Updated July 13.24 UT            3   0.04 19.6  2.024
P12o2DL  79 2026 07 11.5  21.7668  +7.8681 21.4 Updated July 13.29 UT           19   1.66 22.1  0.147
A11EvW0 100 2026 07 11.3  19.9545 -26.4115 19.4 Updated July 13.23 UT            4   0.02 24.9  2.015
ST26G26 100 2026 07 10.5  20.4923  +1.3546 21.4 Updated July 12.25 UT            4   0.01 27.0  2.824
A11Evr9 100 2026 07 10.0  20.9690 -47.5090 17.9 Updated July 13.27 UT           15   2.85 24.2  0.396
TF26G22 100 2026 07 10.3  11.5993 -10.4720 22.7 Updated July 13.24 UT            4   0.94 24.8  2.054
ST26G18 100 2026 07 10.3   8.1413 +52.8887 26.6 Updated July 12.25 UT            4   0.02 26.1  2.960
ST26G17 100 2026 07 10.3   7.7017 -18.3429 28.4 Updated July 12.25 UT            2   0.00 28.8  3.003
A11Evap 100 2026 07 09.9  19.8360 -34.6538 19.1 Updated July 12.65 UT           22   2.25 21.9  1.116
P12o0YY  99 2026 07 09.5  20.7044 -20.9716 20.8 Updated July 12.25 UT            6   0.08 18.9  3.748
CEQJF02  74 2026 07 09.3  23.2180 +13.3269 21.8 Updated July 12.54 UT           26   3.01 27.2  0.941
P12o0Y1 100 2026 07 08.5  20.1533 -29.2846 21.3 Updated July 12.25 UT           12  18.41 22.5  3.327
P12nXce 100 2026 07 08.5  21.7254 -35.2437 21.1 Updated July 12.31 UT           14   3.65 21.5  1.131
P12nXcA  78 2026 07 08.5  20.9199 -22.0228 19.2 Updated July 13.24 UT           21   3.51 22.8  1.276
A11EpSe  80 2026 07 08.2  19.6367 -29.5008 19.2 Updated July 13.23 UT           16   3.70 19.0  1.416
W2nCdO   79 2026 07 07.4  19.1672 -24.8434 24.0 Updated July 12.25 UT           11  19.01 26.6  3.867
ST26G01  98 2026 07 07.2  21.4462 -61.3988 22.3 Updated July 12.25 UT           14   0.10 27.0  5.941
P22nTNT  10 2026 07 06.5  18.2847 +17.0264 21.2 Updated July 13.19 UT           29   6.73 19.2  0.106
MAS0006  35 2026 06 19.3  18.3495 +23.9368 19.9 Updated July 13.02 UT          153  23.31  8.9  0.680
OMO0297  87 2026 06 25.8  23.7262  +3.9672 21.8 Updated July 12.25 UT           12  12.63 20.1  4.837
P22nJzF  35 2026 06 22.5  22.4791 +18.7862 21.5 Updated July 12.25 UT           23  25.46 14.1  3.283
