SO0006A 100 2026 05 22.7  21.1217 -35.7911 19.1 Added May 22.70 UT               4   0.01 23.9  0.264
MKp7968  83 2026 05 17.7  14.1203  +5.5103 21.9 Updated May 22.83 UT             8  26.24 23.2  1.248
C46CH71  93 2026 05 22.3  15.1946 +22.8943 19.4 Updated May 22.94 UT            54   2.52 23.8  0.023
ST26EE4  98 2026 05 22.3  18.4060 +18.7824 21.0 Updated May 22.46 UT            18   0.13 29.0  0.496
CENU0L2  98 2026 05 22.2  14.1008  -2.9844 22.0 Updated May 22.37 UT             9   0.13 27.4  0.585
CENV8M2  88 2026 05 22.3  21.5341 +39.0722 18.0 Updated May 22.84 UT            21   0.55 31.3  0.118
NAOCBPP  99 2026 05 20.7  14.8525 -18.7095 22.1 Updated May 22.70 UT             4   0.13 22.4  2.101
8N2S001 100 2026 05 22.0  17.7129 +13.8965 19.0 Added May 22.24 UT               3   0.01 24.4  0.899
Sar2899  86 2026 05 22.0  15.9286 +11.3918 21.0 Updated May 22.94 UT            30   0.95 29.6  0.017
CZYNHKZ 100 2026 05 14.4  16.3615  +2.3660 21.4 Updated May 22.04 UT             4   0.02 22.8  8.564
C46CD31 100 2026 05 21.4  23.7893  -4.9819 22.7 Updated May 21.45 UT             5   0.05 28.5  1.508
ST26ED8  72 2026 05 21.3  17.5988 +19.6712 20.4 Updated May 22.93 UT            41   1.59 25.8  0.035
ST26ED1  98 2026 05 21.2   1.1850 -16.4031 24.7 Updated May 21.71 UT            20   0.16 30.2  1.566
TF26EE0 100 2026 05 20.5  16.3966  +8.8040 23.2 Updated May 22.38 UT             4   0.02 28.7  2.467
ST26EC8  98 2026 05 20.4  19.7404 -26.5721 20.9 Updated May 21.71 UT             6   0.14 28.6  2.514
ST26EC7  98 2026 05 20.4   2.3717  -8.3750 28.5 Updated May 21.71 UT             6   0.11 30.2  2.520
ST26EC5 100 2026 05 20.3  15.8261 -14.9410 19.5 Updated May 22.38 UT             4   0.03 24.9  2.612
P12nffX  10 2026 05 20.5  16.3605 -20.9065 21.7 Updated May 22.44 UT            15   7.94 19.3  0.554
P12nffV  45 2026 05 20.5  16.4978 -18.5423 20.5 Updated May 22.27 UT            23   2.72 20.2  0.917
P12nfaz  48 2026 05 20.3  13.2407 -28.1436 22.0 Updated May 22.18 UT            10   1.84 18.4  0.783
NAOCAN7 100 2026 05 17.7  15.2772 -21.8182 20.7 Updated May 22.38 UT             4   0.10 19.7  5.099
KPMa1Ih  87 2026 05 18.1  11.1242 -26.8301 23.3 Updated May 22.38 UT             5   0.01 20.8  4.848
CEMVK32  55 2026 05 17.4  16.6898  +9.7728 21.6 Updated May 21.47 UT            47   9.02 20.1  1.493
P12neKs  35 2026 05 14.6  18.1163 +57.3261 20.0 Updated May 22.02 UT           121   7.45 15.2  0.932
