P22n4V7 100 2026 05 12.4  14.4275 -20.2240 21.6 Added May 12.47 UT               3   0.04 22.3  0.097
P22n4V6 100 2026 05 12.4  14.0376 -22.8283 21.6 Added May 12.47 UT               4   0.04 17.8  0.101
P22n4V9  97 2026 05 12.4  14.4006 -16.6561 21.8 Added May 12.46 UT               4   0.04 23.9  0.096
P22n4V8 100 2026 05 12.4  14.3860 -15.8725 21.0 Added May 12.46 UT               3   0.02 22.2  0.096
CEM28F2 100 2026 05 12.4  17.4306 +15.2563 21.1 Updated May 12.47 UT             9   0.06 25.2  0.063
P22n4PE 100 2026 05 12.3  13.6436  -9.5500 20.3 Added May 12.43 UT               3   0.04 24.6  0.144
P22n4PD 100 2026 05 12.4  13.7450  -8.3384 20.8 Added May 12.42 UT               3   0.02 25.9  0.141
P22n4PC  69 2026 05 12.4  13.9735 -14.9846 20.7 Added May 12.42 UT               3   0.02 18.6  0.138
P22n4PB  93 2026 05 12.3  13.6412 -10.4114 20.8 Added May 12.42 UT               4   0.04 20.8  0.144
C469Q01 100 2026 05 12.4  16.5786  -5.5283 18.3 Updated May 12.47 UT            12   0.07 26.5  0.056
CEM26R2  69 2026 05 12.4  16.6317 +15.5409 20.7 Updated May 12.43 UT             7   0.04 17.8  0.098
C469P61 100 2026 05 12.4  15.7594  -7.0968 18.7 Updated May 12.44 UT            11   0.07 27.5  0.085
CEM1YU2  98 2026 05 12.3  15.1955 +12.5374 20.6 Updated May 12.43 UT            12   0.10 28.1  0.100
CEM20F2  98 2026 05 12.3  14.8173 +17.6592 21.9 Updated May 12.43 UT            12   0.10 27.0  0.096
ST26E46 100 2026 05 12.3  16.9452 -20.2635 18.8 Updated May 12.39 UT       S     7   0.07 32.8  0.138
CEM1XD2  75 2026 05 12.3  14.5490 +17.7849 22.0 Updated May 12.41 UT            11   0.11 17.1  0.110
ST26E41  98 2026 05 12.3  15.1622 -16.2755 19.3 Updated May 12.40 UT            12   0.11 28.7  0.132
CEM1R02 100 2026 05 12.3  13.6635 +16.8943 21.6 Updated May 12.42 UT            12   0.14 21.2  0.105
ST26E39 100 2026 05 12.2  13.0290 -19.3057 19.4 Updated May 12.26 UT            10   0.07 23.5  0.261
6EB3121 100 2026 05 12.0  10.2954  -8.9219 20.0 Updated May 12.18 UT             9   0.19 23.7  0.360
SO0005e 100 2026 05 11.7  21.4809 -22.4475 20.4 Added May 12.10 UT               3   0.00 28.8  0.813
SO0005d 100 2026 05 11.7  17.7864 -30.8612 18.9 Added May 12.10 UT               4   0.00 27.8  0.812
SO0005c 100 2026 05 11.7  19.5391 -36.5008 19.8 Added May 12.05 UT               3   0.00 28.5  0.866
SO0005b 100 2026 05 11.6  21.8762 -18.8566 18.9 Added May 12.04 UT               3   0.00 26.6  0.877
C469HY1  91 2026 05 11.4  18.1864 +27.0588 18.7 Updated May 12.32 UT            40   0.92 25.7  0.207
CELXZH2 100 2026 05 11.3  14.7921 +24.0771 22.7 Added May 11.37 UT               3   0.01 22.0  1.176
CELXRN2  89 2026 05 11.3  13.1107 +27.0607 21.0 Updated May 12.27 UT            32   0.90 22.3  0.348
TF26E51 100 2026 05 11.3  15.3525  +8.7794 20.8 Updated May 12.32 UT             2   0.00 26.6  1.250
ST26E34 100 2026 05 10.5  14.8784 +17.6656 22.8 Updated May 12.32 UT             2   0.00 28.1  2.063
6E94521  84 2026 05 10.4  19.4510 -58.8534 19.5 Updated May 12.49 UT            28   2.04 19.0  0.121
XA9ttXA  77 2026 05 08.8  15.1044  +1.8772 22.5 Updated May 12.19 UT            16   3.41 21.8  0.356
ST26E18 100 2026 05 09.4  15.4936 -14.4643 23.1 Updated May 11.31 UT             4   0.00 30.1  3.158
CELRZD2 100 2026 05 09.2  12.4746 +36.2478 22.2 Updated May 12.32 UT             8   0.10 22.7  3.176
TF26E23 100 2026 05 09.2  12.9278  -3.6108 17.9 Updated May 12.51 UT             2   0.00 19.6  3.307
ZTF10Dl 100 2026 05 08.3  18.9049 -15.5269 21.4 Updated May 12.32 UT             4   0.03 26.9  4.156
ST26E14 100 2026 05 08.4  13.3467  -3.1785 18.2 Updated May 12.32 UT             2   0.00 19.8  4.099
P22n0vC  10 2026 05 08.3  14.7850  +9.6667 22.3 Updated May 12.45 UT            31   4.10 19.9  0.095
P22n0fQ  97 2026 05 07.4  15.0785 +10.0511 22.7 Updated May 11.31 UT             3   0.04 24.4  5.117
S001563  73 2026 05 07.0  12.9937 -26.9769 21.6 Updated May 12.31 UT             3   0.03 18.9  5.447
P22mZLU  73 2026 05 06.3  11.8305 -15.7285 21.0 Updated May 11.60 UT            17   4.96 20.7  1.291
A11BRI6  35 2026 05 03.0  11.0653 -39.1700 19.0 Updated May 12.26 UT            64   9.09 19.9  0.418
C1EUYV5  35 2026 04 27.5  17.3028 +18.6447 21.7 Updated May 12.32 UT            30  13.80 12.6  1.255
