A11EQfd 100 2026 07 16.4  19.7464 -15.4790 19.1 Added July 16.79 UT              4   0.04 26.0  0.638
ZTF10Er 100 2026 07 16.3   0.4949 -51.0017 18.5 Added July 16.64 UT              4   0.04 26.6  0.746
P12ooQQ  96 2026 07 16.6  20.9650  +2.1578 21.3 Added July 16.64 UT              3   0.03 19.4  0.545
ZTF10Eq  98 2026 07 16.3  20.4309 -11.4484 20.2 Updated July 17.02 UT            9   0.69 27.4  0.108
P22ooQq 100 2026 07 16.6   1.9351 +10.1534 21.0 Added July 16.64 UT              4   0.02 21.2  0.523
P22ooPS 100 2026 07 16.5  23.3144 +20.3928 21.0 Added July 16.57 UT              3   0.02 23.2  0.603
P22ooOY 100 2026 07 16.5  22.9398 +15.6654 21.2 Updated July 16.70 UT            5   0.08 23.8  0.588
P22ooOw  97 2026 07 16.3  17.7146 +55.3387 22.2 Added July 16.44 UT              4   0.04 19.4  0.760
P12ooOz 100 2026 07 16.3  15.9628 +20.3695 21.3 Updated July 16.70 UT            5   0.09 21.9  0.684
P12ooOy 100 2026 07 16.3  15.1663 +18.1259 22.3 Updated July 16.43 UT            4   0.04 21.7  0.744
P22ooOt  85 2026 07 16.4  20.9170 +15.4896 22.2 Updated July 16.70 UT            5   0.07 20.4  0.678
P22ooOs 100 2026 07 16.4  20.5773 +10.2742 21.9 Updated July 16.70 UT            5   0.07 22.5  0.680
ST26G49 100 2026 07 16.4  20.2809 -18.8701 17.1 Updated July 17.01 UT            4   0.04 27.5  0.716
ST26G46  86 2026 07 16.3  21.4651  +2.3434 19.5 Updated July 17.06 UT           25   0.75 26.6  0.089
orA4471 100 2026 07 15.9  16.2704 -18.1435 19.9 Added July 16.21 UT              3   0.01 20.0  1.233
X89848   77 2026 07 14.8  22.0962 -13.0694 19.7 Added July 16.07 UT              3   0.03 15.4  2.340
P12onSk  87 2026 07 15.5  22.3150 -32.3557 21.2 Updated July 16.58 UT            6   1.06 20.8  0.559
P12onSi  79 2026 07 15.5  22.0056 -23.8038 20.8 Updated July 15.64 UT            6   0.09 18.4  1.528
P12onSj 100 2026 07 15.5  22.7832 -28.8149 20.9 Updated July 15.64 UT            6   0.08 18.9  1.530
ZTF10Ep 100 2026 07 15.3   3.4089  -4.1183 21.6 Added July 15.58 UT              4   0.04 26.9  1.746
P12onRT 100 2026 07 15.4  20.4379 -39.6767 19.9 Updated July 16.67 UT           10   0.70 20.9  0.982
W2onRQ  100 2026 07 15.4  19.9948 -22.7787 19.9 Added July 15.55 UT              4   0.00 26.5  1.700
P12onRm  96 2026 07 15.4  19.6911 -25.1594 21.0 Updated July 15.63 UT            5   0.13 20.5  1.611
ST26G39  79 2026 07 15.2  18.0458 +36.8549 21.2 Updated July 17.06 UT           23   1.77 25.9  0.131
P12onNw  35 2026 07 14.3  17.5107  -1.7178 20.6 Updated July 15.87 UT           17   3.16 12.1  1.705
P12omkc  71 2026 07 14.4  19.6389 -37.7871 21.0 Updated July 16.54 UT            7   2.02 20.6  0.688
TF26G22 100 2026 07 10.3   7.7570 -18.2167 29.5 Updated July 16.23 UT            2   0.00 28.2  6.820
ST26G01  98 2026 07 07.2  22.2776 -62.5360 23.4 Updated July 15.23 UT           14   0.10 27.0  9.774
P22nJzF  35 2026 06 22.5  22.4121 +18.5005 21.5 Updated July 16.01 UT           26 300.05 14.1  1.685
