P22nay8  81 2026 05 13.4  15.7821  -1.8111 21.3 Added May 13.52 UT               3   0.02 22.9  0.069
P22nawA 100 2026 05 13.4  15.1382  -3.2444 20.9 Added May 13.52 UT               3   0.02 22.1  0.066
ST26E50  98 2026 05 13.2  14.5435  -3.3335 19.7 Updated May 13.45 UT            10   0.19 26.7  0.079
A11Cmv6  98 2026 05 13.0   8.7029 -50.8848 18.6 Updated May 13.51 UT             7   0.43 17.7  0.045
ST26E47  91 2026 05 12.4  15.0837 -20.5260 19.2 Updated May 13.33 UT            17   0.91 25.0  0.199
P22n55t  36 2026 05 12.4  15.0227 -13.5698 21.4 Updated May 13.34 UT            11   5.01 19.8  0.192
P22n52K  74 2026 05 12.4  15.1744 -11.7373 21.2 Updated May 13.50 UT            20   5.15 25.0  0.036
P22n4V7 100 2026 05 12.4  14.3965 -19.8751 21.8 Updated May 13.34 UT            12   0.95 21.1  0.188
P22n4V6  91 2026 05 12.4  13.9805 -22.9062 21.6 Updated May 13.32 UT            16   0.93 23.5  0.211
P22n4V9  83 2026 05 12.4  14.4230 -15.6349 21.8 Updated May 13.50 UT            17   1.09 24.7  0.041
CEM28F2 100 2026 05 12.4  17.7876 +17.6534 21.0 Updated May 13.37 UT            15   0.97 25.1  0.154
P22n4PC  67 2026 05 12.4  13.9705 -14.2021 20.7 Updated May 13.03 UT             8   0.65 21.2  0.513
P22n4PB  72 2026 05 12.3  13.6718  -9.4913 21.1 Updated May 13.33 UT            19  25.87 24.0  0.215
CEM26R2  25 2026 05 12.4  16.6140 +15.4986 20.6 Updated May 13.26 UT            16   1.45 17.0  0.531
CEM1XD2 100 2026 05 12.3  14.5273 +17.6564 22.1 Updated May 12.41 UT            11   0.11 17.1  1.112
CEM1R02  91 2026 05 12.3  13.5894 +16.9384 21.7 Updated May 13.19 UT            18   0.89 22.1  0.349
6EB3121  81 2026 05 12.0  10.3536 -13.8969 20.0 Updated May 13.28 UT            19   1.16 23.9  0.383
SO0005e 100 2026 05 11.7  23.7179  +1.1099 24.7 Updated May 13.34 UT             3   0.00 28.9  1.815
SO0005d 100 2026 05 11.7  18.5765 -27.5875 20.6 Updated May 13.34 UT             4   0.00 28.3  1.813
SO0005c 100 2026 05 11.7  21.9800 -32.8788 22.1 Updated May 13.34 UT             3   0.00 28.3  1.867
SO0005b 100 2026 05 11.6  22.4650 -13.3661 20.9 Updated May 13.33 UT             3   0.00 26.7  1.878
CELXZH2 100 2026 05 11.3  14.7741 +24.1785 22.6 Updated May 13.34 UT             3   0.01 22.1  2.178
ST26E34 100 2026 05 10.5  14.8633 +18.3569 23.6 Updated May 13.34 UT             2   0.00 28.1  3.065
6E94521  84 2026 05 10.4  19.5408 -61.2046 19.6 Updated May 13.15 UT            31   2.77 19.1  0.394
XA9ttXA  75 2026 05 08.8  15.0833  +1.9163 22.5 Updated May 13.17 UT            19   4.39 21.8  0.375
ST26E18 100 2026 05 09.4  15.4975 -14.4163 23.7 Updated May 13.34 UT             4   0.00 30.3  4.160
CELRZD2 100 2026 05 09.2  12.4264 +36.7089 22.4 Updated May 13.33 UT             8   0.10 22.9  4.177
ZTF10Dl 100 2026 05 08.3  19.0353 -15.5033 21.9 Updated May 13.34 UT             4   0.03 26.9  5.157
ST26E14 100 2026 05 08.4  13.3269  -2.9446 18.5 Updated May 13.34 UT             2   0.00 17.6  5.101
P22n0fQ  97 2026 05 07.4  15.0320 +10.6579 21.7 Updated May 13.34 UT             3   0.04 23.4  6.118
S001563  73 2026 05 07.0  12.9906 -27.0169 21.5 Updated May 13.34 UT             3   0.03 18.4  6.449
A11BRI6  35 2026 05 03.0  11.2425 -38.6333 19.1 Updated May 13.46 UT            81  10.09 19.9  0.423
C1EUYV5  35 2026 04 27.5  17.2892 +18.6995 21.9 Updated May 13.51 UT            36  16.03 12.8  0.028
