C46D641 100 2026 05 27.3  14.5393 +22.5119 20.4 Added May 27.47 UT               4   0.01 20.7  0.660
C1F44U5 100 2026 05 27.3  16.1275 +42.4771 21.7 Updated May 27.45 UT             8   0.11 25.0  0.558
CEP5YT2 100 2026 05 27.2  14.2377 +38.2266 21.8 Updated May 27.32 UT             7   0.05 21.5  0.696
A11CWPw 100 2026 05 26.6  22.6992 -12.1706 18.2 Added May 26.81 UT               4   0.02 28.7  1.417
P12nfxy 100 2026 05 26.6  17.4281  +3.4600 20.8 Updated May 27.30 UT             9   0.90 24.5  0.704
C1F4195 100 2026 05 26.4  16.1375  +9.8041 22.5 Updated May 26.45 UT             7   0.07 27.6  1.544
P12nfxd 100 2026 05 25.6  17.8049 +17.0378 21.9 Updated May 26.45 UT            14   2.00 22.6  1.558
C1F32J5 100 2026 05 25.4  17.1849 +16.5523 22.0 Updated May 27.70 UT            11   1.88 23.6  0.659
C1F3245  48 2026 05 25.4  16.9800 +10.4679 22.6 Updated May 26.78 UT            11   1.00 20.2  1.548
SJA1250 100 2026 05 24.9  16.7720 +60.7705 20.2 Updated May 27.36 UT             3   0.03 17.1  3.026
C1F2HL5 100 2026 05 25.4  16.5878 -12.0096 22.4 Updated May 27.35 UT             8   0.07 26.0  2.570
C1F1TD5 100 2026 05 25.3  15.8401  +4.5034 24.7 Updated May 26.35 UT             4   0.02 33.6  2.668
C03UYWZ  98 2026 05 23.4  16.7245 +15.0205 22.2 Updated May 27.70 UT            13   5.98 23.1  1.570
P12nfw2  95 2026 05 24.6  21.1498  -3.0733 21.7 Updated May 27.69 UT            14   3.01 20.3  0.391
NAOCLYL  85 2026 05 23.8  15.9078 -17.9343 21.8 Updated May 26.35 UT             4   0.10 21.7  4.140
A11CQzo 100 2026 05 24.4  22.1800 -16.4741 21.6 Updated May 26.35 UT             5   0.05 29.8  3.562
oKr0080 100 2026 05 23.9  23.4942 +18.6003 20.4 Updated May 27.35 UT             3   0.00 18.0  4.107
C1F1535  97 2026 05 24.4  16.7580  +6.9680 22.3 Updated May 26.35 UT            11   0.87 23.3  2.711
6EN3D21 100 2026 05 24.2  16.1770 -80.4331 18.7 Updated May 27.35 UT             3   0.01 20.4  3.762
C1EYPU5 100 2026 05 23.4  15.8911  +3.5598 22.8 Updated May 26.35 UT            11   1.87 24.1  2.748
NAOCBPP  99 2026 05 20.7  14.9271 -21.8789 22.3 Updated May 27.35 UT             4   0.13 22.3  7.147
ST26EC8  98 2026 05 20.4  22.1932 -30.9819 24.0 Updated May 27.35 UT             6   0.14 28.6  7.560
P12nfaz  43 2026 05 20.3  13.2059 -27.1929 22.0 Updated May 26.35 UT            12   2.87 18.3  4.805
NAOCAN7 100 2026 05 17.7  15.2900 -21.9568 21.0 Updated May 26.35 UT             4   0.10 19.7 10.145
KPMa1Ih  87 2026 05 18.1  11.1305 -29.0450 23.5 Updated May 26.35 UT             5   0.01 20.9  9.894
CEMVK32  51 2026 05 17.4  16.3320  +7.3722 21.8 Updated May 27.66 UT            59  13.11 20.1  2.455
