ST26EB8 100 2026 05 19.4  16.6168  +6.9426 19.4 Updated May 19.88 UT             8   0.42 25.4  0.079
LA0C0VD 100 2026 05 17.5  22.5430 -67.9792 22.7 Added May 19.61 UT               6   0.07 30.8  2.324
CEN5QX2  98 2026 05 19.4  16.1229 -15.1780 20.4 Updated May 19.91 UT            12   0.51 25.1  0.042
A11CGDH 100 2026 05 19.2  16.2564 -72.3387 19.3 Added May 19.28 UT               4   0.02 19.2  0.709
A11CGDI 100 2026 05 19.2  17.1303 -45.5836 18.8 Updated May 19.48 UT             8   0.17 20.7  0.587
NAOCAN7 100 2026 05 17.7  15.2739 -21.7370 20.6 Added May 19.07 UT               4   0.10 19.6  2.097
KPMa1Ih  87 2026 05 18.1  11.1316 -25.4324 23.2 Added May 18.68 UT               5   0.01 21.2  1.847
A11CDyX 100 2026 05 18.0  10.8690 -32.3491 19.8 Updated May 19.66 UT             9   0.92 20.7  0.979
P22nf7G 100 2026 05 17.6  16.2474 +36.2871 22.1 Updated May 19.41 UT            11   1.78 23.1  0.600
P22nf3F  10 2026 05 17.5  17.5976 +37.2574 21.6 Updated May 19.89 UT            21  53.02 19.2  0.494
CEMVK32  35 2026 05 17.4  16.9284 +11.2173 21.5 Updated May 19.63 UT            38   7.00 20.1  0.514
A11Cvk7 100 2026 05 16.9  13.2181 -71.1058 19.5 Updated May 18.37 UT             4   0.03 22.7  3.020
CEMRK82  84 2026 05 16.5  21.6130 -10.3932 21.5 Updated May 18.37 UT             3   0.01 17.3  3.484
A11Cswo 100 2026 05 16.0  17.0977 -22.9679 18.3 Updated May 18.37 UT             4   0.02 20.9  3.947
ST26E75  98 2026 05 15.2   2.5263 -21.2714 27.4 Updated May 18.37 UT             7   0.09 28.6  4.629
P12neKs  35 2026 05 14.6  18.2130 +57.6378 20.1 Updated May 19.94 UT            85   5.34 15.2  0.031
CEMAUH2 100 2026 05 14.4  15.8667 -16.6143 21.1 Updated May 18.39 UT             6   0.07 23.9  5.506
