ST26EF6 100 2026 05 24.2  13.7118  -0.2655 18.9 Updated May 24.23 UT             4   0.02 24.4  0.021
C1EYRR5 100 2026 05 23.4  15.8682  +2.4164 22.6 Updated May 23.48 UT            10   0.09 25.3  0.777
C1EYQL5 100 2026 05 23.4  15.8708  +1.3005 22.3 Updated May 23.48 UT             7   0.09 24.2  0.774
C1EYPU5  97 2026 05 23.4  15.8256  +3.0004 22.9 Updated May 23.49 UT             6   0.07 22.4  0.792
C1EYPT5 100 2026 05 23.4  15.8250  +2.0511 21.8 Updated May 23.79 UT            14   0.08 24.3  0.781
C1EYD55  66 2026 05 23.3  15.8069 -13.0416 22.1 Updated May 23.41 UT            10   0.06 19.4  0.852
C1EXH55  93 2026 05 23.3  13.9940  +5.4691 22.4 Updated May 24.21 UT            20   0.91 23.7  0.051
6EM3521  79 2026 05 23.1  13.1700 -11.9549 20.1 Updated May 24.19 UT            25   1.12 22.3  0.070
NAOCBPP  99 2026 05 20.7  14.8708 -19.5508 22.1 Updated May 22.70 UT             4   0.13 22.4  3.393
CZYNHKZ 100 2026 05 14.4  16.3626  +2.2618 21.8 Updated May 23.35 UT             4   0.02 22.7  9.856
C46CD31 100 2026 05 21.4   1.2125  -3.4482 26.1 Updated May 23.35 UT             7   0.05 28.6  2.800
ST26ED1  98 2026 05 21.2   1.5797 -15.0984 26.7 Updated May 23.35 UT            20   0.16 30.2  2.858
TF26EE0 100 2026 05 20.5  16.3734  +8.8162 24.1 Updated May 22.38 UT             4   0.02 28.7  3.759
ST26EC8  98 2026 05 20.4  20.9463 -30.0692 22.1 Updated May 23.35 UT             6   0.14 28.6  3.806
ST26EC7  98 2026 05 20.4   2.4378  -8.4091 29.5 Updated May 23.35 UT             6   0.11 30.3  3.812
ST26EC5 100 2026 05 20.3  15.4305 -17.4732 20.2 Updated May 22.38 UT             4   0.03 24.9  3.904
P12nffX  10 2026 05 20.5  16.3368 -21.0291 21.7 Updated May 22.44 UT            15   7.94 19.3  1.846
P12nfaz  43 2026 05 20.3  13.2305 -27.8995 22.0 Updated May 23.25 UT            12   2.87 18.4  1.050
NAOCAN7 100 2026 05 17.7  15.2791 -21.8515 20.8 Updated May 22.38 UT             4   0.10 19.7  6.390
KPMa1Ih  87 2026 05 18.1  11.1237 -27.4053 23.4 Updated May 22.38 UT             5   0.01 20.8  6.140
CEMVK32  55 2026 05 17.4  16.5929  +9.1518 21.6 Updated May 23.35 UT            47   9.02 20.1  2.784
P12neKs  35 2026 05 14.6  18.0734 +57.1682 19.9 Updated May 23.97 UT           154   9.38 15.1  0.288
