TF26E97 100 2026 05 15.3  15.3770  -8.2730 19.5 Added May 15.39 UT               2   0.00 27.4  0.063
TF26E93 100 2026 05 15.3  16.8079  +6.5985 18.1 Updated May 15.40 UT             6   0.02 24.6  0.083
ST26E76 100 2026 05 15.2  14.7810  +4.7126 19.7 Updated May 15.39 UT             4   0.02 26.9  0.140
ST26E75 100 2026 05 15.2  14.7078  +0.3940 18.8 Updated May 15.38 UT             4   0.01 25.6  0.167
6EE3C21 100 2026 05 15.2  15.5008 -23.6417 18.9 Updated May 15.34 UT             8   0.15 25.9  0.058
A11Cr0m 100 2026 05 15.0  15.9878 -52.7159 18.0 Updated May 15.37 UT            14   0.31 20.0  0.109
P12neKJ 100 2026 05 14.3  13.0207 -23.4556 20.9 Updated May 15.22 UT            10   0.88 20.3  0.188
P12neKs  97 2026 05 14.6  18.3502 +57.9733 20.4 Updated May 15.26 UT            10   0.48 15.2  0.349
P12nc1d 100 2026 05 14.5  16.9134  -5.2145 21.4 Updated May 15.33 UT            12   0.83 19.2  0.085
P12nc1c  86 2026 05 14.5  16.7991  -6.6070 21.8 Updated May 15.38 UT            21   0.90 20.1  0.022
RFD0300 100 2026 05 13.0  23.8461 -33.9224 24.7 Added May 14.52 UT               2   0.00 29.5  2.372
CEMAUH2 100 2026 05 14.4  16.4204  +0.9990 21.3 Updated May 14.46 UT             6   0.07 24.0  0.960
CEMAY32  86 2026 05 14.4  16.5841  +2.5221 20.3 Updated May 15.40 UT            35   1.00 23.8  0.012
ST26E61 100 2026 05 14.3  16.3962  +0.3823 21.5 Updated May 14.37 UT             6   0.05 28.7  1.036
ST26E57  98 2026 05 14.3  16.0027  -8.4809 19.2 Updated May 15.39 UT            10   1.07 28.0  0.054
CEM7YT2  79 2026 05 14.3  13.2407  -0.4358 20.0 Updated May 15.39 UT            36  16.91 22.0  0.155
ST26E52  76 2026 05 14.2  13.5585 +17.6185 20.3 Updated May 15.38 UT            28   1.01 26.1  0.146
MZ26075 100 2026 05 13.8  16.9847  +3.2988 19.9 Updated May 15.33 UT             3   0.01 25.5  1.580
A11CmCW 100 2026 05 13.3   5.5184 -74.6326 19.5 Updated May 15.33 UT             4   0.02 25.5  2.028
A11CmCS 100 2026 05 13.3  16.7757 -35.9063 19.5 Updated May 15.33 UT             4   0.04 25.5  2.086
OCA1642  84 2026 05 13.1  13.7487 -31.2320 19.4 Updated May 15.33 UT             3   0.02 13.1  2.275
A11Cmv6  84 2026 05 13.0   8.4608 -50.1206 19.0 Updated May 15.23 UT            19   2.04 19.1  0.312
CEM26R2  18 2026 05 12.4  16.5799 +15.4025 20.6 Updated May 15.33 UT            21   2.69 17.0  1.163
CEM1XD2  11 2026 05 12.3  14.4882 +17.3924 22.2 Updated May 15.17 UT            22   7.84 19.2  0.242
SO0005e 100 2026 05 11.7   0.1360  +5.9300 26.9 Updated May 14.35 UT             3   0.00 28.9  3.691
SO0005d 100 2026 05 11.7  19.1090 -24.6315 22.0 Updated May 14.34 UT             4   0.00 28.2  3.690
SO0005c 100 2026 05 11.7  22.6604 -29.7030 23.8 Updated May 14.34 UT             3   0.00 28.6  3.744
SO0005b 100 2026 05 11.6  22.9560  -8.4007 22.6 Updated May 14.34 UT             3   0.00 26.6  3.755
CELXZH2 100 2026 05 11.3  14.7392 +24.3851 22.2 Updated May 14.35 UT             3   0.01 25.0  4.054
6E94521  10 2026 05 10.4  19.7452 -65.5819 19.5 Updated May 15.36 UT            50   4.98 19.0  0.056
S001563  73 2026 05 07.0  12.9808 -27.1186 21.6 Updated May 14.34 UT             3   0.03 17.5  8.325
C1EUYV5  35 2026 04 27.5  17.2635 +18.7981 21.9 Updated May 14.43 UT            36 297.21 12.8  1.904
