ST26G26 100 2026 07 10.5  20.4420  +7.4504 19.6 Updated July 10.83 UT            4   0.01 26.8  0.658
ZTF10Ek  96 2026 07 10.3  17.8618  +9.7474 19.0 Updated July 11.00 UT            8   1.69 29.1  0.127
OCA1648  97 2026 07 10.2  19.2368 -31.5995 18.9 Updated July 11.10 UT            6   0.89 19.9  0.053
A11Evr9 100 2026 07 10.0  22.4432 -55.0528 18.4 Added July 10.39 UT              7   0.03 23.3  1.052
TF26G22 100 2026 07 10.3  20.9483  +7.1564 19.6 Added July 10.37 UT              2   0.00 25.3  0.820
ST26G18 100 2026 07 10.3  21.3656 +34.9110 20.0 Updated July 10.38 UT            4   0.02 25.7  0.793
ST26G17 100 2026 07 10.3  21.0247  +6.2542 20.0 Added July 10.37 UT              2   0.00 26.3  0.836
CEQKE72 100 2026 07 10.3  16.2400 +11.4820 20.9 Updated July 11.06 UT           12   0.72 23.0  0.145
A11Evap 100 2026 07 09.9  19.8051 -38.4986 19.4 Updated July 10.95 UT           10   0.95 21.8  0.245
P12o0YY  99 2026 07 09.5  20.7980 -22.0616 21.0 Updated July 9.68 UT             6   0.08 18.4  1.581
CEQJF02  98 2026 07 09.3  22.5398 +14.4485 21.0 Updated July 11.04 UT           15   1.69 27.2  0.094
P12o0Y1 100 2026 07 08.5  20.3063 -29.9020 21.3 Updated July 10.65 UT           12  18.41 22.4  1.161
P12nXce 100 2026 07 08.5  21.8766 -32.7262 21.1 Updated July 9.54 UT             9   1.02 21.5  1.598
P12nXcA  80 2026 07 08.5  21.0832 -26.3597 19.9 Updated July 10.49 UT           15   1.76 22.7  0.864
P12nXcf 100 2026 07 08.5  20.9683 -18.6370 21.3 Updated July 10.65 UT           17   1.02 24.0  1.593
A11Eq8v 100 2026 07 07.9  22.1370 -37.3419 18.5 Updated July 10.15 UT           10   2.05 25.4  1.154
A11EpSe 100 2026 07 08.2  19.6600 -29.8650 19.3 Updated July 10.23 UT           10   0.83 19.2  2.115
W2nCdO   79 2026 07 07.4  19.1274 -24.5325 23.7 Updated July 9.49 UT            14  19.01 26.6  1.700
ST26G01  98 2026 07 07.2  20.4647 -58.1151 21.3 Updated July 9.23 UT            14   0.10 27.0  3.774
P22nTNT  10 2026 07 06.5  18.3049 +17.6749 21.0 Updated July 9.42 UT            24   2.71 19.0  1.952
P22nTLB  21 2026 07 06.3  17.6966  +7.8276 22.2 Updated July 9.42 UT            20   2.87 19.6  1.944
MAS0006  35 2026 06 19.3  18.3634 +23.9006 20.0 Updated July 10.96 UT          139  21.63  9.0  0.189
OMO0297  87 2026 06 25.8  23.6554  +3.8341 21.9 Updated July 10.23 UT           12  12.63 20.1  2.670
P22nJzF  35 2026 06 22.5  22.5152 +18.9286 21.6 Updated July 10.42 UT           23  25.46 14.1  1.116
