KPMa1Ih  82 2026 05 18.1  11.1367 -24.8226 23.2 Added May 18.68 UT               5   0.01 21.2  0.594
A11CDyX 100 2026 05 18.0  10.7981 -33.2625 19.6 Added May 18.22 UT               4   0.02 21.1  0.629
P22nf7G 100 2026 05 17.6  16.2123 +35.0874 22.1 Added May 17.77 UT               4   0.04 22.8  1.091
P22nf3F  32 2026 05 17.5  17.5992 +37.0541 21.4 Updated May 18.35 UT            12   0.81 19.0  0.395
CEMVK32 100 2026 05 17.4  17.0334 +11.8159 21.7 Updated May 18.33 UT            30   5.77 20.2  0.490
A11Cvk7 100 2026 05 16.9  13.6270 -72.3483 19.6 Updated May 18.37 UT             4   0.03 22.7  1.767
CEMRK82  84 2026 05 16.5  21.5776 -10.1432 21.5 Updated May 18.37 UT             3   0.01 17.3  2.232
A11Cswo 100 2026 05 16.0  17.1758 -23.2931 18.5 Updated May 18.37 UT             4   0.02 20.9  2.694
ZTF10Du 100 2026 05 15.3  16.9347 -36.5743 19.7 Updated May 18.37 UT             4   0.03 26.4  3.398
ST26E84  98 2026 05 15.4  15.4542 +10.6967 20.7 Updated May 18.37 UT             6   0.47 26.4  2.806
ST26E75  98 2026 05 15.2   2.5086 -23.0091 26.5 Updated May 18.37 UT             7   0.09 28.6  3.376
P12neKs  35 2026 05 14.6  18.2521 +57.7461 20.2 Updated May 18.33 UT            58   3.67 15.3  0.457
RFD0300 100 2026 05 13.0  19.2779 -44.0064 25.2 Updated May 18.38 UT             2   0.00 29.8  5.665
CEMAUH2 100 2026 05 14.4  16.0022 -12.4875 21.2 Updated May 18.39 UT             6   0.07 23.9  4.253
ST26E61 100 2026 05 14.3  16.7073  +0.7370 23.9 Updated May 18.39 UT             6   0.05 28.9  4.329
A11CmCW 100 2026 05 13.3   6.4368 -69.6024 21.2 Updated May 18.39 UT             4   0.02 25.6  5.321
C1EUYV5  35 2026 04 27.5  17.2174 +18.9579 21.9 Updated May 16.81 UT            36 300.17 12.8  2.234
