ZTF10Dy 100 2026 05 19.3  15.5274 -20.7264 17.7 Added May 19.49 UT               4   0.05 27.7  0.224
CEN5QX2 100 2026 05 19.4  16.0869 -15.3116 21.1 Updated May 19.46 UT             8   0.06 24.2  0.115
ST26EB6  98 2026 05 19.3  16.7366  -8.8246 19.5 Updated May 19.39 UT            10   0.11 27.7  0.188
A11CGDH 100 2026 05 19.2  16.2113 -72.5791 19.3 Added May 19.28 UT               4   0.02 19.2  0.332
A11CGDI 100 2026 05 19.2  17.0800 -46.0641 18.8 Updated May 19.48 UT             8   0.17 20.7  0.211
ST26EB3  98 2026 05 19.3  15.7076  -7.2212 19.6 Updated May 19.43 UT            14   0.17 30.7  0.150
MZ26114  88 2026 05 18.8  15.5218  -6.9346 18.3 Updated May 19.51 UT            23   0.70 27.1  0.066
6EI3621  98 2026 05 19.1  12.7451  -8.2884 20.3 Updated May 19.21 UT            13   0.13 27.0  0.370
NAOCAN7 100 2026 05 17.7  15.2736 -21.7266 20.6 Added May 19.07 UT               4   0.10 19.6  1.721
KPMa1Ih  87 2026 05 18.1  11.1329 -25.2504 23.2 Added May 18.68 UT               5   0.01 21.2  1.470
A11CDyX 100 2026 05 18.0  10.8472 -32.6231 19.8 Updated May 19.41 UT            12   1.32 20.8  0.203
P22nf7G 100 2026 05 17.6  16.2369 +35.9296 22.1 Updated May 19.41 UT            11   1.78 23.1  0.224
P22nf3F  12 2026 05 17.5  17.5981 +37.1979 21.4 Updated May 19.46 UT            16   1.96 19.0  0.118
CEMVK32  35 2026 05 17.4  16.9596 +11.3976 21.5 Updated May 19.44 UT            36   7.00 20.1  0.138
A11Cvk7 100 2026 05 16.9  13.3359 -71.5055 19.6 Updated May 18.37 UT             4   0.03 22.7  2.644
CEMRK82  84 2026 05 16.5  21.6023 -10.3172 21.5 Updated May 18.37 UT             3   0.01 17.3  3.108
A11Cswo 100 2026 05 16.0  17.1222 -23.0705 18.4 Updated May 18.37 UT             4   0.02 20.9  3.570
ST26E84  98 2026 05 15.4  15.5808 +10.6204 20.9 Updated May 18.37 UT             6   0.47 26.4  3.683
ST26E75  98 2026 05 15.2   2.5223 -21.6643 27.2 Updated May 18.37 UT             7   0.09 28.6  4.252
P12neKs  35 2026 05 14.6  18.2248 +57.6716 20.1 Updated May 19.35 UT            75   4.47 15.2  0.525
CEMAUH2 100 2026 05 14.4  15.9062 -15.4304 21.1 Updated May 18.39 UT             6   0.07 23.9  5.129
C1EUYV5  35 2026 04 27.5  17.2050 +18.9975 21.9 Updated May 19.47 UT            36 303.02 12.8  0.268
