P22n4ou  91 2026 05 09.4  14.7366  +7.5761 21.0 Added May 9.81 UT                4   0.03 20.3  0.574
ZTF10Dn 100 2026 05 09.3  15.9381 -11.1573 17.6 Added May 9.51 UT                4   0.04 26.9  0.631
XA9ttXA  96 2026 05 08.8  15.1568  +1.7557 21.4 Added May 9.48 UT                3   0.03 19.7  1.176
ST26E18 100 2026 05 09.4  15.3884 -13.6155 19.8 Added May 9.37 UT                4   0.00 28.7  0.601
CELT2A2 100 2026 05 09.3  13.7393 +36.0433 20.9 Updated May 9.39 UT              8   0.10 20.0  0.587
CELT0C2 100 2026 05 09.2  12.9989 +38.6358 21.0 Updated May 9.37 UT              8   0.10 21.3  0.610
CELRZD2 100 2026 05 09.2  12.6428 +34.5639 21.5 Updated May 9.36 UT              8   0.10 22.8  0.619
TF26E23 100 2026 05 09.2  13.1527  -5.1287 16.6 Added May 9.23 UT                2   0.00 17.7  0.750
gb00845  74 2026 05 08.8  13.0620  -6.3143 20.0 Updated May 9.94 UT             34   1.12 23.9  0.041
P22n0x5  84 2026 05 08.5  15.2324 -16.3451 20.1 Updated May 9.42 UT             17   0.98 30.0  0.604
P22n0w4  74 2026 05 08.4  15.3529  +2.5209 20.1 Updated May 9.94 UT             24   1.56 23.8  0.032
ZTF10Dl 100 2026 05 08.3  18.0659 -15.2844 19.4 Added May 8.49 UT                4   0.03 27.0  1.599
CELR3G2  98 2026 05 08.5  17.0338  -5.2432 21.8 Updated May 9.45 UT             15   0.97 29.0  0.536
ST26E14 100 2026 05 08.4  13.4063  -3.8096 18.0 Added May 8.45 UT                2   0.00 16.2  1.542
P22n0vC  36 2026 05 08.3  14.8481 +10.0369 22.2 Updated May 9.29 UT             19   0.95 19.7  0.682
CELLEH2  96 2026 05 08.3  15.7898 -15.3475 22.2 Updated May 9.38 UT             12   1.03 32.6  0.643
CELHF72  87 2026 05 08.3  14.9602 -10.5384 21.3 Updated May 9.34 UT             22   1.00 24.7  0.667
P22n0gv  96 2026 05 07.6  17.2502 +48.3557 21.1 Updated May 9.45 UT             22   1.84 21.3  0.528
P22n0fQ  97 2026 05 07.4  15.0944  +9.8115 22.0 Updated May 9.34 UT              3   0.04 24.3  2.560
ZTF10Di 100 2026 05 07.4  21.7226 -12.0720 21.5 Updated May 9.34 UT              4   0.02 27.4  2.575
S001563  73 2026 05 07.0  13.0049 -26.8499 21.4 Updated May 9.33 UT              3   0.03 17.7  2.890
P22mZLU  93 2026 05 06.3  11.7318 -17.8079 20.9 Updated May 9.93 UT             10   1.71 20.6  1.986
A11BX2S 100 2026 05 05.2  19.1152  +1.7353 20.0 Updated May 9.33 UT              2   0.01 24.8  4.737
A11BRI6  53 2026 05 03.0  10.4970 -40.4605 18.7 Updated May 8.52 UT             50   5.00 19.9  1.950
ZTF10Df  98 2026 05 02.2  10.4143  +1.4532 23.3 Updated May 9.33 UT              9   0.68 26.6  7.124
C1EUYV5  93 2026 04 27.5  17.3370 +18.4985 21.7 Updated May 9.32 UT             18  11.83 12.6  0.666
