C46D641 100 2026 05 27.3  14.5718 +22.5543 20.4 Added May 27.47 UT               4   0.01 20.7  0.199
C1F44U5 100 2026 05 27.3  16.0395 +43.0118 21.7 Updated May 27.45 UT             8   0.11 25.0  0.097
CEP5YT2 100 2026 05 27.2  14.2064 +38.2982 21.7 Updated May 27.32 UT             7   0.05 21.5  0.234
A11CWPw 100 2026 05 26.6  22.1448 -15.9824 18.1 Added May 26.81 UT               4   0.02 28.7  0.956
P12nfxy 100 2026 05 26.6  17.4763  +4.1247 20.8 Updated May 27.30 UT             9   0.90 24.5  0.243
C1F4195 100 2026 05 26.4  16.1293  +9.2039 22.4 Updated May 26.45 UT             7   0.07 27.6  1.083
C1F4075 100 2026 05 26.4  16.0530 +26.2780 22.2 Updated May 27.43 UT            11   1.05 25.2  0.126
P12nfxd 100 2026 05 25.6  17.8125 +16.8463 21.9 Updated May 26.45 UT            14   2.00 22.6  1.097
C1F32J5 100 2026 05 25.4  17.1902 +15.6304 22.1 Updated May 27.37 UT             9   1.88 23.7  0.198
C1F3245  48 2026 05 25.4  16.9902 +10.5114 22.6 Updated May 26.78 UT            11   1.00 20.2  1.087
SJA1250 100 2026 05 24.9  16.8007 +60.9631 20.2 Updated May 27.36 UT             3   0.03 17.1  2.565
C1F2HL5 100 2026 05 25.4  16.5315 -11.8929 22.4 Updated May 27.35 UT             8   0.07 26.0  2.109
C1F1TD5 100 2026 05 25.3  15.8195  +4.5589 24.5 Updated May 26.35 UT             4   0.02 33.6  2.207
C03UYWZ 100 2026 05 23.4  16.7297 +14.1999 22.3 Updated May 27.18 UT             9   2.98 23.2  1.109
P12nfw2 100 2026 05 24.6  21.1235  -3.2646 21.7 Updated May 27.46 UT            12   2.86 20.4  0.080
NAOCLYL  85 2026 05 23.8  15.9058 -18.3701 21.8 Updated May 26.35 UT             4   0.10 21.7  3.679
A11CQzo 100 2026 05 24.4  22.0457 -16.8050 21.3 Updated May 26.35 UT             5   0.05 29.8  3.101
oKr0080 100 2026 05 23.9  23.4926 +18.5876 20.4 Updated May 27.35 UT             3   0.00 18.0  3.646
C1F1535  97 2026 05 24.4  16.7580  +6.8386 22.3 Updated May 26.35 UT            11   0.87 23.3  2.250
C1F0EU5  85 2026 05 24.3  15.3886 -10.0910 22.0 Updated May 27.36 UT            13   1.97 19.9  1.248
C1F0295  90 2026 05 24.3  15.2945  -6.8592 22.1 Updated May 27.35 UT            20   1.78 22.2  1.444
6EN3D21 100 2026 05 24.2  16.2699 -80.2177 18.8 Updated May 27.35 UT             3   0.01 20.4  3.301
C1EYPU5 100 2026 05 23.4  15.8831  +3.5008 22.8 Updated May 26.35 UT            11   1.87 24.1  2.287
NAOCBPP  99 2026 05 20.7  14.9200 -21.6037 22.3 Updated May 27.35 UT             4   0.13 22.3  6.686
ST26EC8  98 2026 05 20.4  22.1135 -31.0029 23.8 Updated May 27.35 UT             6   0.14 28.6  7.099
P12nfaz  43 2026 05 20.3  13.2085 -27.2793 22.0 Updated May 26.35 UT            12   2.87 18.3  4.344
NAOCAN7 100 2026 05 17.7  15.2887 -21.9454 21.0 Updated May 26.35 UT             4   0.10 19.7  9.683
KPMa1Ih  87 2026 05 18.1  11.1290 -28.8534 23.5 Updated May 26.35 UT             5   0.01 20.9  9.433
CEMVK32  53 2026 05 17.4  16.3624  +7.5880 21.8 Updated May 27.35 UT            52  11.97 20.1  3.131
