CELY6P2 100 2026 05 11.4  17.0175 +17.8632 21.1 Updated May 11.47 UT             8   0.05 23.0  0.057
ST26E38 100 2026 05 11.3  17.1107  +7.6103 20.0 Updated May 11.43 UT             4   0.02 25.5  0.183
C469HY1 100 2026 05 11.4  16.8059  -0.8665 18.3 Updated May 11.46 UT            11   0.06 25.2  0.068
6EA3I21  62 2026 05 11.3  19.4297  -5.3585 17.0 Added May 11.37 UT               3   0.01 13.0  0.191
CELXZH2 100 2026 05 11.3  14.8124 +23.9678 22.7 Added May 11.37 UT               3   0.01 22.0  0.176
CELXRN2  98 2026 05 11.3  13.1802 +26.4729 20.9 Updated May 11.39 UT             7   0.11 18.4  0.142
TF26E51 100 2026 05 11.3  15.2341  +8.4643 19.2 Added May 11.28 UT               2   0.00 23.3  0.250
ST26E35  98 2026 05 11.2  13.3938  +1.4451 19.1 Updated May 11.51 UT            13   0.30 27.9  0.034
ST26E34 100 2026 05 10.5  14.7776 +21.2990 20.9 Added May 10.70 UT               2   0.00 26.4  1.063
ST26E31  84 2026 05 10.4  13.8842 -11.9100 19.1 Updated May 11.33 UT            34   0.85 26.2  0.230
ZTF10Dp 100 2026 05 10.2  11.7384  +6.1673 18.4 Added May 10.57 UT               4   0.03 21.9  1.281
6E94521 100 2026 05 10.4  19.3715 -56.5098 19.4 Updated May 11.30 UT            13   0.92 19.0  0.247
CELUGK2  93 2026 05 10.3  14.8091 +28.2387 21.6 Updated May 11.19 UT            21   0.85 24.4  0.339
ZTF10Do  98 2026 05 10.2  13.5430  +2.4567 18.2 Updated May 11.39 UT             9   0.74 26.8  0.553
CELU1Q2  98 2026 05 10.2  11.5855 +31.3125 21.4 Updated May 11.21 UT            13   0.99 26.1  0.330
ST26E24  98 2026 05 10.2   3.9566 -20.9784 24.0 Updated May 10.52 UT            13   0.29 29.1  1.048
ZTF10Dn 100 2026 05 09.3  16.7902 -12.8051 20.0 Updated May 11.31 UT             4   0.04 26.9  2.188
XA9ttXA  97 2026 05 08.8  15.1251  +1.8319 22.6 Updated May 11.23 UT            13   2.46 21.8  0.306
ST26E18 100 2026 05 09.4  15.4584 -14.0974 22.4 Updated May 11.31 UT             4   0.00 30.1  2.158
CELT0C2  79 2026 05 09.2  12.7214 +43.7095 20.9 Updated May 11.05 UT            26   1.80 22.8  0.474
CELRZD2 100 2026 05 09.2  12.5318 +35.6859 22.0 Updated May 11.31 UT             8   0.10 22.6  2.176
TF26E23 100 2026 05 09.2  13.0023  -4.0993 17.5 Updated May 11.51 UT             2   0.00 19.6  2.307
ZTF10Dl 100 2026 05 08.3  18.7414 -15.5293 20.9 Updated May 10.31 UT             4   0.03 27.0  3.156
ST26E14 100 2026 05 08.4  13.3665  -3.3825 17.9 Updated May 10.31 UT             2   0.00 21.3  3.099
P22n0vC  24 2026 05 08.3  14.8095  +9.8168 22.4 Updated May 11.21 UT            25   2.87 19.9  0.319
CELLEH2  86 2026 05 08.3  15.8628 -16.4331 23.3 Updated May 11.31 UT            13   1.86 32.7  1.367
P22n0fQ  97 2026 05 07.4  15.0845  +9.9733 22.5 Updated May 11.31 UT             3   0.04 24.4  4.117
ZTF10Di 100 2026 05 07.4  22.0796 -11.0327 22.7 Updated May 11.31 UT             4   0.02 27.4  4.132
S001563  73 2026 05 07.0  12.9963 -26.9298 21.5 Updated May 11.31 UT             3   0.03 17.9  4.447
P22mZLU  68 2026 05 06.3  11.7913 -16.5414 21.0 Updated May 11.51 UT            17   4.96 20.7  0.291
A11BRI6  51 2026 05 03.0  10.8650 -39.6994 18.8 Updated May 11.39 UT            55   7.13 19.8  1.382
ZTF10Df  98 2026 05 02.2  10.4249  +1.4303 23.7 Updated May 11.31 UT             9   0.68 26.6  8.681
C1EUYV5  35 2026 04 27.5  17.3162 +18.5886 21.7 Updated May 11.29 UT            30  13.80 12.6  0.255
