A11D0Xd 100 2026 05 30.0  19.4105 -41.8931 18.9 Updated May 31.41 UT             4   0.01 23.9  2.151
NAOCYLA 100 2026 05 27.7  16.2226 -20.4860 20.8 Updated May 31.41 UT             4   0.13 22.4  4.324
C07PYDZ 100 2026 05 27.2  14.3133 +47.8880 21.6 Updated May 31.40 UT             4   0.02 19.9  4.990
C1F4195 100 2026 05 26.4  16.1877 +13.2129 23.5 Updated May 31.41 UT             7   0.07 27.6  5.743
C1F3245  48 2026 05 25.4  16.8857  +9.9925 22.5 Updated May 31.41 UT            11   1.00 20.2  5.746
C1F2HL5 100 2026 05 25.4  17.1114 -13.0272 22.5 Updated May 31.41 UT             8   0.07 25.5  6.768
NAOCLYL  80 2026 05 23.8  15.9263 -14.0185 22.1 Updated May 31.41 UT             4   0.10 22.0  8.339
A11CQzo 100 2026 05 24.4  22.6746 -15.0517 23.5 Updated May 31.41 UT             5   0.05 29.9  7.761
oKr0080 100 2026 05 23.9  23.5006 +18.7186 20.0 Updated May 31.41 UT             3   0.00 17.4  8.305
6EN3D21 100 2026 05 24.2  16.2719 -80.5440 19.9 Updated May 31.41 UT             3   0.01 22.4  7.960
NAOCBPP  99 2026 05 20.7  14.9969 -24.3036 22.6 Updated May 31.41 UT             4   0.13 22.5 11.345
P12nfaz  43 2026 05 20.3  13.1875 -26.4163 22.1 Updated May 31.41 UT            12   2.87 18.4  9.003
