6E94521 100 2026 05 10.4  19.2982 -54.0795 18.4 Added May 10.41 UT               3   0.01 20.8  0.106
CELUGR2  98 2026 05 10.3  15.0526 +31.1080 20.4 Updated May 10.42 UT            10   0.09 26.1  0.059
CELUGK2  98 2026 05 10.3  14.7985 +30.0045 21.6 Updated May 10.44 UT            11   0.10 23.4  0.045
ZTF10Do 100 2026 05 10.2  12.7545 -14.8841 18.2 Added May 10.33 UT               6   0.02 27.4  0.226
ST26E26  98 2026 05 10.2  15.1201  -5.7835 19.5 Updated May 10.42 UT            10   0.17 29.2  0.062
ST26E25  98 2026 05 10.2  14.8192  -1.9916 20.1 Updated May 10.42 UT            13   0.17 28.7  0.067
CELU1Q2 100 2026 05 10.2  11.5829 +31.3922 22.0 Updated May 10.32 UT             7   0.11 25.8  0.170
ST26E24  98 2026 05 10.2  12.5197  -4.3819 18.9 Updated May 10.35 UT            10   0.17 28.9  0.132
P22n4ou  89 2026 05 09.4  14.7337  +7.5133 21.6 Updated May 10.23 UT            11   0.86 21.5  0.258
ZTF10Dn 100 2026 05 09.3  16.4142 -12.1471 18.7 Added May 9.51 UT                4   0.04 26.9  1.145
XA9ttXA  99 2026 05 08.8  15.1464  +1.7779 22.2 Updated May 10.41 UT             8   1.61 20.7  0.109
ST26E18 100 2026 05 09.4  15.5941 -15.7009 20.5 Added May 9.37 UT                4   0.00 28.7  1.115
CELT2A2  94 2026 05 09.3  13.6864 +35.6133 20.4 Updated May 10.36 UT            24   0.91 21.5  0.300
CELT0C2  93 2026 05 09.2  12.9151 +40.3068 20.9 Updated May 10.15 UT            16   0.89 22.9  0.339
CELRZD2 100 2026 05 09.2  12.6018 +34.9905 21.7 Updated May 9.36 UT              8   0.10 22.8  1.133
TF26E23 100 2026 05 09.2  13.1095  -4.7992 17.1 Updated May 10.47 UT             2   0.00 19.6  1.264
gb00845  77 2026 05 08.8  13.0367  -9.7391 20.1 Updated May 10.34 UT            48   1.53 23.9  0.145
P22n0x5  72 2026 05 08.5  15.3122 -15.2344 20.3 Updated May 10.09 UT            30   1.70 30.0  0.404
ZTF10Dl 100 2026 05 08.3  18.3903 -15.4617 20.0 Updated May 10.31 UT             4   0.03 27.0  2.112
ST26E14 100 2026 05 08.4  13.3935  -3.6675 17.9 Updated May 10.31 UT             2   0.00 21.3  2.056
P22n0vC  26 2026 05 08.3  14.8354  +9.9660 22.3 Updated May 10.26 UT            22   1.91 19.8  0.234
CELLEH2  86 2026 05 08.3  15.8216 -15.8200 22.6 Updated May 10.22 UT            12   1.86 32.6  0.324
CELHF72  75 2026 05 08.3  14.9749  -9.9549 21.3 Updated May 10.28 UT            30   1.97 24.6  0.209
P22n0gv  86 2026 05 07.6  17.1981 +48.0998 21.2 Updated May 10.42 UT            28   2.80 21.4  0.084
P22n0fQ  97 2026 05 07.4  15.0901  +9.8840 22.1 Updated May 9.34 UT              3   0.04 24.3  3.074
ZTF10Di 100 2026 05 07.4  21.9269 -11.4849 22.0 Updated May 9.34 UT              4   0.02 27.4  3.089
S001563  73 2026 05 07.0  13.0024 -26.8767 21.5 Updated May 9.33 UT              3   0.03 17.7  3.404
P22mZLU  93 2026 05 06.3  11.7511 -17.3919 20.9 Updated May 10.47 UT            10   1.71 20.6  2.500
A11BX2S 100 2026 05 05.2  19.2079  +1.5302 20.2 Updated May 9.33 UT              2   0.01 24.8  5.251
A11BRI6  53 2026 05 03.0  10.6269 -40.2229 18.8 Updated May 10.31 UT            50   5.00 19.9  2.464
ZTF10Df  98 2026 05 02.2  10.4180  +1.4461 23.4 Updated May 9.33 UT              9   0.68 26.6  7.638
C1EUYV5  91 2026 04 27.5  17.3301 +18.5286 21.8 Updated May 10.33 UT            24  12.79 12.7  0.223
