ST26EB8 100 2026 05 19.4  16.7762 +10.0528 19.6 Updated May 19.95 UT            11   0.49 25.4  0.338
CEN5QX2 100 2026 05 19.4  16.1553 -15.0597 20.4 Updated May 20.02 UT            15   0.54 25.2  0.347
A11CGDH 100 2026 05 19.2  16.3240 -72.0560 19.1 Updated May 20.02 UT             7   0.76 22.0  0.301
A11CGDI  96 2026 05 19.2  17.1758 -45.1566 18.8 Updated May 20.26 UT            21   0.88 21.5  0.215
NAOCAN7 100 2026 05 17.7  15.2742 -21.7462 20.6 Added May 19.07 UT               4   0.10 19.6  2.431
KPMa1Ih  87 2026 05 18.1  11.1304 -25.5926 23.2 Added May 18.68 UT               5   0.01 21.2  2.180
A11CDyX  93 2026 05 18.0  10.8887 -32.1018 19.7 Updated May 20.01 UT            15   1.92 20.7  0.313
CEMVK32  35 2026 05 17.4  16.9010 +11.0573 21.6 Updated May 19.63 UT            38   7.00 20.1  0.847
A11Cvk7 100 2026 05 16.9  13.1176 -70.7341 19.5 Updated May 18.37 UT             4   0.03 22.7  3.353
CEMRK82  84 2026 05 16.5  21.6224 -10.4612 21.5 Updated May 18.37 UT             3   0.01 17.3  3.818
A11Cswo 100 2026 05 16.0  17.0753 -22.8733 18.3 Updated May 18.37 UT             4   0.02 20.9  4.280
ST26E75  98 2026 05 15.2   2.5293 -20.9804 27.6 Updated May 18.37 UT             7   0.09 28.6  4.962
P12neKs  35 2026 05 14.6  18.2025 +57.6069 20.1 Updated May 20.26 UT            98   5.47 15.2  0.243
CEMAUH2 100 2026 05 14.4  15.8327 -17.6239 21.1 Updated May 18.39 UT             6   0.07 23.9  5.839
