CEMRK82  79 2026 05 16.5  21.5245  -9.7848 21.6 Added May 16.49 UT               3   0.01 17.7  0.355
6EF1B21  99 2026 05 16.2  15.2828 -17.8956 20.1 Added May 16.40 UT               3   0.01 21.4  0.631
ST26E98  88 2026 05 16.3  18.2964 +20.5894 20.6 Updated May 16.79 UT            17   1.12 29.0  0.356
CEMK452  91 2026 05 16.3  14.2839  -4.6343 21.5 Updated May 16.34 UT             8   0.05 20.4  0.491
ST26E89  96 2026 05 16.2  13.5770  +5.1538 18.1 Updated May 16.81 UT            18   0.43 28.8  0.182
CEMEEG2 100 2026 05 16.2  12.3638  -8.3775 20.9 Updated May 16.81 UT            14   0.09 24.7  0.534
A11Cswo 100 2026 05 16.0  17.2763 -23.7127 18.8 Added May 16.13 UT               4   0.02 20.7  0.818
ZTF10Du 100 2026 05 15.3  16.0905 -33.1571 18.1 Added May 15.45 UT               4   0.03 26.1  1.521
ST26E84  98 2026 05 15.4  15.0768 +10.7875 20.2 Updated May 16.23 UT             6   0.47 26.4  0.930
ST26E76  86 2026 05 15.2  14.2994  +8.2254 22.3 Updated May 16.22 UT            17   0.93 30.7  0.653
ST26E75 100 2026 05 15.2  14.8689 -26.7227 18.2 Updated May 15.38 UT             4   0.01 25.6  1.583
6EE3C21  79 2026 05 15.2  15.8554 -19.1289 19.5 Updated May 16.62 UT            22   1.41 25.9  0.213
A11Cr0m  86 2026 05 15.0  16.0765 -49.9289 17.7 Updated May 16.31 UT            19   1.17 20.0  0.672
P12neKs  93 2026 05 14.6  18.3088 +57.8854 20.3 Updated May 16.46 UT            30   1.68 15.4  0.567
P12nc1c  84 2026 05 14.5  16.7612  -6.1839 21.7 Updated May 16.36 UT            28   1.87 20.1  0.463
RFD0300 100 2026 05 13.0  19.4583 -44.4573 24.4 Updated May 16.38 UT             2   0.00 29.8  3.789
CEMAUH2 100 2026 05 14.4  16.2319  -5.1630 21.3 Updated May 16.38 UT             6   0.07 23.9  2.377
ST26E61 100 2026 05 14.3  16.6105  +0.6475 22.9 Updated May 16.38 UT             6   0.05 29.0  2.453
MZ26075 100 2026 05 13.8  16.7689  -1.6264 22.1 Updated May 16.37 UT             3   0.01 27.4  2.997
A11CmCW 100 2026 05 13.3   6.0662 -72.8622 20.4 Updated May 16.38 UT             4   0.02 24.8  3.445
A11CmCS 100 2026 05 13.3  17.0693 -32.4811 20.1 Updated May 16.38 UT             4   0.04 25.4  3.503
OCA1642  84 2026 05 13.1  13.7258 -31.3107 19.4 Updated May 16.37 UT             3   0.02 14.0  3.691
CEM26R2  10 2026 05 12.4  16.5534 +15.3149 20.6 Updated May 16.46 UT            32   4.64 17.0  0.636
CEM1XD2  16 2026 05 12.3  14.4592 +17.1783 22.2 Updated May 16.38 UT            22   7.84 19.2  1.659
SO0005e 100 2026 05 11.7   0.2747  +7.4809 27.8 Updated May 16.38 UT             3   0.00 29.4  5.108
SO0005d 100 2026 05 11.7  19.2234 -23.8860 22.7 Updated May 16.38 UT             4   0.00 28.1  5.106
SO0005c 100 2026 05 11.7  23.0475 -27.4180 24.7 Updated May 16.38 UT             3   0.00 28.4  5.160
SO0005b 100 2026 05 11.6  23.0094  -7.8214 23.3 Updated May 16.37 UT             3   0.00 26.6  5.171
S001563  73 2026 05 07.0  12.9815 -27.1734 21.6 Updated May 16.37 UT             3   0.03 18.3  9.742
C1EUYV5  35 2026 04 27.5  17.2438 +18.8689 21.9 Updated May 16.81 UT            36 300.17 12.8  0.358
