oKr0080 100 2026 05 23.9  23.4808 +18.4956 20.3 Added May 24.47 UT               3   0.00 15.5  0.603
C1F15H5 100 2026 05 24.4  16.8819 +23.3328 21.4 Updated May 24.48 UT             8   0.03 24.6  0.015
P22nfp8 100 2026 05 24.4  15.9097  +1.9535 20.3 Added May 24.46 UT               4   0.03 23.2  0.077
C1F1535  84 2026 05 24.4  16.7564  +5.9860 22.6 Updated May 24.48 UT             8   0.05 20.2  0.018
C1F0TQ5  96 2026 05 24.4  15.9668  -5.8934 21.6 Updated May 24.48 UT            10   0.09 22.8  0.023
CEP5GZ2 100 2026 05 24.4  15.8447  +2.2545 20.5 Updated May 24.45 UT            12   0.05 25.7  0.050
C1F0L35 100 2026 05 24.3  15.0755  +2.5358 22.3 Updated May 24.42 UT             8   0.08 21.9  0.075
ST26EG3  98 2026 05 24.3  17.4100  -1.7425 19.7 Updated May 24.47 UT            12   0.12 27.5  0.026
C1F0EU5  82 2026 05 24.3  15.4505 -10.0935 22.0 Updated May 24.39 UT             8   0.07 14.8  0.102
C1F0295  97 2026 05 24.3  15.3516  -7.4789 22.1 Updated May 24.43 UT            12   0.12 21.6  0.058
CEP1CX2 100 2026 05 24.3  15.0460  +2.3500 20.8 Updated May 24.43 UT            20   0.14 24.9  0.066
6EN3D21 100 2026 05 24.2  16.7138 -78.8325 19.1 Added May 24.29 UT               3   0.01 19.2  0.258
CEP0PP2  98 2026 05 24.2  14.7975  -5.8987 20.7 Updated May 24.40 UT            15   0.16 28.5  0.091
ST26EF6  98 2026 05 24.2  13.5870  -3.8959 19.2 Updated May 24.33 UT            19   0.13 26.1  0.161
C1EYRR5  86 2026 05 23.4  15.8712  +2.1249 22.5 Updated May 24.45 UT            17   1.07 25.1  0.047
C1EYQL5 100 2026 05 23.4  15.8548  +1.0385 22.1 Updated May 24.28 UT            10   0.89 24.4  0.230
C1EYPU5 100 2026 05 23.4  15.8311  +3.0450 22.8 Updated May 24.37 UT             9   0.64 24.0  0.474
C1EYPT5  89 2026 05 23.4  15.8212  +1.7593 21.7 Updated May 24.24 UT            18   0.86 24.2  0.252
C1EYD55  64 2026 05 23.3  15.7997 -13.0996 22.1 Updated May 24.30 UT            12   0.95 20.1  0.213
C1EXH55  93 2026 05 23.3  14.0090  +5.7028 22.4 Updated May 24.21 UT            20   0.91 23.7  0.301
6EM3521  79 2026 05 23.1  13.1570 -11.4925 20.2 Updated May 24.29 UT            29   1.14 22.4  0.299
NAOCBPP 100 2026 05 20.7  14.8734 -19.6607 22.3 Updated May 24.34 UT             4   0.13 22.4  3.643
CZYNHKZ 100 2026 05 14.4  16.2548  +2.1350 21.0 Updated May 24.46 UT             7  10.05 18.6  0.066
C46CD31 100 2026 05 21.4   1.2834  -3.3580 26.4 Updated May 23.35 UT             7   0.05 28.6  3.050
ST26ED1  98 2026 05 21.2   1.6107 -14.9868 26.9 Updated May 23.35 UT            20   0.16 30.2  3.108
TF26EE0 100 2026 05 20.5  16.3648  +8.8230 24.1 Updated May 24.34 UT             4   0.02 28.8  4.009
ST26EC8  98 2026 05 20.4  21.1022 -30.3312 22.2 Updated May 23.35 UT             6   0.14 28.6  4.056
ST26EC7  98 2026 05 20.4   2.4454  -8.4101 29.6 Updated May 23.35 UT             6   0.11 30.3  4.062
ST26EC5 100 2026 05 20.3  15.3916 -17.7058 20.4 Updated May 24.34 UT             4   0.03 24.8  4.154
P12nffX  10 2026 05 20.5  16.3322 -21.0526 21.6 Updated May 24.38 UT            18   9.84 19.3  0.197
P12nfaz  43 2026 05 20.3  13.2286 -27.8523 21.9 Updated May 24.34 UT            12   2.87 18.3  1.301
NAOCAN7 100 2026 05 17.7  15.2802 -21.8645 20.9 Updated May 24.34 UT             4   0.10 19.9  6.640
KPMa1Ih  87 2026 05 18.1  11.1239 -27.5036 23.4 Updated May 24.34 UT             5   0.01 20.8  6.390
CEMVK32  35 2026 05 17.4  16.5745  +9.0320 21.7 Updated May 24.42 UT            50  11.97 20.1  0.088
P12neKs  35 2026 05 14.6  18.0650 +57.1359 19.9 Updated May 24.37 UT           161   9.46 15.1  0.460
