A11EQfd 100 2026 07 16.4  19.5549 -18.4757 19.0 Added July 16.79 UT              4   0.04 26.0  0.305
A11EQf8 100 2026 07 16.7  10.1659 -67.6664 17.8 Added July 16.78 UT              4   0.02 19.3  0.068
P12ooSp  78 2026 07 16.5  21.5037  +2.5202 21.8 Added July 16.66 UT              3   0.03 19.8  0.219
P12ooQS  74 2026 07 16.5  21.9698  +2.7409 21.8 Updated July 16.71 UT           14  23.11 20.8  0.199
ZTF10Er 100 2026 07 16.3  22.0741 -35.6346 17.4 Added July 16.64 UT              4   0.04 26.6  0.413
P12ooQQ  96 2026 07 16.6  20.9633  +2.1308 21.3 Added July 16.64 UT              3   0.03 19.4  0.212
ZTF10Eq 100 2026 07 16.3  20.5204 -12.1755 20.0 Added July 16.64 UT              6   0.05 26.5  0.413
P22ooQq 100 2026 07 16.6   1.9227  +9.8497 21.1 Added July 16.64 UT              4   0.02 21.2  0.190
P22ooQf  10 2026 07 16.5  23.3255 +22.8012 21.0 Updated July 16.60 UT           35 4764.03 18.1  0.269
P22ooPS 100 2026 07 16.5  23.2587 +20.9433 21.2 Added July 16.57 UT              3   0.02 23.2  0.270
P22ooQe  10 2026 07 16.5  23.9352 +23.8143 21.8 Updated July 16.60 UT           32 4689.26 18.2  0.252
P22ooOY 100 2026 07 16.5  22.8832 +14.8268 21.2 Updated July 16.70 UT            5   0.08 23.8  0.255
P22ooOw  97 2026 07 16.3  17.7216 +55.2737 22.2 Added July 16.44 UT              4   0.04 19.4  0.427
P12ooOz 100 2026 07 16.3  15.9205 +20.4758 21.3 Updated July 16.70 UT            5   0.09 21.9  0.350
P12ooOy 100 2026 07 16.3  15.1739 +18.0780 22.3 Updated July 16.43 UT            4   0.04 21.7  0.411
P22ooOt  85 2026 07 16.4  20.9134 +15.5901 22.2 Updated July 16.70 UT            5   0.07 20.4  0.345
P22ooOs 100 2026 07 16.4  20.5867 +10.3757 21.9 Updated July 16.70 UT            5   0.07 22.5  0.347
ST26G49  98 2026 07 16.4  18.7800  -3.5917 18.2 Updated July 16.51 UT            4   0.10 28.5  0.315
ST26G48 100 2026 07 16.4  17.7833 +14.9205 19.4 Updated July 16.42 UT            4   0.01 25.5  0.423
ST26G46 100 2026 07 16.3  21.5646  +0.8104 18.7 Updated July 16.70 UT            4   0.16 23.5  0.341
orA4471 100 2026 07 15.9  16.2556 -18.1605 19.8 Added July 16.21 UT              3   0.01 20.0  0.899
X89848   77 2026 07 14.8  22.0966 -13.0610 19.7 Added July 16.07 UT              3   0.03 15.4  2.006
P12onSk  87 2026 07 15.5  22.3115 -32.2979 21.3 Updated July 16.58 UT            6   1.06 20.8  0.226
P12onSi  79 2026 07 15.5  22.0064 -23.8624 20.8 Updated July 15.64 UT            6   0.09 18.4  1.195
P12onSj 100 2026 07 15.5  22.7781 -28.7362 20.9 Updated July 15.64 UT            6   0.08 18.9  1.196
ZTF10Ep 100 2026 07 15.3   2.8402  -6.8418 20.7 Added July 15.58 UT              4   0.04 26.9  1.413
P12onRT 100 2026 07 15.4  20.4346 -39.7576 19.9 Updated July 16.67 UT           10   0.70 20.9  0.649
W2onRQ  100 2026 07 15.4  19.9796 -24.4054 19.8 Added July 15.55 UT              4   0.00 26.5  1.366
P12onRm  96 2026 07 15.4  19.6877 -24.9704 20.9 Updated July 15.63 UT            5   0.13 20.5  1.277
ST26G39  91 2026 07 15.2  18.1007 +35.1050 21.0 Updated July 16.40 UT           21   0.95 25.9  0.612
XA9yiXA  10 2026 07 14.7  19.6286  -5.2480 20.0 Updated July 16.21 UT           46 2459.97 19.4  0.585
P12onNw  35 2026 07 14.3  17.5138  -1.7375 20.6 Updated July 15.87 UT           17   3.16 12.1  1.372
P12onNt 100 2026 07 14.4  19.9947 -29.1930 20.1 Updated July 16.44 UT           10   1.85 25.2  0.528
P12omkz 100 2026 07 14.4  20.6017 -34.7487 21.3 Updated July 15.56 UT           13   6.97 23.9  1.357
P12omkc  71 2026 07 14.4  19.6421 -37.8418 21.0 Updated July 16.54 UT            7   2.02 20.6  0.355
P12o4vO 100 2026 07 11.6   9.9043 -10.0566 27.0 Updated July 15.23 UT            3   0.01 26.0  5.191
ZTF10El 100 2026 07 11.3   0.8276  -3.1040 23.4 Updated July 15.23 UT            4   0.02 27.8  5.452
ZTF10En 100 2026 07 11.4   9.9194 -25.9688 29.3 Updated July 15.23 UT            2   0.00 29.7  5.389
TF26G22 100 2026 07 10.3   7.7541 -18.2571 29.4 Updated July 16.23 UT            2   0.00 28.2  6.487
ST26G01  98 2026 07 07.2  22.2307 -62.5104 23.4 Updated July 15.23 UT           14   0.10 27.0  9.441
P22nJzF  35 2026 06 22.5  22.4181 +18.5271 21.5 Updated July 16.01 UT           26 300.05 14.1  1.352
