C1F32J5 100 2026 05 25.4  17.2133 +11.5011 21.9 Added May 25.48 UT               4   0.02 25.7  0.020
C1F3245  75 2026 05 25.4  17.0343 +10.6829 22.9 Added May 25.48 UT               4   0.02 16.9  0.022
SJA1250 100 2026 05 24.9  16.9319 +61.7802 20.3 Added May 25.42 UT               3   0.03 17.5  0.523
C1F2X35  91 2026 05 25.4  16.3609  +2.1852 21.9 Updated May 25.46 UT             8   0.09 21.4  0.032
C1F2HL5 100 2026 05 25.4  16.2788 -11.3565 22.4 Updated May 25.43 UT             8   0.07 25.5  0.067
C1F2HK5 100 2026 05 25.4  16.2170 -11.1115 21.8 Updated May 25.43 UT             8   0.07 22.8  0.069
C1F1TD5 100 2026 05 25.3  15.5116  +4.8341 22.1 Added May 25.33 UT               4   0.02 27.4  0.165
C03UYWZ 100 2026 05 23.4  16.7600 +10.0877 22.9 Added May 25.30 UT               4   0.02 25.5  2.027
6EO3221 100 2026 05 25.0  11.2283 -40.5206 17.4 Updated May 25.37 UT            22   0.35 23.5  0.152
A11CUyv  96 2026 05 24.1  17.6053 -57.6137 19.0 Updated May 25.44 UT            10   1.27 18.7  0.079
A11CUyu  96 2026 05 24.4  18.6015  +7.3732 18.3 Updated May 25.34 UT            40   0.88 20.3  0.160
P12nfw2 100 2026 05 24.6  21.0150  -4.0707 21.1 Added May 24.67 UT               3   0.02 22.3  0.882
NAOCLYL  85 2026 05 23.8  15.8969 -20.3390 21.6 Added May 24.59 UT               4   0.10 21.5  1.638
A11CQzo 100 2026 05 24.4  20.3035 -19.1416 18.7 Added May 24.51 UT               5   0.05 29.9  1.059
P12nfqd 100 2026 05 24.4  15.9481 -23.0174 20.5 Updated May 25.14 UT             7   0.71 21.4  0.371
oKr0080 100 2026 05 23.9  23.4847 +18.5257 20.2 Added May 24.47 UT               3   0.00 15.5  1.604
C1F1535  87 2026 05 24.4  16.7573  +6.2674 22.5 Updated May 25.30 UT            11   0.87 23.3  0.208
C1F0TQ5  89 2026 05 24.4  15.9059  -7.2254 21.7 Updated May 25.39 UT            15   2.93 24.3  0.229
C1F0EU5  87 2026 05 24.3  15.4294 -10.0887 22.1 Updated May 24.39 UT             8   0.07 14.8  1.103
C1F0295  90 2026 05 24.3  15.3328  -7.2725 22.1 Updated May 25.21 UT            17   0.88 22.2  0.297
6EN3D21 100 2026 05 24.2  16.6065 -79.2929 18.9 Updated May 25.35 UT             3   0.01 21.1  1.259
C1EYPU5 100 2026 05 23.4  15.8480  +3.2075 22.9 Updated May 25.26 UT            11   1.87 24.2  0.245
C1EYPT5  77 2026 05 23.4  15.8066  +0.6512 21.9 Updated May 25.24 UT            25   1.85 24.2  0.266
C1EYD55  69 2026 05 23.3  15.7699 -13.3341 22.1 Updated May 25.35 UT            12   0.95 20.1  1.215
NAOCBPP  99 2026 05 20.7  14.8890 -20.3533 22.2 Updated May 25.35 UT             4   0.13 22.4  4.644
C46CD31 100 2026 05 21.4   1.4705  -3.1088 27.1 Updated May 25.35 UT             7   0.05 28.6  4.051
ST26ED1  98 2026 05 21.2   1.6916 -14.6823 27.6 Updated May 25.35 UT            20   0.16 30.2  4.109
TF26EE0 100 2026 05 20.5  16.3555  +8.8075 24.6 Updated May 24.34 UT             4   0.02 28.8  5.010
ST26EC8  98 2026 05 20.4  21.5801 -30.8730 22.9 Updated May 25.35 UT             6   0.14 28.6  5.057
ST26EC7  98 2026 05 20.4   2.4678  -8.4030 30.0 Updated May 25.35 UT             6   0.11 30.3  5.063
ST26EC5 100 2026 05 20.3  15.2070 -18.8038 20.8 Updated May 25.35 UT             4   0.03 24.6  5.156
P12nfaz  43 2026 05 20.3  13.2215 -27.6633 21.9 Updated May 24.34 UT            12   2.87 18.3  2.302
NAOCAN7 100 2026 05 17.7  15.2821 -21.8895 21.0 Updated May 24.34 UT             4   0.10 19.9  7.642
KPMa1Ih  87 2026 05 18.1  11.1247 -27.9304 23.4 Updated May 24.34 UT             5   0.01 20.8  7.391
CEMVK32  53 2026 05 17.4  16.5025  +8.5534 21.7 Updated May 24.42 UT            50  11.97 20.1  1.089
P12neKs  35 2026 05 14.6  18.0312 +57.0008 19.9 Updated May 25.03 UT           167  10.45 15.1  0.474
