A11CUyv 100 2026 05 24.1  17.6197 -58.0945 18.8 Added May 24.89 UT               4   0.03 19.4  0.779
A11CUyu  98 2026 05 24.4  18.7485  +9.1304 18.2 Updated May 24.93 UT            11   0.48 20.1  0.017
P12nfw2 100 2026 05 24.6  20.9788  -4.3127 21.3 Added May 24.67 UT               3   0.02 22.3  0.339
NAOCLYL  85 2026 05 23.8  15.8946 -20.8852 21.6 Added May 24.59 UT               4   0.10 21.5  1.095
A11CQzo 100 2026 05 24.4  18.7629 -18.1540 17.5 Added May 24.51 UT               5   0.05 29.9  0.516
P12nfqd 100 2026 05 24.4  15.9615 -23.6231 20.2 Added May 24.49 UT               4   0.03 21.2  0.508
oKr0080 100 2026 05 23.9  23.4826 +18.5095 20.3 Added May 24.47 UT               3   0.00 15.5  1.061
C1F15H5 100 2026 05 24.4  16.7841 +24.0613 21.5 Updated May 24.48 UT             8   0.03 24.6  0.474
P22nfp8  98 2026 05 24.4  15.8426  +1.0413 20.3 Updated May 24.94 UT             9   0.54 24.9  0.025
C1F1535  84 2026 05 24.4  16.7561  +6.1120 22.6 Updated May 24.48 UT             8   0.05 20.2  0.476
C1F0TQ5 100 2026 05 24.4  15.9387  -6.4890 21.6 Updated May 24.48 UT            10   0.09 22.8  0.481
CEP5GZ2  98 2026 05 24.4  15.9519  +1.4842 20.4 Updated May 24.91 UT            15   0.51 25.7  0.050
C1F0L35 100 2026 05 24.3  15.0684  +2.5989 22.4 Updated May 24.42 UT             8   0.08 21.9  0.534
ST26EG3  98 2026 05 24.3  17.7018  -4.9943 19.7 Updated May 24.57 UT            14   0.21 27.5  0.401
C1F0EU5  82 2026 05 24.3  15.4408 -10.0912 22.1 Updated May 24.39 UT             8   0.07 14.8  0.560
C1F0295 100 2026 05 24.3  15.3430  -7.3862 22.1 Updated May 24.43 UT            12   0.12 21.6  0.516
6EN3D21 100 2026 05 24.2  16.6567 -79.0391 19.1 Added May 24.29 UT               3   0.01 19.2  0.716
CEP0PP2  98 2026 05 24.2  15.0454  -7.4185 20.3 Updated May 24.40 UT            15   0.16 28.5  0.549
C1EYRR5  91 2026 05 23.4  15.8772  +1.5909 22.4 Updated May 24.68 UT            18   1.10 25.0  0.471
C1EYQL5 100 2026 05 23.4  15.8278  +0.6060 22.0 Updated May 24.68 UT            12   1.10 24.3  0.471
C1EYPU5 100 2026 05 23.4  15.8389  +3.1217 22.8 Updated May 24.37 UT             9   0.64 24.0  0.933
C1EYPT5  89 2026 05 23.4  15.8143  +1.2387 21.8 Updated May 24.68 UT            19   1.10 24.2  0.471
C1EYD55  64 2026 05 23.3  15.7861 -13.2068 22.1 Updated May 24.30 UT            12   0.95 20.1  0.671
C1EXH55  93 2026 05 23.3  14.0360  +6.1169 22.5 Updated May 24.21 UT            20   0.91 23.7  0.759
6EM3521  79 2026 05 23.1  13.1331 -10.6302 20.2 Updated May 24.29 UT            29   1.14 22.4  0.757
NAOCBPP 100 2026 05 20.7  14.8797 -19.9398 22.3 Updated May 24.34 UT             4   0.13 22.4  4.101
C46CD31 100 2026 05 21.4   1.3828  -3.2280 26.8 Updated May 23.35 UT             7   0.05 28.6  3.508
ST26ED1  98 2026 05 21.2   1.6542 -14.8257 27.3 Updated May 23.35 UT            20   0.16 30.2  3.566
TF26EE0 100 2026 05 20.5  16.3601  +8.8175 24.4 Updated May 24.34 UT             4   0.02 28.8  4.467
ST26EC8  98 2026 05 20.4  21.3448 -30.6543 22.6 Updated May 23.35 UT             6   0.14 28.6  4.514
ST26EC7  98 2026 05 20.4   2.4572  -8.4086 29.8 Updated May 23.35 UT             6   0.11 30.3  4.520
ST26EC5 100 2026 05 20.3  15.2990 -18.2615 20.6 Updated May 24.34 UT             4   0.03 24.8  4.612
P12nfaz  43 2026 05 20.3  13.2253 -27.7657 21.9 Updated May 24.34 UT            12   2.87 18.3  1.759
NAOCAN7 100 2026 05 17.7  15.2810 -21.8760 20.9 Updated May 24.34 UT             4   0.10 19.9  7.099
KPMa1Ih  87 2026 05 18.1  11.1242 -27.7002 23.4 Updated May 24.34 UT             5   0.01 20.8  6.848
CEMVK32  35 2026 05 17.4  16.5413  +8.8126 21.7 Updated May 24.42 UT            50  11.97 20.1  0.546
P12neKs  35 2026 05 14.6  18.0496 +57.0752 19.9 Updated May 24.37 UT           161   9.46 15.1  0.919
