ST26EB8 100 2026 05 19.4  16.6576  +7.7471 19.4 Updated May 19.95 UT            11   0.49 25.4  0.088
LA0C0VD 100 2026 05 17.5  22.5747 -67.6750 22.8 Added May 19.61 UT               6   0.07 30.8  2.407
CEN5QX2 100 2026 05 19.4  16.1308 -15.1487 20.5 Updated May 20.02 UT            15   0.54 25.2  0.097
A11CGDH  98 2026 05 19.2  16.2862 -72.2445 19.2 Updated May 20.02 UT             7   0.76 22.0  0.051
A11CGDI 100 2026 05 19.2  17.1414 -45.4751 18.8 Updated May 19.48 UT             8   0.17 20.7  0.670
NAOCAN7 100 2026 05 17.7  15.2740 -21.7393 20.6 Added May 19.07 UT               4   0.10 19.6  2.181
KPMa1Ih  87 2026 05 18.1  11.1313 -25.4725 23.2 Added May 18.68 UT               5   0.01 21.2  1.930
A11CDyX  83 2026 05 18.0  10.8739 -32.2871 19.7 Updated May 20.01 UT            15   1.92 20.7  0.063
P22nf3F  10 2026 05 17.5  17.5974 +37.2703 21.6 Updated May 20.00 UT            38 3318.03 19.2  0.578
CEMVK32  35 2026 05 17.4  16.9216 +11.1773 21.5 Updated May 19.63 UT            38   7.00 20.1  0.597
A11Cvk7 100 2026 05 16.9  13.1927 -71.0144 19.5 Updated May 18.37 UT             4   0.03 22.7  3.103
CEMRK82  84 2026 05 16.5  21.6153 -10.4102 21.5 Updated May 18.37 UT             3   0.01 17.3  3.568
A11Cswo 100 2026 05 16.0  17.0922 -22.9446 18.3 Updated May 18.37 UT             4   0.02 20.9  4.030
ST26E75  98 2026 05 15.2   2.5271 -21.1942 27.5 Updated May 18.37 UT             7   0.09 28.6  4.712
P12neKs  35 2026 05 14.6  18.2104 +57.6301 20.1 Updated May 19.97 UT            86   5.34 15.2  0.115
CEMAUH2 100 2026 05 14.4  15.8581 -16.8701 21.1 Updated May 18.39 UT             6   0.07 23.9  5.589
