CEN5QX2 100 2026 05 19.4  16.0765 -15.3494 21.2 Added May 19.43 UT               4   0.01 25.0  0.038
ST26EB6  98 2026 05 19.3  16.6303  -8.2551 19.5 Updated May 19.39 UT            10   0.11 27.7  0.063
A11CGDH 100 2026 05 19.2  16.1961 -72.6575 19.3 Added May 19.28 UT               4   0.02 19.2  0.207
A11CGDI 100 2026 05 19.2  17.0634 -46.2219 18.8 Added May 19.28 UT               4   0.02 20.7  0.235
ST26EB3  98 2026 05 19.3  15.8182  -6.4795 19.4 Updated May 19.43 UT            14   0.17 30.7  0.025
MZ26114  98 2026 05 18.8  15.6251  -8.9143 18.4 Updated May 19.41 UT            13   0.61 27.1  0.036
6EI3621  98 2026 05 19.1  12.7428  -7.8431 20.3 Updated May 19.21 UT            13   0.13 27.0  0.245
NAOCAN7 100 2026 05 17.7  15.2735 -21.7231 20.6 Added May 19.07 UT               4   0.10 19.6  1.596
KPMa1Ih  87 2026 05 18.1  11.1334 -25.1897 23.2 Added May 18.68 UT               5   0.01 21.2  1.345
A11CDyX 100 2026 05 18.0  10.8401 -32.7124 19.8 Updated May 19.41 UT            12   1.32 20.8  0.078
P22nf7G 100 2026 05 17.6  16.2334 +35.8117 22.1 Updated May 19.41 UT            11   1.78 23.1  0.099
P22nf3F  37 2026 05 17.5  17.5983 +37.1780 21.4 Updated May 18.35 UT            12   0.81 19.0  1.146
CEMVK32 100 2026 05 17.4  16.9701 +11.4575 21.6 Updated May 19.19 UT            32   6.64 20.1  0.371
A11Cvk7 100 2026 05 16.9  13.3760 -71.6334 19.6 Updated May 18.37 UT             4   0.03 22.7  2.519
CEMRK82  84 2026 05 16.5  21.5988 -10.2921 21.5 Updated May 18.37 UT             3   0.01 17.3  2.983
A11Cswo 100 2026 05 16.0  17.1301 -23.1036 18.4 Updated May 18.37 UT             4   0.02 20.9  3.445
ST26E84  98 2026 05 15.4  15.5642 +10.6321 20.9 Updated May 18.37 UT             6   0.47 26.4  3.558
ST26E75  98 2026 05 15.2   2.5208 -21.8137 27.1 Updated May 18.37 UT             7   0.09 28.6  4.127
P12neKs  35 2026 05 14.6  18.2287 +57.6826 20.1 Updated May 19.35 UT            75   4.47 15.2  0.400
CEMAUH2 100 2026 05 14.4  15.9195 -15.0268 21.1 Updated May 18.39 UT             6   0.07 23.9  5.004
C1EUYV5  35 2026 04 27.5  17.2068 +18.9919 21.9 Updated May 16.81 UT            36 303.02 12.8  0.143
