ST26EB8 100 2026 05 19.4  16.7569  +9.6796 19.5 Updated May 19.95 UT            11   0.49 25.4  0.297
CEN5QX2 100 2026 05 19.4  16.1512 -15.0748 20.4 Updated May 20.02 UT            15   0.54 25.2  0.305
A11CGDH 100 2026 05 19.2  16.3177 -72.0882 19.2 Updated May 20.02 UT             7   0.76 22.0  0.260
A11CGDI  96 2026 05 19.2  17.1703 -45.2111 18.8 Updated May 20.20 UT            18   0.88 21.5  0.174
NAOCAN7 100 2026 05 17.7  15.2742 -21.7451 20.6 Added May 19.07 UT               4   0.10 19.6  2.389
KPMa1Ih  87 2026 05 18.1  11.1306 -25.5726 23.2 Added May 18.68 UT               5   0.01 21.2  2.138
A11CDyX  93 2026 05 18.0  10.8862 -32.1328 19.7 Updated May 20.01 UT            15   1.92 20.7  0.271
CEMVK32  35 2026 05 17.4  16.9044 +11.0773 21.6 Updated May 19.63 UT            38   7.00 20.1  0.806
A11Cvk7 100 2026 05 16.9  13.1299 -70.7814 19.5 Updated May 18.37 UT             4   0.03 22.7  3.312
CEMRK82  84 2026 05 16.5  21.6212 -10.4527 21.5 Updated May 18.37 UT             3   0.01 17.3  3.776
A11Cswo 100 2026 05 16.0  17.0781 -22.8854 18.3 Updated May 18.37 UT             4   0.02 20.9  4.238
ST26E75  98 2026 05 15.2   2.5290 -21.0143 27.6 Updated May 18.37 UT             7   0.09 28.6  4.920
P12neKs  35 2026 05 14.6  18.2038 +57.6108 20.1 Updated May 20.03 UT            90   5.34 15.2  0.323
CEMAUH2 100 2026 05 14.4  15.8369 -17.4997 21.1 Updated May 18.39 UT             6   0.07 23.9  5.797
