C46D641 100 2026 05 27.3  14.5628 +22.5431 20.4 Added May 27.47 UT               4   0.01 20.7  0.325
C1F44U5 100 2026 05 27.3  16.0638 +42.8667 21.7 Updated May 27.45 UT             8   0.11 25.0  0.223
CEP5YT2 100 2026 05 27.2  14.2150 +38.2790 21.7 Updated May 27.32 UT             7   0.05 21.5  0.361
A11CWPw 100 2026 05 26.6  22.2905 -15.0212 18.1 Added May 26.81 UT               4   0.02 28.7  1.082
P12nfxy 100 2026 05 26.6  17.4630  +3.9423 20.8 Updated May 27.30 UT             9   0.90 24.5  0.369
C1F4195 100 2026 05 26.4  16.1316  +9.3749 22.4 Updated May 26.45 UT             7   0.07 27.6  1.209
C1F4075 100 2026 05 26.4  16.0537 +26.0889 22.2 Updated May 27.43 UT            11   1.05 25.2  0.252
P12nfxd 100 2026 05 25.6  17.8104 +16.8994 21.9 Updated May 26.45 UT            14   2.00 22.6  1.224
C1F32J5 100 2026 05 25.4  17.1888 +15.8837 22.1 Updated May 27.37 UT             9   1.88 23.7  0.324
C1F3245  48 2026 05 25.4  16.9874 +10.4997 22.6 Updated May 26.78 UT            11   1.00 20.2  1.213
SJA1250 100 2026 05 24.9  16.7928 +60.9106 20.2 Updated May 27.36 UT             3   0.03 17.1  2.691
C1F2HL5 100 2026 05 25.4  16.5470 -11.9251 22.4 Updated May 27.35 UT             8   0.07 26.0  2.235
C1F1TD5 100 2026 05 25.3  15.8257  +4.5426 24.5 Updated May 26.35 UT             4   0.02 33.6  2.333
C03UYWZ 100 2026 05 23.4  16.7283 +14.4250 22.3 Updated May 27.18 UT             9   2.98 23.2  1.235
P12nfw2 100 2026 05 24.6  21.1307  -3.2123 21.7 Updated May 27.46 UT            12   2.86 20.4  0.206
NAOCLYL  85 2026 05 23.8  15.9063 -18.2503 21.8 Updated May 26.35 UT             4   0.10 21.7  3.806
A11CQzo 100 2026 05 24.4  22.0862 -16.7074 21.4 Updated May 26.35 UT             5   0.05 29.8  3.227
oKr0080 100 2026 05 23.9  23.4931 +18.5911 20.4 Updated May 27.35 UT             3   0.00 18.0  3.772
C1F1535  97 2026 05 24.4  16.7580  +6.8741 22.3 Updated May 26.35 UT            11   0.87 23.3  2.376
C1F0EU5  85 2026 05 24.3  15.3861 -10.0914 22.0 Updated May 27.36 UT            13   1.97 19.9  1.374
C1F0295  90 2026 05 24.3  15.2921  -6.8339 22.1 Updated May 27.35 UT            20   1.78 22.2  1.570
6EN3D21 100 2026 05 24.2  16.2452 -80.2767 18.7 Updated May 27.35 UT             3   0.01 20.4  3.427
C1EYPU5 100 2026 05 23.4  15.8853  +3.5172 22.8 Updated May 26.35 UT            11   1.87 24.1  2.413
NAOCBPP  99 2026 05 20.7  14.9219 -21.6794 22.3 Updated May 27.35 UT             4   0.13 22.3  6.812
ST26EC8  98 2026 05 20.4  22.1365 -30.9980 23.8 Updated May 27.35 UT             6   0.14 28.6  7.225
P12nfaz  43 2026 05 20.3  13.2078 -27.2556 22.0 Updated May 26.35 UT            12   2.87 18.3  4.470
NAOCAN7 100 2026 05 17.7  15.2891 -21.9486 21.0 Updated May 26.35 UT             4   0.10 19.7  9.810
KPMa1Ih  87 2026 05 18.1  11.1294 -28.9061 23.5 Updated May 26.35 UT             5   0.01 20.9  9.559
CEMVK32  53 2026 05 17.4  16.3540  +7.5287 21.8 Updated May 27.35 UT            52  11.97 20.1  3.258
