C46D641 100 2026 05 27.3  14.5307 +22.4998 20.4 Added May 27.47 UT               4   0.01 20.7  0.785
C1F44U5 100 2026 05 27.3  16.1510 +42.3297 21.7 Updated May 27.45 UT             8   0.11 25.0  0.683
CEP5YT2 100 2026 05 27.2  14.2461 +38.2066 21.8 Updated May 27.32 UT             7   0.05 21.5  0.821
A11CWPw 100 2026 05 26.6  22.8595 -10.9959 18.3 Added May 26.81 UT               4   0.02 28.7  1.542
C1F4195 100 2026 05 26.4  16.1396  +9.9562 22.5 Updated May 26.45 UT             7   0.07 27.6  1.669
P12nfxd 100 2026 05 25.6  17.8028 +17.0887 21.9 Updated May 26.45 UT            14   2.00 22.6  1.683
C1F32J5 100 2026 05 25.4  17.1834 +16.8012 22.0 Updated May 27.70 UT            11   1.88 23.6  0.784
C1F3245  48 2026 05 25.4  16.9773 +10.4558 22.6 Updated May 26.78 UT            11   1.00 20.2  1.673
SJA1250 100 2026 05 24.9  16.7643 +60.7178 20.2 Updated May 27.36 UT             3   0.03 17.1  3.151
C1F2HL5 100 2026 05 25.4  16.6030 -12.0409 22.4 Updated May 27.35 UT             8   0.07 26.0  2.695
C1F1TD5 100 2026 05 25.3  15.8449  +4.4901 24.8 Updated May 26.35 UT             4   0.02 33.6  2.793
C03UYWZ  98 2026 05 23.4  16.7230 +15.2428 22.2 Updated May 27.70 UT            13   5.98 23.1  1.695
P12nfw2  95 2026 05 24.6  21.1569  -3.0213 21.7 Updated May 27.69 UT            14   3.01 20.3  0.516
NAOCLYL  85 2026 05 23.8  15.9083 -17.8169 21.8 Updated May 26.35 UT             4   0.10 21.7  4.265
A11CQzo 100 2026 05 24.4  22.2108 -16.3953 21.7 Updated May 26.35 UT             5   0.05 29.8  3.687
oKr0080 100 2026 05 23.9  23.4946 +18.6037 20.4 Updated May 27.35 UT             3   0.00 18.0  4.232
C1F1535  97 2026 05 24.4  16.7580  +7.0031 22.3 Updated May 26.35 UT            11   0.87 23.3  2.836
6EN3D21 100 2026 05 24.2  16.1504 -80.4915 18.7 Updated May 27.35 UT             3   0.01 20.4  3.887
C1EYPU5 100 2026 05 23.4  15.8933  +3.5753 22.8 Updated May 26.35 UT            11   1.87 24.1  2.873
NAOCBPP  99 2026 05 20.7  14.9290 -21.9530 22.3 Updated May 27.35 UT             4   0.13 22.3  7.272
ST26EC8  98 2026 05 20.4  22.2131 -30.9751 24.0 Updated May 27.35 UT             6   0.14 28.6  7.685
P12nfaz  43 2026 05 20.3  13.2052 -27.1695 22.0 Updated May 26.35 UT            12   2.87 18.3  4.930
NAOCAN7 100 2026 05 17.7  15.2904 -21.9598 21.0 Updated May 26.35 UT             4   0.10 19.7 10.270
KPMa1Ih  87 2026 05 18.1  11.1309 -29.0967 23.5 Updated May 26.35 UT             5   0.01 20.9 10.019
CEMVK32  51 2026 05 17.4  16.3238  +7.3139 21.8 Updated May 27.66 UT            59  13.11 20.1  2.580
