TF26E67 100 2026 05 12.4  15.3269 -12.5976 18.7 Added May 12.67 UT               2   0.00 24.5  0.258
ST26E47 100 2026 05 12.4  15.3306 -12.5084 18.5 Added May 12.67 UT               2   0.00 24.8  0.269
P22n55t  78 2026 05 12.4  15.0473 -13.4193 21.2 Updated May 12.69 UT             6   0.10 19.9  0.148
P22n52K 100 2026 05 12.4  15.2234 -11.3762 21.0 Updated May 12.69 UT             6   0.10 24.1  0.147
P22n4V7 100 2026 05 12.4  14.4222 -20.1683 21.6 Updated May 12.68 UT             5   0.10 20.2  0.198
P22n4V6 100 2026 05 12.4  14.0282 -22.8391 21.7 Updated May 12.68 UT             6   0.10 21.5  0.200
P22n4V9  95 2026 05 12.4  14.4037 -16.4887 21.8 Updated May 12.69 UT             8   0.10 23.1  0.196
P22n4V8 100 2026 05 12.4  14.3741 -16.2545 21.2 Updated May 12.68 UT             6   0.09 25.7  0.196
CEM28F2 100 2026 05 12.4  17.4846 +15.6308 21.1 Updated May 12.47 UT             9   0.06 25.2  0.229
P22n4PE 100 2026 05 12.3  13.6670  -8.7596 20.3 Updated May 12.68 UT             6   0.10 25.3  0.252
P22n4PD 100 2026 05 12.4  13.7828  -8.9016 20.8 Updated May 12.68 UT             5   0.08 27.2  0.251
P22n4PC  69 2026 05 12.4  13.9728 -14.8537 20.6 Updated May 12.68 UT             5   0.08 20.2  0.254
P22n4PB  96 2026 05 12.3  13.6461 -10.2580 21.1 Updated May 12.68 UT             8   0.10 23.1  0.252
C469Q01  98 2026 05 12.4  16.6571  -3.6722 18.5 Updated May 12.61 UT            15   0.20 26.6  0.090
CEM26R2  67 2026 05 12.4  16.6288 +15.5343 20.6 Updated May 12.65 UT            10   0.22 16.9  0.080
C469P61 100 2026 05 12.4  15.9998  -6.4344 19.0 Updated May 12.44 UT            11   0.07 27.5  0.252
CEM1YU2  98 2026 05 12.3  15.1586 +11.1967 20.6 Updated May 12.43 UT            12   0.10 28.1  0.266
CEM20F2  98 2026 05 12.3  14.8238 +17.4382 22.0 Updated May 12.43 UT            12   0.10 27.0  0.263
CEM1XD2  75 2026 05 12.3  14.5454 +17.7637 22.0 Updated May 12.41 UT            11   0.11 17.1  0.277
ST26E41  98 2026 05 12.3  15.1500 -15.1110 19.1 Updated May 12.40 UT            12   0.11 28.7  0.299
CEM1R02 100 2026 05 12.3  13.6515 +16.9024 21.7 Updated May 12.42 UT            12   0.14 21.2  0.272
ST26E39 100 2026 05 12.2  12.9262 -20.3854 19.5 Updated May 12.26 UT            10   0.07 23.5  0.428
6EB3121 100 2026 05 12.0  10.3046  -9.7377 19.9 Updated May 12.18 UT             9   0.19 23.7  0.526
SO0005e 100 2026 05 11.7  21.9242 -18.4789 21.1 Added May 12.10 UT               3   0.00 28.8  0.980
SO0005d 100 2026 05 11.7  18.0208 -30.0071 19.3 Added May 12.10 UT               4   0.00 27.8  0.979
SO0005c 100 2026 05 11.7  20.0867 -36.6861 20.2 Added May 12.05 UT               3   0.00 28.5  1.033
SO0005b 100 2026 05 11.6  22.1097 -16.7787 19.4 Added May 12.04 UT               3   0.00 26.6  1.043
C469HY1  91 2026 05 11.4  18.4928 +31.8409 19.0 Updated May 12.67 UT            40   0.92 25.8  0.374
CELXZH2 100 2026 05 11.3  14.7887 +24.0939 22.7 Added May 11.37 UT               3   0.01 22.0  1.343
ST26E34 100 2026 05 10.5  14.8732 +17.8987 22.9 Updated May 12.32 UT             2   0.00 28.1  2.230
6E94521  84 2026 05 10.4  19.4652 -59.2447 19.5 Updated May 12.49 UT            28   2.04 19.0  0.288
XA9ttXA  77 2026 05 08.8  15.1009  +1.8841 22.5 Updated May 12.19 UT            16   3.41 21.8  0.522
ST26E18 100 2026 05 09.4  15.4977 -14.5067 23.2 Updated May 11.31 UT             4   0.00 30.1  3.325
CELRZD2 100 2026 05 09.2  12.4665 +36.3252 22.3 Updated May 12.32 UT             8   0.10 22.7  3.343
ZTF10Dl 100 2026 05 08.3  18.9276 -15.5240 21.5 Updated May 12.32 UT             4   0.03 26.9  4.322
ST26E14 100 2026 05 08.4  13.3432  -3.1405 18.2 Updated May 12.32 UT             2   0.00 19.8  4.266
P22n0vC  10 2026 05 08.3  14.7809  +9.6411 22.3 Updated May 12.45 UT            31   4.10 19.9  0.261
P22n0fQ  97 2026 05 07.4  15.0776 +10.0617 22.7 Updated May 11.31 UT             3   0.04 24.4  5.283
S001563  73 2026 05 07.0  12.9931 -26.9847 21.6 Updated May 12.31 UT             3   0.03 18.9  5.614
P22mZLU  73 2026 05 06.3  11.8371 -15.5930 21.0 Updated May 11.60 UT            17   4.96 20.7  1.458
A11BRI6  35 2026 05 03.0  11.0963 -39.0807 19.0 Updated May 12.68 UT            76   9.17 19.9  0.508
C1EUYV5  35 2026 04 27.5  17.3005 +18.6541 21.8 Updated May 12.54 UT            33  15.04 12.7  0.183
