A11CDyX 100 2026 05 18.0  10.7852 -33.4192 19.6 Added May 18.22 UT               4   0.02 21.1  0.379
P22nf7J 100 2026 05 17.6  16.4001 +33.2173 21.0 Updated May 18.37 UT             9  20.57 23.1  0.466
P22nf7G 100 2026 05 17.6  16.2061 +34.8657 22.1 Added May 17.77 UT               4   0.04 22.8  0.841
P22nf3F  32 2026 05 17.5  17.5994 +37.0117 21.4 Updated May 18.35 UT            12   0.81 19.0  0.145
CEMVK32 100 2026 05 17.4  17.0547 +11.9346 21.6 Updated May 18.33 UT            30   5.77 20.2  0.240
A11Cvk7 100 2026 05 16.9  13.7143 -72.5649 19.6 Updated May 18.37 UT             4   0.03 22.7  1.517
CEMRK82  84 2026 05 16.5  21.5705 -10.0944 21.5 Updated May 18.37 UT             3   0.01 17.3  1.982
A11Cswo 100 2026 05 16.0  17.1902 -23.3527 18.6 Updated May 18.37 UT             4   0.02 20.9  2.444
ZTF10Du 100 2026 05 15.3  16.8721 -36.3676 19.5 Updated May 18.37 UT             4   0.03 26.4  3.148
ST26E84  98 2026 05 15.4  15.4133 +10.7157 20.7 Updated May 18.37 UT             6   0.47 26.4  2.556
ST26E75  98 2026 05 15.2   2.5028 -23.5745 26.3 Updated May 18.37 UT             7   0.09 28.6  3.126
P12neKs  35 2026 05 14.6  18.2597 +57.7662 20.2 Updated May 18.33 UT            58   3.67 15.3  0.207
RFD0300 100 2026 05 13.0  19.2612 -43.9605 25.1 Updated May 18.38 UT             2   0.00 29.8  5.415
CEMAUH2 100 2026 05 14.4  16.0307 -11.5989 21.2 Updated May 18.39 UT             6   0.07 23.9  4.003
ST26E61 100 2026 05 14.3  16.6989  +0.7320 23.8 Updated May 18.39 UT             6   0.05 28.9  4.079
MZ26075 100 2026 05 13.8  17.9797 +21.7735 21.1 Updated May 18.37 UT             3   0.01 25.0  4.623
A11CmCW 100 2026 05 13.3   6.4105 -69.7996 21.1 Updated May 18.39 UT             4   0.02 25.6  5.071
A11CmCS 100 2026 05 13.3  17.2301 -30.4623 20.7 Updated May 18.37 UT             4   0.04 25.6  5.129
OCA1642  84 2026 05 13.1  13.6994 -31.4008 19.5 Updated May 18.37 UT             3   0.02 14.2  5.318
S001563  73 2026 05 07.0  12.9754 -27.2524 21.6 Updated May 18.37 UT             3   0.03 17.7 11.368
C1EUYV5  35 2026 04 27.5  17.2210 +18.9463 21.9 Updated May 16.81 UT            36 300.17 12.8  1.984
