TF26EG7 100 2026 05 22.5  15.7376  +9.3457 19.4 Added May 22.47 UT               2   0.00 23.5  0.188
ST26EE8  98 2026 05 22.2  15.4716 +11.7638 18.6 Updated May 22.47 UT             4   0.22 26.2  0.188
MKp7968  85 2026 05 17.7  14.1223  +5.3193 21.7 Added May 22.41 UT               6   4.04 23.0  0.957
C46CH71 100 2026 05 22.3  15.1854 +25.6999 19.6 Updated May 22.39 UT             8   0.04 23.6  0.271
C46CH41 100 2026 05 22.3  15.6276 +18.3502 19.7 Updated May 22.46 UT            12   0.10 25.7  0.209
ST26EE4  98 2026 05 22.3  18.2664 +17.1701 20.5 Updated May 22.46 UT            18   0.13 29.0  0.205
ST26EE3  98 2026 05 22.3  16.3677  +8.5792 19.5 Updated May 22.47 UT            12   0.21 28.4  0.196
CENWC52  98 2026 05 22.3  15.7425  -3.1073 20.1 Updated May 22.49 UT            15   0.18 27.7  0.177
CENU0L2  98 2026 05 22.2  14.0400  -3.4694 21.8 Updated May 22.37 UT             9   0.13 27.4  0.293
CENV8M2  98 2026 05 22.3  15.4879  +3.1873 18.0 Updated May 22.42 UT            19   0.12 31.1  0.258
NAOCBPP  97 2026 05 20.7  14.8382 -18.5356 21.4 Updated May 22.52 UT             8   1.14 21.4  0.805
8N2S001 100 2026 05 22.0  17.7827 +15.8381 19.1 Added May 22.24 UT               3   0.01 24.4  0.607
Sar2899  98 2026 05 22.0  16.0501 +11.5879 20.8 Updated May 22.45 UT            24   0.46 29.6  0.213
CZYNHKZ 100 2026 05 14.4  16.3712  +2.4269 21.4 Updated May 22.04 UT             4   0.02 22.8  8.273
C46CD31 100 2026 05 21.4  23.0973  -5.4685 21.6 Updated May 21.45 UT             5   0.05 28.5  1.217
ST26ED8  79 2026 05 21.3  17.6799 +17.4946 20.3 Updated May 22.42 UT            39   1.08 25.8  0.246
ST26ED1  98 2026 05 21.2   0.9107 -17.1982 23.7 Updated May 21.71 UT            20   0.16 30.2  1.275
TF26EE0 100 2026 05 20.5  16.4051  +8.7938 23.0 Updated May 22.38 UT             4   0.02 28.7  2.176
ST26EC8  98 2026 05 20.4  19.3437 -24.8421 20.6 Updated May 21.71 UT             6   0.14 28.6  2.222
ST26EC7  98 2026 05 20.4   2.3439  -8.3533 28.2 Updated May 21.71 UT             6   0.11 30.2  2.228
ST26EC5 100 2026 05 20.3  15.9469 -14.1249 19.4 Updated May 22.38 UT             4   0.03 24.9  2.321
P12nfgD  10 2026 05 20.4  15.9492  -7.5729 21.8 Updated May 22.22 UT            30 5292.85 20.0  0.460
P12nffX  10 2026 05 20.5  16.3658 -20.8789 21.7 Updated May 22.44 UT            15   7.94 19.3  0.263
P12nffV  45 2026 05 20.5  16.4993 -18.6676 20.5 Updated May 22.27 UT            23   2.72 20.2  0.625
P12nfaz  48 2026 05 20.3  13.2431 -28.1988 22.0 Updated May 22.18 UT            10   1.84 18.4  0.491
P22nfat  20 2026 05 20.4  16.1780 +21.5421 22.1 Updated May 22.47 UT            25 623.97 19.7  0.191
NAOCAN7 100 2026 05 17.7  15.2768 -21.8105 20.7 Updated May 22.38 UT             4   0.10 19.7  4.807
KPMa1Ih  87 2026 05 18.1  11.1245 -26.6981 23.3 Updated May 22.38 UT             5   0.01 20.8  4.556
CEMVK32  55 2026 05 17.4  16.7121  +9.9132 21.6 Updated May 21.47 UT            47   9.02 20.1  1.201
P12neKs  35 2026 05 14.6  18.1259 +57.3597 20.0 Updated May 22.02 UT           121   7.45 15.2  0.641
