A11CmCW 100 2026 05 13.3   3.1146 -79.0631 18.4 Added May 13.75 UT               4   0.02 24.5  0.735
A11CmCS 100 2026 05 13.3  16.2727 -40.6904 18.8 Added May 13.75 UT               4   0.04 25.4  0.793
OCA1642  84 2026 05 13.1  13.7699 -31.1528 19.4 Added May 13.56 UT               3   0.02 13.4  0.981
P22nay8  81 2026 05 13.4  15.7683  -1.9151 21.3 Added May 13.52 UT               3   0.02 22.9  0.652
P22nawA 100 2026 05 13.4  15.1629  -3.1887 21.1 Updated May 13.90 UT             7   0.45 24.7  0.223
A11Cmv6 100 2026 05 13.0   8.6282 -50.6634 18.8 Updated May 14.10 UT            10   0.91 18.6  0.145
ST26E47  74 2026 05 12.4  14.9076 -25.7424 19.4 Updated May 14.10 UT            28   1.68 24.9  0.015
P22n4V7 100 2026 05 12.4  14.3786 -19.6684 21.8 Updated May 13.34 UT            12   0.95 21.1  0.772
P22n4V6  81 2026 05 12.4  13.9458 -22.9537 21.6 Updated May 14.09 UT            19   1.59 23.5  0.128
CEM28F2  91 2026 05 12.4  18.0378 +19.2089 20.6 Updated May 14.05 UT            25   1.61 24.7  0.097
P22n4PC  67 2026 05 12.4  13.9689 -13.7479 20.6 Updated May 13.93 UT            11   1.55 21.0  0.196
CEM26R2  30 2026 05 12.4  16.6036 +15.4711 20.6 Updated May 13.26 UT            16   1.45 17.0  1.114
CEM1XD2  23 2026 05 12.3  14.5152 +17.5760 22.2 Updated May 13.86 UT            18   6.19 19.2  0.593
CEM1R02  10 2026 05 12.3  13.5453 +16.9553 21.7 Updated May 14.02 UT            30  20.60 22.1  0.137
SO0005e 100 2026 05 11.7  23.8729  +2.9091 25.6 Updated May 13.34 UT             3   0.00 28.9  2.398
SO0005d 100 2026 05 11.7  18.7811 -26.5161 21.1 Updated May 13.34 UT             4   0.00 28.3  2.397
SO0005c 100 2026 05 11.7  22.4229 -30.9320 22.9 Updated May 13.34 UT             3   0.00 28.3  2.451
SO0005b 100 2026 05 11.6  22.6290 -11.7394 21.6 Updated May 13.33 UT             3   0.00 26.7  2.462
CELXZH2 100 2026 05 11.3  14.7632 +24.2280 22.6 Updated May 13.34 UT             3   0.01 22.1  2.761
ST26E34 100 2026 05 10.5  14.8549 +18.7241 24.0 Updated May 13.34 UT             2   0.00 28.1  3.648
6E94521  10 2026 05 10.4  19.5986 -62.5718 19.6 Updated May 13.71 UT            34   3.04 19.1  0.708
XA9ttXA  75 2026 05 08.8  15.0709  +1.9360 22.5 Updated May 13.17 UT            19   4.39 21.8  0.959
ST26E18 100 2026 05 09.4  15.5049 -14.4973 24.0 Updated May 13.34 UT             4   0.00 30.3  4.743
CELRZD2 100 2026 05 09.2  12.4033 +36.9230 22.6 Updated May 13.33 UT             8   0.10 22.9  4.761
ST26E14 100 2026 05 08.4  13.3165  -2.8293 18.6 Updated May 13.34 UT             2   0.00 17.6  5.684
P22n0fQ  97 2026 05 07.4  15.0234 +10.7613 21.7 Updated May 13.34 UT             3   0.04 23.4  6.701
S001563  73 2026 05 07.0  12.9888 -27.0438 21.5 Updated May 13.34 UT             3   0.03 18.4  7.032
A11BRI6  10 2026 05 03.0  11.3364 -38.3229 19.2 Updated May 13.96 UT            86  10.91 19.9  0.182
C1EUYV5  35 2026 04 27.5  17.2812 +18.7307 21.9 Updated May 13.76 UT            36 297.21 12.8  0.611
