MZ26136 100 2026 06 01.8  14.7065 +70.7288 19.7 Added June 1.98 UT               6   0.01 19.7  0.416
C1F9WZ5 100 2026 06 01.3  17.0575 +27.1410 21.3 Updated June 1.46 UT            12   0.12 24.9  0.737
A11D0Xd 100 2026 05 30.0  19.1984 -40.8061 19.0 Updated June 1.42 UT             4   0.01 24.0  3.151
NAOCYLA 100 2026 05 27.7  16.2500 -20.6352 20.9 Updated June 1.43 UT             4   0.13 21.6  5.324
C07PYDZ 100 2026 05 27.2  14.3153 +47.7591 21.7 Updated June 1.43 UT             4   0.02 19.6  5.990
C1F4195 100 2026 05 26.4  16.1951 +13.5749 23.7 Updated June 1.43 UT             7   0.07 27.6  6.743
C1F3245  48 2026 05 25.4  16.8627  +9.8583 22.6 Updated June 1.43 UT            11   1.00 20.2  6.746
C1F2HL5 100 2026 05 25.4  17.1157 -13.0612 22.7 Updated June 1.43 UT             8   0.07 26.1  7.768
NAOCLYL  85 2026 05 23.8  15.9312 -13.1257 22.1 Updated June 1.43 UT             4   0.10 21.6  9.339
A11CQzo 100 2026 05 24.4  22.7182 -14.9195 23.8 Updated June 1.43 UT             5   0.05 29.9  8.761
oKr0080 100 2026 05 23.9  23.5019 +18.7340 20.2 Updated June 1.42 UT             3   0.00 13.5  9.305
P12nfaz  43 2026 05 20.3  13.1845 -26.2348 22.0 Updated June 1.43 UT            12   2.87 18.3 10.003
