CEMRK82  79 2026 05 16.5  21.5257  -9.7925 21.6 Added May 16.49 UT               3   0.01 17.7  0.397
6EF1B21  99 2026 05 16.2  15.2845 -17.8832 20.1 Added May 16.40 UT               3   0.01 21.4  0.673
ST26E98  88 2026 05 16.3  18.3538 +21.3546 20.6 Updated May 16.79 UT            17   1.12 29.0  0.398
CEMK452  91 2026 05 16.3  14.2845  -4.6274 21.5 Updated May 16.34 UT             8   0.05 20.4  0.532
ST26E89  86 2026 05 16.2  13.5275  +4.2244 18.0 Updated May 16.86 UT            25   0.63 28.9  0.018
CEMEEG2 100 2026 05 16.2  12.3624  -8.4984 20.9 Updated May 16.81 UT            14   0.09 24.7  0.576
A11Cswo 100 2026 05 16.0  17.2743 -23.7049 18.8 Added May 16.13 UT               4   0.02 20.7  0.859
ZTF10Du 100 2026 05 15.3  16.1203 -33.3112 18.2 Added May 15.45 UT               4   0.03 26.1  1.563
ST26E84  98 2026 05 15.4  15.0873 +10.7873 20.3 Updated May 16.23 UT             6   0.47 26.4  0.972
ST26E76  86 2026 05 15.2  14.2941  +8.2589 22.4 Updated May 16.22 UT            17   0.93 30.7  0.695
ST26E75  98 2026 05 15.2   2.3657 -35.6333 22.9 Updated May 16.82 UT             7   0.09 28.6  1.541
6EE3C21  79 2026 05 15.2  15.8631 -19.0255 19.5 Updated May 16.62 UT            22   1.41 25.9  0.255
A11Cr0m  86 2026 05 15.0  16.0791 -49.8405 17.7 Updated May 16.31 UT            19   1.17 20.0  0.714
P12neKs  93 2026 05 14.6  18.3075 +57.8826 20.3 Updated May 16.46 UT            30   1.68 15.4  0.609
P12nc1c  84 2026 05 14.5  16.7601  -6.1714 21.7 Updated May 16.36 UT            28   1.87 20.1  0.504
RFD0300 100 2026 05 13.0  19.4650 -44.4726 24.4 Updated May 16.38 UT             2   0.00 29.8  3.831
CEMAUH2 100 2026 05 14.4  16.2267  -5.3332 21.3 Updated May 16.38 UT             6   0.07 23.9  2.418
ST26E61 100 2026 05 14.3  16.6139  +0.6513 23.0 Updated May 16.38 UT             6   0.05 29.0  2.495
MZ26075 100 2026 05 13.8  16.7708  -1.5904 22.1 Updated May 16.37 UT             3   0.01 27.4  3.038
A11CmCW 100 2026 05 13.3   6.0765 -72.8086 20.5 Updated May 16.38 UT             4   0.02 24.8  3.486
A11CmCS 100 2026 05 13.3  17.0753 -32.4060 20.1 Updated May 16.38 UT             4   0.04 25.4  3.545
OCA1642  84 2026 05 13.1  13.7251 -31.3130 19.4 Updated May 16.37 UT             3   0.02 14.0  3.733
CEM26R2  10 2026 05 12.4  16.5526 +15.3122 20.6 Updated May 16.46 UT            32   4.64 17.0  0.678
CEM1XD2  16 2026 05 12.3  14.4583 +17.1718 22.2 Updated May 16.38 UT            22   7.84 19.2  1.700
SO0005e 100 2026 05 11.7   0.2762  +7.4971 27.8 Updated May 16.38 UT             3   0.00 29.4  5.149
SO0005d 100 2026 05 11.7  19.2261 -23.8682 22.7 Updated May 16.38 UT             4   0.00 28.1  5.148
SO0005c 100 2026 05 11.7  23.0522 -27.3882 24.7 Updated May 16.38 UT             3   0.00 28.4  5.202
SO0005b 100 2026 05 11.6  23.0115  -7.8003 23.3 Updated May 16.37 UT             3   0.00 26.6  5.213
S001563  73 2026 05 07.0  12.9814 -27.1752 21.6 Updated May 16.37 UT             3   0.03 18.3  9.783
C1EUYV5  35 2026 04 27.5  17.2432 +18.8709 21.9 Updated May 16.81 UT            36 300.17 12.8  0.400
