P12orqV  78 2026 07 18.5  21.3523  -3.3671 21.1 Added July 18.78 UT              3   0.06 18.6  0.248
P12orqU  66 2026 07 18.5  21.3013  -3.3422 21.3 Added July 18.78 UT              3   0.06 18.7  0.248
P12orpW 100 2026 07 18.5  21.6375  -4.4618 20.8 Added July 18.74 UT              3   0.06 20.7  0.244
P12orbt 100 2026 07 18.4  17.3352 +30.4661 20.0 Updated July 18.58 UT            6   0.11 23.0  0.261
P12orbb  99 2026 07 18.4  19.1689 +43.2043 21.7 Updated July 18.59 UT            5   0.15 22.1  0.257
ST26G69 100 2026 07 18.4  21.0820 +26.7586 18.8 Updated July 18.54 UT            5   0.04 23.5  0.350
ST26G68 100 2026 07 18.4  18.0085 +25.6785 17.3 Added July 18.38 UT              2   0.00 17.0  0.426
TF26G47 100 2026 07 18.2  18.0997 +22.1922 20.4 Added July 18.31 UT              2   0.00 24.5  0.552
ST26G65 100 2026 07 18.2  18.0435 +22.7995 20.5 Added July 18.30 UT              2   0.00 24.0  0.567
orA4607 100 2026 07 17.9  16.9672 +66.9538 20.3 Updated July 18.22 UT            3   0.01 19.6  0.840
ZTF10Ev 100 2026 07 17.4   9.1156 -56.4291 22.3 Added July 18.15 UT              4   0.00 27.7  1.394
RMM2026  35 2026 07 06.3  19.8338 -22.3190 21.8 Updated July 18.48 UT           31  26.84 19.0  0.455
ST26G54 100 2026 07 17.3  18.3210 +14.3969 20.0 Updated July 17.72 UT            5   0.05 21.1  1.410
oNj0343 100 2026 07 15.8  23.4833  +3.1067 21.8 Added July 17.29 UT              3   0.07 19.1  2.930
A11EQsq 100 2026 07 15.9  16.9881 -65.8986 22.2 Added July 17.27 UT              4   0.02 28.3  2.900
A11EQfd  72 2026 07 16.4  20.4399  -4.4861 19.6 Updated July 18.45 UT           40   1.98 26.8  0.517
ZTF10Er  98 2026 07 16.3   4.9568 -39.5817 23.8 Updated July 18.51 UT            8   0.11 30.3  2.413
P12ooQQ  82 2026 07 16.6  20.9748  +2.2789 21.2 Updated July 18.26 UT           11   1.91 21.2  0.544
P22ooQq 100 2026 07 16.6   1.9915 +11.6404 21.7 Updated July 17.54 UT            7   0.94 19.8  1.268
P22ooPS 100 2026 07 16.5  10.4209 -27.9084 21.8 Updated July 18.23 UT            3   0.02 25.3  2.270
P22ooOw 100 2026 07 16.3  17.6822 +55.6537 22.2 Updated July 18.52 UT           15   2.03 21.0  0.435
P12ooOy 100 2026 07 16.3  15.1269 +18.3872 22.4 Updated July 18.51 UT           13   2.03 22.3  0.419
ST26G49 100 2026 07 16.4   1.0841 -35.7125 20.6 Updated July 18.23 UT            4   0.04 27.5  2.383
X89848   77 2026 07 14.8  22.0942 -13.1160 19.7 Updated July 17.24 UT            3   0.03 15.6  4.006
P12onSk 100 2026 07 15.5  22.3316 -32.6531 21.1 Updated July 17.53 UT            9   2.00 20.6  1.280
P12onSj  93 2026 07 15.5  22.8061 -29.1892 21.0 Updated July 17.53 UT            9   2.00 18.8  1.277
ZTF10Ep 100 2026 07 15.3   4.3926  +0.8230 24.2 Updated July 17.24 UT            4   0.04 27.0  3.413
P12onRT  86 2026 07 15.4  20.4533 -39.2648 19.7 Updated July 17.93 UT           16   2.48 20.9  0.875
W2onRQ  100 2026 07 15.4  20.0344 -19.0773 20.7 Updated July 17.23 UT            4   0.00 26.7  3.366
ST26G39  10 2026 07 15.2  17.8389 +42.7455 22.1 Updated July 18.52 UT           28   3.12 26.0  0.448
P12onNw  35 2026 07 14.3  17.4956  -1.6210 20.7 Updated July 18.42 UT           27   6.11 12.3  0.419
TF26G22 100 2026 07 10.3   2.5812 -34.9984 22.6 Updated July 17.24 UT            2   0.00 25.3  8.487
P22nJzF  35 2026 06 22.5  22.3818 +18.3626 21.5 Updated July 17.24 UT           28 300.05 14.2  3.352
