P22n4V7 100 2026 05 12.4  14.4288 -20.2384 21.6 Added May 12.47 UT               3   0.04 22.3  0.055
P22n4V6 100 2026 05 12.4  14.0400 -22.8250 21.6 Added May 12.47 UT               4   0.04 17.8  0.059
P22n4V9  97 2026 05 12.4  14.3998 -16.6975 21.8 Added May 12.46 UT               4   0.04 23.9  0.054
P22n4V8 100 2026 05 12.4  14.3896 -15.7749 21.0 Added May 12.46 UT               3   0.02 22.2  0.054
CEM28F2 100 2026 05 12.4  17.4174 +15.1641 21.1 Updated May 12.47 UT             9   0.06 25.2  0.021
P22n4PE 100 2026 05 12.3  13.6385  -9.7341 20.3 Added May 12.43 UT               3   0.04 24.6  0.103
P22n4PD 100 2026 05 12.4  13.7370  -8.1971 20.8 Added May 12.42 UT               3   0.02 25.9  0.100
P22n4PC  69 2026 05 12.4  13.9737 -15.0173 20.7 Added May 12.42 UT               3   0.02 18.6  0.096
P22n4PB  93 2026 05 12.3  13.6402 -10.4478 20.8 Added May 12.42 UT               4   0.04 20.8  0.103
C469Q01 100 2026 05 12.4  16.5577  -6.0246 18.2 Updated May 12.47 UT            12   0.07 26.5  0.014
CEM26R2  69 2026 05 12.4  16.6324 +15.5426 20.7 Updated May 12.43 UT             7   0.04 17.8  0.056
C469P61 100 2026 05 12.4  15.6911  -7.2796 18.6 Updated May 12.44 UT            11   0.07 27.5  0.043
CEM1YU2  98 2026 05 12.3  15.2050 +12.8797 20.6 Updated May 12.43 UT            12   0.10 28.1  0.058
CEM20F2  98 2026 05 12.3  14.8157 +17.7160 21.9 Updated May 12.43 UT            12   0.10 27.0  0.055
ST26E46 100 2026 05 12.3  16.8228 -19.5326 18.8 Updated May 12.39 UT       S     7   0.07 32.8  0.096
CEM1XD2  75 2026 05 12.3  14.5499 +17.7901 22.0 Updated May 12.41 UT            11   0.11 17.1  0.068
ST26E41  98 2026 05 12.3  15.1648 -16.5236 19.4 Updated May 12.40 UT            12   0.11 28.7  0.091
CEM1R02 100 2026 05 12.3  13.6665 +16.8923 21.6 Updated May 12.42 UT            12   0.14 21.2  0.063
ST26E39 100 2026 05 12.2  13.0544 -19.0349 19.4 Updated May 12.26 UT            10   0.07 23.5  0.220
6EB3121 100 2026 05 12.0  10.2931  -8.7193 20.0 Updated May 12.18 UT             9   0.19 23.7  0.318
SO0005e 100 2026 05 11.7  21.3360 -23.6434 20.2 Added May 12.10 UT               3   0.00 28.8  0.772
SO0005d 100 2026 05 11.7  17.7175 -31.0914 18.9 Added May 12.10 UT               4   0.00 27.8  0.770
SO0005c 100 2026 05 11.7  19.3831 -36.3443 19.7 Added May 12.05 UT               3   0.00 28.5  0.824
SO0005b 100 2026 05 11.6  21.8041 -19.4757 18.8 Added May 12.04 UT               3   0.00 26.6  0.835
C469HY1  91 2026 05 11.4  18.1133 +25.8276 18.7 Updated May 12.32 UT            40   0.92 25.7  0.165
CELXZH2 100 2026 05 11.3  14.7929 +24.0728 22.7 Added May 11.37 UT               3   0.01 22.0  1.135
CELXRN2  89 2026 05 11.3  13.1137 +27.0363 21.0 Updated May 12.27 UT            32   0.90 22.3  0.307
TF26E51 100 2026 05 11.3  15.3496  +8.7712 20.8 Updated May 12.32 UT             2   0.00 26.6  1.208
ST26E34 100 2026 05 10.5  14.8798 +17.6028 22.8 Updated May 12.32 UT             2   0.00 28.1  2.022
6E94521  86 2026 05 10.4  19.4475 -58.7556 19.5 Updated May 12.37 UT            22   1.81 19.1  0.309
XA9ttXA  77 2026 05 08.8  15.1053  +1.8754 22.5 Updated May 12.19 UT            16   3.41 21.8  0.314
ST26E18 100 2026 05 09.4  15.4925 -14.4531 23.1 Updated May 11.31 UT             4   0.00 30.1  3.116
CELRZD2 100 2026 05 09.2  12.4766 +36.2280 22.2 Updated May 12.32 UT             8   0.10 22.7  3.134
TF26E23 100 2026 05 09.2  12.9305  -3.6285 17.9 Updated May 12.47 UT             2   0.00 19.6  3.266
ZTF10Dl 100 2026 05 08.3  18.8990 -15.5275 21.4 Updated May 12.32 UT             4   0.03 26.9  4.114
ST26E14 100 2026 05 08.4  13.3476  -3.1881 18.2 Updated May 12.32 UT             2   0.00 19.8  4.058
P22n0vC  10 2026 05 08.3  14.7860  +9.6731 22.3 Updated May 12.45 UT            31   4.10 19.9  0.053
P22n0fQ  97 2026 05 07.4  15.0788 +10.0483 22.7 Updated May 11.31 UT             3   0.04 24.4  5.075
S001563  73 2026 05 07.0  12.9938 -26.9749 21.6 Updated May 12.31 UT             3   0.03 18.9  5.406
P22mZLU  73 2026 05 06.3  11.8289 -15.7623 21.0 Updated May 11.60 UT            17   4.96 20.7  1.249
A11BRI6  35 2026 05 03.0  11.0574 -39.1923 19.0 Updated May 12.26 UT            64   9.09 19.9  0.376
C1EUYV5  35 2026 04 27.5  17.3034 +18.6424 21.7 Updated May 12.32 UT            30  13.80 12.6  1.214
