ST26E31 100 2026 05 10.4  14.6445  +5.2067 19.0 Added May 10.68 UT               2   0.00 26.2  0.242
ST26E32 100 2026 05 10.4  14.9899  +7.8094 18.8 Added May 10.68 UT               2   0.00 23.4  0.235
ZTF10Dp 100 2026 05 10.2  11.4903 +13.0280 18.2 Added May 10.57 UT               4   0.03 21.9  0.447
6E94521 100 2026 05 10.4  19.3146 -54.5887 18.4 Added May 10.41 UT               3   0.01 20.8  0.315
CELUGR2  98 2026 05 10.3  15.0058 +32.3249 20.3 Updated May 10.42 UT            10   0.09 26.1  0.267
CELUGK2 100 2026 05 10.3  14.8000 +29.6448 21.6 Updated May 10.44 UT            11   0.10 23.4  0.254
ZTF10Do  98 2026 05 10.2  12.8548 -12.7675 18.6 Updated May 10.48 UT             6   0.23 26.6  0.229
ST26E26  98 2026 05 10.2  15.2341  -7.3388 20.0 Updated May 10.42 UT            10   0.17 29.2  0.271
ST26E25  98 2026 05 10.2  14.8547  -3.1288 20.5 Updated May 10.42 UT            13   0.17 28.7  0.276
CELU1Q2 100 2026 05 10.2  11.5824 +31.3800 22.2 Updated May 10.32 UT             7   0.11 25.8  0.378
ST26E24  98 2026 05 10.2  11.8410  -9.8010 18.7 Updated May 10.52 UT            13   0.29 29.1  0.214
P22n4ou  89 2026 05 09.4  14.7326  +7.4871 21.6 Updated May 10.23 UT            11   0.86 21.5  0.467
ZTF10Dn 100 2026 05 09.3  16.5285 -12.3572 19.0 Added May 9.51 UT                4   0.04 26.9  1.353
XA9ttXA  99 2026 05 08.8  15.1421  +1.7895 22.2 Updated May 10.41 UT             8   1.61 20.7  0.317
ST26E18 100 2026 05 09.4  15.6507 -16.2606 20.7 Added May 9.37 UT                4   0.00 28.7  1.323
CELT2A2  94 2026 05 09.3  13.6647 +35.4358 20.4 Updated May 10.67 UT            27   0.91 21.5  0.508
CELT0C2  93 2026 05 09.2  12.8790 +40.9738 20.9 Updated May 10.15 UT            16   0.89 22.9  0.548
CELRZD2 100 2026 05 09.2  12.5866 +35.1464 21.8 Updated May 9.36 UT              8   0.10 22.8  1.341
TF26E23 100 2026 05 09.2  13.0850  -4.6393 17.2 Updated May 10.68 UT             2   0.00 19.6  1.473
ZTF10Dl 100 2026 05 08.3  18.4821 -15.4910 20.2 Updated May 10.31 UT             4   0.03 27.0  2.321
ST26E14 100 2026 05 08.4  13.3881  -3.6111 17.9 Updated May 10.31 UT             2   0.00 21.3  2.265
P22n0vC  26 2026 05 08.3  14.8302  +9.9368 22.3 Updated May 10.26 UT            22   1.91 19.8  0.442
CELLEH2  86 2026 05 08.3  15.8315 -15.9680 22.7 Updated May 10.22 UT            12   1.86 32.6  0.533
P22n0fQ  97 2026 05 07.4  15.0885  +9.9110 22.2 Updated May 9.34 UT              3   0.04 24.3  3.282
ZTF10Di 100 2026 05 07.4  21.9906 -11.2947 22.2 Updated May 9.34 UT              4   0.02 27.4  3.297
S001563  73 2026 05 07.0  13.0014 -26.8875 21.5 Updated May 9.33 UT              3   0.03 17.7  3.613
P22mZLU  93 2026 05 06.3  11.7590 -17.2232 20.9 Updated May 10.68 UT            10   1.71 20.6  2.708
A11BX2S 100 2026 05 05.2  19.2410  +1.4560 20.3 Updated May 9.33 UT              2   0.01 24.8  5.459
A11BRI6  53 2026 05 03.0  10.6771 -40.1221 18.8 Updated May 10.31 UT            50   5.00 19.9  2.672
ZTF10Df  98 2026 05 02.2  10.4194  +1.4430 23.5 Updated May 9.33 UT              9   0.68 26.6  7.846
C1EUYV5  91 2026 04 27.5  17.3274 +18.5407 21.8 Updated May 10.33 UT            24  12.79 12.7  0.431
