A11CQzo 100 2026 05 24.4  16.9685 -13.4887 16.5 Added May 24.51 UT               5   0.05 29.9  0.099
P12nfqd 100 2026 05 24.4  15.9715 -24.0676 20.2 Added May 24.49 UT               4   0.03 21.2  0.092
oKr0080 100 2026 05 23.9  23.4810 +18.4968 20.3 Added May 24.47 UT               3   0.00 15.5  0.644
C1F15H5 100 2026 05 24.4  16.8727 +23.4024 21.4 Updated May 24.48 UT             8   0.03 24.6  0.057
P22nfp8 100 2026 05 24.4  15.9031  +1.8682 20.3 Added May 24.46 UT               4   0.03 23.2  0.119
C1F1535  84 2026 05 24.4  16.7564  +5.9975 22.6 Updated May 24.48 UT             8   0.05 20.2  0.060
C1F0TQ5  96 2026 05 24.4  15.9642  -5.9478 21.6 Updated May 24.48 UT            10   0.09 22.8  0.065
CEP5GZ2 100 2026 05 24.4  15.8543  +2.1857 20.4 Updated May 24.45 UT            12   0.05 25.7  0.092
C1F0L35 100 2026 05 24.3  15.0749  +2.5416 22.3 Updated May 24.42 UT             8   0.08 21.9  0.117
ST26EG3  98 2026 05 24.3  17.4352  -2.0244 19.7 Updated May 24.47 UT            12   0.12 27.5  0.068
C1F0EU5  82 2026 05 24.3  15.4496 -10.0933 22.0 Updated May 24.39 UT             8   0.07 14.8  0.144
C1F0295 100 2026 05 24.3  15.3508  -7.4703 22.1 Updated May 24.43 UT            12   0.12 21.6  0.099
CEP1CX2 100 2026 05 24.3  15.0437  +2.2071 20.8 Updated May 24.43 UT            20   0.14 24.9  0.108
6EN3D21 100 2026 05 24.2  16.7087 -78.8515 19.1 Added May 24.29 UT               3   0.01 19.2  0.299
CEP0PP2  98 2026 05 24.2  14.8174  -6.0221 20.6 Updated May 24.40 UT            15   0.16 28.5  0.133
ST26EF6  98 2026 05 24.2  13.5658  -4.5164 19.2 Updated May 24.53 UT            22   0.32 26.1  0.019
C1EYRR5  91 2026 05 23.4  15.8718  +2.0763 22.5 Updated May 24.45 UT            17   1.07 25.1  0.089
C1EYQL5 100 2026 05 23.4  15.8523  +0.9984 22.1 Updated May 24.28 UT            10   0.89 24.4  0.271
C1EYPU5 100 2026 05 23.4  15.8318  +3.0520 22.8 Updated May 24.37 UT             9   0.64 24.0  0.516
C1EYPT5  89 2026 05 23.4  15.8205  +1.7110 21.7 Updated May 24.24 UT            18   0.86 24.2  0.294
C1EYD55  64 2026 05 23.3  15.7985 -13.1094 22.1 Updated May 24.30 UT            12   0.95 20.1  0.255
C1EXH55  93 2026 05 23.3  14.0115  +5.7412 22.4 Updated May 24.21 UT            20   0.91 23.7  0.342
6EM3521  79 2026 05 23.1  13.1549 -11.4149 20.2 Updated May 24.29 UT            29   1.14 22.4  0.340
NAOCBPP 100 2026 05 20.7  14.8739 -19.6862 22.3 Updated May 24.34 UT             4   0.13 22.4  3.684
CZYNHKZ 100 2026 05 14.4  16.2529  +2.1264 21.0 Updated May 24.46 UT             7  10.05 18.6  0.108
C46CD31 100 2026 05 21.4   1.2939  -3.3445 26.4 Updated May 23.35 UT             7   0.05 28.6  3.092
ST26ED1  98 2026 05 21.2   1.6152 -14.9701 27.0 Updated May 23.35 UT            20   0.16 30.2  3.150
TF26EE0 100 2026 05 20.5  16.3644  +8.8226 24.2 Updated May 24.34 UT             4   0.02 28.8  4.051
ST26EC8  98 2026 05 20.4  21.1264 -30.3680 22.3 Updated May 23.35 UT             6   0.14 28.6  4.097
ST26EC7  98 2026 05 20.4   2.4466  -8.4101 29.6 Updated May 23.35 UT             6   0.11 30.3  4.103
ST26EC5 100 2026 05 20.3  15.3826 -17.7603 20.4 Updated May 24.34 UT             4   0.03 24.8  4.196
P12nffX  10 2026 05 20.5  16.3314 -21.0565 21.6 Updated May 24.38 UT            18   9.84 19.3  0.239
P12nfaz  43 2026 05 20.3  13.2283 -27.8444 21.9 Updated May 24.34 UT            12   2.87 18.3  1.342
NAOCAN7 100 2026 05 17.7  15.2802 -21.8655 20.9 Updated May 24.34 UT             4   0.10 19.9  6.682
KPMa1Ih  87 2026 05 18.1  11.1239 -27.5216 23.4 Updated May 24.34 UT             5   0.01 20.8  6.431
CEMVK32  35 2026 05 17.4  16.5715  +9.0120 21.7 Updated May 24.42 UT            50  11.97 20.1  0.130
P12neKs  35 2026 05 14.6  18.0636 +57.1304 19.9 Updated May 24.37 UT           161   9.46 15.1  0.502
