CENGF22 100 2026 05 21.3  15.4286 -16.7505 20.5 Added May 21.37 UT               4   0.02 25.5  0.055
ST26ED8 100 2026 05 21.3  18.0653  +6.3761 19.9 Updated May 21.38 UT             4   0.02 22.5  0.047
ST26ED7 100 2026 05 21.3  17.7640  +7.1177 19.1 Updated May 21.38 UT             8   0.05 25.9  0.032
6EK3F21  20 2026 05 21.3  17.2244 -23.5895 16.5 Added May 21.31 UT               3   0.01 16.7  0.136
ST26ED4 100 2026 05 21.3  16.0762  +7.3063 19.3 Updated May 21.35 UT             8   0.07 27.5  0.060
ST26ED1  98 2026 05 21.2  15.2339  +7.9606 19.0 Updated May 21.40 UT            17   0.14 29.9  0.039
TF26EE0 100 2026 05 20.5  16.4811  +8.6627 21.5 Updated May 20.74 UT             4   0.02 28.7  0.924
TF26ED8 100 2026 05 20.5  16.7399  -0.0231 18.3 Added May 20.66 UT               2   0.00 24.3  0.944
ST26EC8 100 2026 05 20.4  17.1889 -10.8451 18.5 Updated May 20.66 UT             4   0.02 27.1  0.971
ST26EC7 100 2026 05 20.4   2.0839  -8.1711 25.6 Updated May 20.60 UT             4   0.01 29.5  0.977
ST26EC5 100 2026 05 20.3  16.6651  -8.8926 19.0 Updated May 20.59 UT             4   0.03 24.6  1.069
P12nfgD  86 2026 05 20.4  15.9834  -7.3293 21.6 Updated May 20.69 UT             6   0.14 20.1  0.832
P12nffX  10 2026 05 20.5  16.3882 -20.7608 21.8 Updated May 21.37 UT             9   0.87 18.6  0.038
P12nfdO  94 2026 05 20.5  16.2624 -23.2270 22.1 Updated May 20.69 UT             5   0.09 28.9  0.837
P12nffV  69 2026 05 20.5  16.5051 -19.2013 20.6 Updated May 20.70 UT             6   0.09 18.0  0.834
P12nfdQ  86 2026 05 20.4  15.2064 -13.2227 19.1 Updated May 21.35 UT            21   0.86 28.1  0.106
P22nfcS  71 2026 05 20.4  16.9128  +2.0582 20.7 Updated May 21.34 UT            15   6.92 20.6  0.095
P12nfaz  80 2026 05 20.3  13.2533 -28.4352 21.9 Updated May 20.70 UT             5   0.13 14.5  0.954
P22nfat  74 2026 05 20.4  16.1988 +21.4137 21.8 Updated May 20.69 UT             5   0.22 14.4  0.826
A11CGDH 100 2026 05 19.2  16.4989 -71.0848 18.7 Updated May 21.04 UT            13   1.72 21.9  0.468
A11CGDI  84 2026 05 19.2  17.3232 -43.6302 18.7 Updated May 21.20 UT            27   1.72 21.4  0.496
NAOCAN7 100 2026 05 17.7  15.2757 -21.7806 20.7 Updated May 21.35 UT             4   0.10 19.6  3.556
KPMa1Ih  87 2026 05 18.1  11.1267 -26.1218 23.3 Updated May 21.35 UT             5   0.01 20.8  3.305
CEMVK32  55 2026 05 17.4  16.8101 +10.5162 21.6 Updated May 20.52 UT            41   7.48 20.1  1.494
ST26E75  98 2026 05 15.2   2.5379 -20.2342 28.0 Updated May 21.35 UT             7   0.09 28.5  6.087
P12neKs  35 2026 05 14.6  18.1666 +57.4958 20.0 Updated May 21.30 UT           115   6.48 15.2  0.357
