ST26E34 100 2026 05 10.5  14.9102 +15.5611 20.4 Added May 10.70 UT               2   0.00 26.4  0.563
ST26E31  98 2026 05 10.4  14.3303  -1.9523 18.7 Updated May 11.01 UT            14   0.55 25.9  0.027
ZTF10Dp 100 2026 05 10.2  11.5985 +10.0723 18.3 Added May 10.57 UT               4   0.03 21.9  0.781
6E94521 100 2026 05 10.4  19.3436 -55.4649 18.3 Added May 10.41 UT               3   0.01 20.8  0.649
CELUGK2 100 2026 05 10.3  14.8025 +29.0520 21.6 Updated May 10.44 UT            11   0.10 23.4  0.588
ZTF10Do  98 2026 05 10.2  13.0927  -7.6520 18.4 Updated May 10.48 UT             6   0.23 26.6  0.564
ST26E26  88 2026 05 10.2  15.3442  -8.8450 20.6 Updated May 11.01 UT            16   0.75 29.2  0.024
CELU1Q2 100 2026 05 10.2  11.5819 +31.3634 22.4 Updated May 10.32 UT             7   0.11 25.8  0.713
ST26E24  98 2026 05 10.2   8.7676 -26.5880 18.8 Updated May 10.52 UT            13   0.29 29.1  0.548
P22n4ou  65 2026 05 09.4  14.7306  +7.4432 21.5 Updated May 11.02 UT            21  24.56 21.4  0.105
ZTF10Dn 100 2026 05 09.3  16.6640 -12.5928 19.5 Added May 9.51 UT                4   0.04 26.9  1.688
XA9ttXA  99 2026 05 08.8  15.1352  +1.8077 22.2 Updated May 10.41 UT             8   1.61 20.7  0.652
ST26E18 100 2026 05 09.4  15.7223 -16.9608 21.1 Added May 9.37 UT                4   0.00 28.7  1.658
CELT2A2  82 2026 05 09.3  13.6294 +35.1419 20.4 Updated May 10.94 UT            32   1.66 21.5  0.085
CELT0C2  81 2026 05 09.2  12.8185 +42.0587 21.0 Updated May 10.93 UT            21   1.67 22.9  0.101
CELRZD2 100 2026 05 09.2  12.5637 +35.3788 21.9 Updated May 9.36 UT              8   0.10 22.8  1.676
TF26E23 100 2026 05 09.2  13.0491  -4.4050 17.3 Updated May 11.01 UT             2   0.00 19.6  1.807
ZTF10Dl 100 2026 05 08.3  18.6034 -15.5170 20.5 Updated May 10.31 UT             4   0.03 27.0  2.656
ST26E14 100 2026 05 08.4  13.3795  -3.5199 17.9 Updated May 10.31 UT             2   0.00 21.3  2.599
P22n0vC  26 2026 05 08.3  14.8219  +9.8893 22.3 Updated May 10.26 UT            22   1.91 19.8  0.777
CELLEH2  86 2026 05 08.3  15.8448 -16.1689 22.9 Updated May 10.22 UT            12   1.86 32.6  0.867
P22n0fQ  97 2026 05 07.4  15.0859  +9.9517 22.2 Updated May 9.34 UT              3   0.04 24.3  3.617
ZTF10Di 100 2026 05 07.4  22.0767 -11.0321 22.4 Updated May 9.34 UT              4   0.02 27.4  3.632
S001563  73 2026 05 07.0  12.9998 -26.9047 21.5 Updated May 9.33 UT              3   0.03 17.7  3.947
P22mZLU  93 2026 05 06.3  11.7718 -16.9520 20.9 Updated May 11.01 UT            10   1.71 20.6  3.043
A11BRI6  35 2026 05 03.0  10.7549 -39.9557 18.8 Updated May 10.91 UT            52   7.13 19.8  0.882
ZTF10Df  98 2026 05 02.2  10.4216  +1.4381 23.6 Updated May 9.33 UT              9   0.68 26.6  8.181
C1EUYV5  91 2026 04 27.5  17.3229 +18.5600 21.8 Updated May 10.33 UT            24  12.79 12.7  0.766
