P12nc1w  98 2026 05 14.5  16.2195  -5.6213 20.7 Updated May 14.76 UT             6   0.16 24.9  0.257
P12nc1d 100 2026 05 14.5  16.9283  -5.3916 21.3 Added May 14.58 UT               3   0.04 22.8  0.251
P12nc1c 100 2026 05 14.5  16.8158  -6.7904 21.8 Added May 14.58 UT               4   0.04 22.6  0.253
RFD0300 100 2026 05 13.0  23.3653 -37.3880 23.7 Added May 14.52 UT               2   0.00 29.5  1.746
P12nc08 100 2026 05 14.4  15.9867 -18.5665 21.0 Added May 14.52 UT               3   0.02 17.5  0.308
CEMAUH2 100 2026 05 14.4  16.5101  +3.9459 21.3 Updated May 14.46 UT             6   0.07 24.0  0.334
CEMAY32 100 2026 05 14.4  16.7155  +3.9952 20.3 Updated May 14.47 UT             9   0.07 23.8  0.311
C46A061  98 2026 05 14.4  15.2629  -0.5518 17.2 Updated May 14.61 UT            19   0.16 30.5  0.235
CEMANR2 100 2026 05 14.4  16.3543  +3.7186 19.8 Updated May 14.67 UT            14   0.29 21.2  0.119
ST26E67  98 2026 05 14.3  16.0939  +0.2719 19.7 Updated May 14.66 UT            11   0.30 30.0  0.154
CEMA5R2 100 2026 05 14.3  15.5308  +6.8025 20.0 Updated May 14.67 UT            16   0.15 23.8  0.298
ST26E61 100 2026 05 14.3  16.1277  +0.0260 20.5 Updated May 14.37 UT             6   0.05 28.7  0.410
CEM9MQ2  98 2026 05 14.3  14.9423  +0.4079 20.3 Updated May 14.41 UT             8   0.09 28.6  0.372
CEM9DH2 100 2026 05 14.3  14.9476  +1.2676 20.7 Updated May 14.42 UT            10   0.10 24.3  0.365
CEM9AR2  98 2026 05 14.3  14.9251  +1.6874 21.5 Updated May 14.40 UT             8   0.09 26.1  0.381
ST26E59 100 2026 05 14.3  15.2002  -2.2204 19.9 Updated May 14.38 UT            14   0.07 26.8  0.403
ST26E57 100 2026 05 14.3  15.2215  -4.0188 19.1 Updated May 14.33 UT             8   0.05 27.0  0.449
CEM83E2 100 2026 05 14.3  14.0446  +0.8162 20.6 Updated May 14.36 UT             6   0.09 24.4  0.424
CEM7YT2 100 2026 05 14.3  13.2894  +2.0112 20.0 Updated May 14.36 UT             8   0.09 21.7  0.420
ST26E52 100 2026 05 14.2  13.6025  +7.5132 19.9 Updated May 14.38 UT             9   0.09 25.9  0.437
MZ26075 100 2026 05 13.8  16.7558  -1.2266 19.5 Added May 14.13 UT               3   0.01 25.1  0.954
A11CmCW 100 2026 05 13.3   4.7746 -77.3150 19.1 Added May 13.75 UT               4   0.02 24.5  1.401
A11CmCS 100 2026 05 13.3  16.5861 -37.8311 19.2 Added May 13.75 UT               4   0.04 25.4  1.460
OCA1642  84 2026 05 13.1  13.7590 -31.1896 19.4 Added May 13.56 UT               3   0.02 13.4  1.648
P22nay8  22 2026 05 13.4  15.7483  -2.0381 21.8 Updated May 14.59 UT            16  18.97 20.1  0.287
A11Cmv6 100 2026 05 13.0   8.5423 -50.3938 18.8 Updated May 14.10 UT            10   0.91 18.6  0.812
P22n4PC  55 2026 05 12.4  13.9674 -13.2311 20.6 Updated May 14.21 UT            17   1.83 21.0  0.583
CEM26R2  13 2026 05 12.4  16.5914 +15.4372 20.6 Updated May 14.25 UT            21   2.69 17.0  0.537
CEM1XD2  13 2026 05 12.3  14.5012 +17.4828 22.2 Updated May 14.22 UT            20   6.88 19.2  0.567
SO0005e 100 2026 05 11.7   0.0811  +5.3079 26.4 Updated May 14.35 UT             3   0.00 28.9  3.065
SO0005d 100 2026 05 11.7  19.0155 -25.2013 21.7 Updated May 14.34 UT             4   0.00 28.2  3.063
SO0005c 100 2026 05 11.7  22.4824 -30.6307 23.3 Updated May 14.34 UT             3   0.00 28.6  3.117
SO0005b 100 2026 05 11.6  22.8872  -9.1177 22.2 Updated May 14.34 UT             3   0.00 26.6  3.128
CELXZH2 100 2026 05 11.3  14.7530 +24.3299 22.3 Updated May 14.35 UT             3   0.01 25.0  3.428
6E94521  10 2026 05 10.4  19.6708 -64.1284 19.5 Updated May 14.42 UT            44   4.03 19.0  0.379
S001563  73 2026 05 07.0  12.9829 -27.0894 21.5 Updated May 14.34 UT             3   0.03 17.5  7.699
C1EUYV5  35 2026 04 27.5  17.2721 +18.7658 21.9 Updated May 14.43 UT            36 297.21 12.8  1.278
