C46D641 100 2026 05 27.3  14.5452 +22.5200 20.4 Added May 27.47 UT               4   0.01 20.7  0.575
C1F44U5 100 2026 05 27.3  16.1115 +42.5764 21.7 Updated May 27.45 UT             8   0.11 25.0  0.473
CEP5YT2 100 2026 05 27.2  14.2319 +38.2401 21.8 Updated May 27.32 UT             7   0.05 21.5  0.611
A11CWPw 100 2026 05 26.6  22.5928 -12.9334 18.2 Added May 26.81 UT               4   0.02 28.7  1.332
P12nfxy 100 2026 05 26.6  17.4369  +3.5820 20.8 Updated May 27.30 UT             9   0.90 24.5  0.619
C1F4195 100 2026 05 26.4  16.1361  +9.6986 22.5 Updated May 26.45 UT             7   0.07 27.6  1.459
P12nfxd 100 2026 05 25.6  17.8063 +17.0031 21.9 Updated May 26.45 UT            14   2.00 22.6  1.474
C1F32J5 100 2026 05 25.4  17.1859 +16.3833 22.0 Updated May 27.70 UT            11   1.88 23.6  0.574
C1F3245  48 2026 05 25.4  16.9819 +10.4760 22.6 Updated May 26.78 UT            11   1.00 20.2  1.463
SJA1250 100 2026 05 24.9  16.7773 +60.8061 20.2 Updated May 27.36 UT             3   0.03 17.1  2.941
C1F2HL5 100 2026 05 25.4  16.5775 -11.9883 22.4 Updated May 27.35 UT             8   0.07 26.0  2.485
C1F1TD5 100 2026 05 25.3  15.8367  +4.5128 24.7 Updated May 26.35 UT             4   0.02 33.6  2.583
C03UYWZ  98 2026 05 23.4  16.7254 +14.8698 22.2 Updated May 27.70 UT            13   5.98 23.1  1.485
P12nfw2  95 2026 05 24.6  21.1449  -3.1085 21.7 Updated May 27.69 UT            14   3.01 20.3  0.306
NAOCLYL  85 2026 05 23.8  15.9074 -18.0141 21.8 Updated May 26.35 UT             4   0.10 21.7  4.056
A11CQzo 100 2026 05 24.4  22.1579 -16.5299 21.6 Updated May 26.35 UT             5   0.05 29.8  3.477
oKr0080 100 2026 05 23.9  23.4939 +18.5980 20.4 Updated May 27.35 UT             3   0.00 18.0  4.022
C1F1535  97 2026 05 24.4  16.7580  +6.9442 22.3 Updated May 26.35 UT            11   0.87 23.3  2.626
C1F0EU5  63 2026 05 24.3  15.3810 -10.0926 22.0 Updated May 27.70 UT            17  13.83 20.0  1.624
6EN3D21 100 2026 05 24.2  16.1947 -80.3935 18.7 Updated May 27.35 UT             3   0.01 20.4  3.677
C1EYPU5 100 2026 05 23.4  15.8896  +3.5492 22.8 Updated May 26.35 UT            11   1.87 24.1  2.663
NAOCBPP  99 2026 05 20.7  14.9258 -21.8285 22.3 Updated May 27.35 UT             4   0.13 22.3  7.062
ST26EC8  98 2026 05 20.4  22.1794 -30.9864 23.9 Updated May 27.35 UT             6   0.14 28.6  7.475
P12nfaz  43 2026 05 20.3  13.2064 -27.2087 22.0 Updated May 26.35 UT            12   2.87 18.3  4.720
NAOCAN7 100 2026 05 17.7  15.2898 -21.9547 21.0 Updated May 26.35 UT             4   0.10 19.7 10.060
KPMa1Ih  87 2026 05 18.1  11.1302 -29.0099 23.5 Updated May 26.35 UT             5   0.01 20.9  9.809
CEMVK32  51 2026 05 17.4  16.3375  +7.4118 21.8 Updated May 27.66 UT            59  13.11 20.1  2.370
