P22n4ou  89 2026 05 09.4  14.7359  +7.5599 21.2 Updated May 10.10 UT             7   0.73 20.9  0.013
ZTF10Dn 100 2026 05 09.3  16.1069 -11.5290 18.0 Added May 9.51 UT                4   0.04 26.9  0.770
XA9ttXA  96 2026 05 08.8  15.1540  +1.7645 21.4 Added May 9.48 UT                3   0.03 19.7  1.315
ST26E18 100 2026 05 09.4  15.4565 -14.3143 20.0 Added May 9.37 UT                4   0.00 28.7  0.740
CELT2A2  98 2026 05 09.3  13.7251 +35.9235 20.7 Updated May 10.08 UT            10   0.78 21.7  0.051
CELT0C2 100 2026 05 09.2  12.9776 +39.0439 21.0 Updated May 9.37 UT              8   0.10 21.3  0.749
CELRZD2 100 2026 05 09.2  12.6312 +34.6856 21.6 Updated May 9.36 UT              8   0.10 22.8  0.758
TF26E23 100 2026 05 09.2  13.1262  -4.9639 16.6 Added May 9.23 UT                2   0.00 17.7  0.889
gb00845  72 2026 05 08.8  13.0550  -7.2573 20.1 Updated May 10.09 UT            44   1.29 23.9  0.019
P22n0x5  72 2026 05 08.5  15.2553 -16.0291 20.2 Updated May 10.09 UT            30   1.70 30.0  0.029
P22n0w4  79 2026 05 08.4  15.3501  +2.8282 20.1 Updated May 10.02 UT            31   1.63 23.8  0.108
ZTF10Dl 100 2026 05 08.3  18.1622 -15.3461 19.6 Added May 8.49 UT                4   0.03 27.0  1.737
CELR3G2  98 2026 05 08.5  17.0269  -5.3041 21.9 Updated May 9.45 UT             15   0.97 29.0  0.674
ST26E14 100 2026 05 08.4  13.4028  -3.7723 18.0 Added May 8.45 UT                2   0.00 16.2  1.681
P22n0vC  36 2026 05 08.3  14.8446 +10.0178 22.2 Updated May 9.29 UT             19   0.95 19.7  0.821
CELLEH2  96 2026 05 08.3  15.7997 -15.4937 22.3 Updated May 9.38 UT             12   1.03 32.6  0.782
CELHF72  87 2026 05 08.3  14.9642 -10.3802 21.3 Updated May 9.34 UT             22   1.00 24.7  0.805
P22n0gv  96 2026 05 07.6  17.2361 +48.2876 21.1 Updated May 9.45 UT             22   1.84 21.3  0.667
P22n0fQ  97 2026 05 07.4  15.0932  +9.8319 22.1 Updated May 9.34 UT              3   0.04 24.3  2.699
ZTF10Di 100 2026 05 07.4  21.7859 -11.8938 21.6 Updated May 9.34 UT              4   0.02 27.4  2.714
S001563  73 2026 05 07.0  13.0042 -26.8572 21.4 Updated May 9.33 UT              3   0.03 17.7  3.029
P22mZLU  93 2026 05 06.3  11.7370 -17.6955 20.9 Updated May 10.10 UT            10   1.71 20.6  2.125
A11BX2S 100 2026 05 05.2  19.1420  +1.6765 20.0 Updated May 9.33 UT              2   0.01 24.8  4.876
A11BRI6  53 2026 05 03.0  10.5330 -40.3980 18.7 Updated May 8.52 UT             50   5.00 19.9  2.089
ZTF10Df  98 2026 05 02.2  10.4153  +1.4513 23.3 Updated May 9.33 UT              9   0.68 26.6  7.263
C1EUYV5  93 2026 04 27.5  17.3351 +18.5067 21.7 Updated May 9.32 UT             18  11.83 12.6  0.805
