CEMRK82  79 2026 05 16.5  21.5292  -9.8158 21.6 Added May 16.49 UT               3   0.01 17.7  0.522
6EF1B21  99 2026 05 16.2  15.2898 -17.8463 20.1 Added May 16.40 UT               3   0.01 21.4  0.798
ST26E98  88 2026 05 16.3  18.5228 +23.5365 20.8 Updated May 16.79 UT            17   1.12 29.0  0.523
CEMK452  91 2026 05 16.3  14.2862  -4.6067 21.5 Updated May 16.34 UT             8   0.05 20.4  0.657
ST26E89  84 2026 05 16.2  13.3120  +0.1566 17.5 Updated May 16.97 UT            46   0.74 29.0  0.033
CEMEEG2  93 2026 05 16.2  12.3572  -8.8798 21.0 Updated May 16.95 UT            17   0.72 24.6  0.073
A11Cswo 100 2026 05 16.0  17.2681 -23.6814 18.8 Added May 16.13 UT               4   0.02 20.7  0.984
ZTF10Du 100 2026 05 15.3  16.2040 -33.7333 18.3 Added May 15.45 UT               4   0.03 26.1  1.688
ST26E84  98 2026 05 15.4  15.1182 +10.7860 20.3 Updated May 16.23 UT             6   0.47 26.4  1.097
ST26E76  86 2026 05 15.2  14.2793  +8.3522 22.5 Updated May 16.22 UT            17   0.93 30.7  0.820
ST26E75  98 2026 05 15.2   2.3969 -33.1540 23.4 Updated May 16.82 UT             7   0.09 28.6  1.666
6EE3C21  74 2026 05 15.2  15.8856 -18.7234 19.6 Updated May 16.94 UT            25   1.74 25.9  0.054
A11Cr0m  86 2026 05 15.0  16.0870 -49.5729 17.7 Updated May 16.31 UT            19   1.17 20.0  0.839
P12neKs  91 2026 05 14.6  18.3038 +57.8741 20.2 Updated May 16.98 UT            39   2.40 15.3  0.015
P12nc1c  84 2026 05 14.5  16.7566  -6.1337 21.7 Updated May 16.36 UT            28   1.87 20.1  0.629
RFD0300 100 2026 05 13.0  19.4842 -44.5163 24.5 Updated May 16.38 UT             2   0.00 29.8  3.956
CEMAUH2 100 2026 05 14.4  16.2111  -5.8400 21.3 Updated May 16.38 UT             6   0.07 23.9  2.543
ST26E61 100 2026 05 14.3  16.6235  +0.6619 23.1 Updated May 16.38 UT             6   0.05 29.0  2.620
MZ26075 100 2026 05 13.8  16.7764  -1.4866 22.2 Updated May 16.37 UT             3   0.01 27.4  3.163
A11CmCW 100 2026 05 13.3   6.1059 -72.6532 20.5 Updated May 16.38 UT             4   0.02 24.8  3.611
A11CmCS 100 2026 05 13.3  17.0929 -32.1862 20.1 Updated May 16.38 UT             4   0.04 25.4  3.670
OCA1642  84 2026 05 13.1  13.7232 -31.3198 19.4 Updated May 16.37 UT             3   0.02 14.0  3.858
CEM26R2  10 2026 05 12.4  16.5502 +15.3038 20.7 Updated May 16.91 UT            35   5.35 17.1  0.083
CEM1XD2  16 2026 05 12.3  14.4558 +17.1522 22.2 Updated May 16.38 UT            22   7.84 19.2  1.825
SO0005e 100 2026 05 11.7   0.2805  +7.5440 27.8 Updated May 16.38 UT             3   0.00 29.4  5.274
SO0005d 100 2026 05 11.7  19.2339 -23.8164 22.7 Updated May 16.38 UT             4   0.00 28.1  5.273
SO0005c 100 2026 05 11.7  23.0659 -27.3014 24.8 Updated May 16.38 UT             3   0.00 28.4  5.327
SO0005b 100 2026 05 11.6  23.0173  -7.7391 23.4 Updated May 16.37 UT             3   0.00 26.6  5.338
S001563  73 2026 05 07.0  12.9812 -27.1806 21.6 Updated May 16.37 UT             3   0.03 18.3  9.908
C1EUYV5  35 2026 04 27.5  17.2415 +18.8770 21.9 Updated May 16.81 UT            36 300.17 12.8  0.525
