A11CmCW 100 2026 05 13.3   2.9494 -79.1064 18.4 Added May 13.75 UT               4   0.02 24.5  0.693
A11CmCS 100 2026 05 13.3  16.2482 -40.8960 18.8 Added May 13.75 UT               4   0.04 25.4  0.752
OCA1642  79 2026 05 13.1  13.7706 -31.1505 19.4 Added May 13.56 UT               3   0.02 13.4  0.940
P22nay8  81 2026 05 13.4  15.7693  -1.9076 21.3 Added May 13.52 UT               3   0.02 22.9  0.610
P22nawA 100 2026 05 13.4  15.1611  -3.1922 21.1 Updated May 13.90 UT             7   0.45 24.7  0.181
A11Cmv6 100 2026 05 13.0   8.6347 -50.6831 18.7 Updated May 13.51 UT             7   0.43 17.7  0.587
ST26E47  79 2026 05 12.4  14.9203 -25.3823 19.4 Updated May 13.91 UT            22   1.48 24.9  0.164
P22n4V7 100 2026 05 12.4  14.3798 -19.6832 21.8 Updated May 13.34 UT            12   0.95 21.1  0.730
P22n4V6  91 2026 05 12.4  13.9483 -22.9504 21.6 Updated May 13.32 UT            16   0.93 23.5  0.753
CEM28F2  86 2026 05 12.4  18.0188 +19.0942 20.6 Updated May 14.05 UT            25   1.61 24.7  0.056
P22n4PC  67 2026 05 12.4  13.9690 -13.7803 20.6 Updated May 13.93 UT            11   1.55 21.0  0.154
CEM26R2  30 2026 05 12.4  16.6043 +15.4731 20.6 Updated May 13.26 UT            16   1.45 17.0  1.073
CEM1XD2  23 2026 05 12.3  14.5161 +17.5818 22.2 Updated May 13.86 UT            18   6.19 19.2  0.551
CEM1R02  10 2026 05 12.3  13.5485 +16.9543 21.7 Updated May 14.02 UT            30  20.60 22.1  0.095
SO0005e 100 2026 05 11.7  23.8647  +2.8138 25.5 Updated May 13.34 UT             3   0.00 28.9  2.356
SO0005d 100 2026 05 11.7  18.7695 -26.5793 21.1 Updated May 13.34 UT             4   0.00 28.3  2.355
SO0005c 100 2026 05 11.7  22.3989 -31.0484 22.8 Updated May 13.34 UT             3   0.00 28.3  2.409
SO0005b 100 2026 05 11.6  22.6199 -11.8307 21.6 Updated May 13.33 UT             3   0.00 26.7  2.420
CELXZH2 100 2026 05 11.3  14.7640 +24.2247 22.6 Updated May 13.34 UT             3   0.01 22.1  2.719
ST26E34 100 2026 05 10.5  14.8554 +18.7014 23.9 Updated May 13.34 UT             2   0.00 28.1  3.606
6E94521  10 2026 05 10.4  19.5944 -62.4743 19.6 Updated May 13.71 UT            34   3.04 19.1  0.667
XA9ttXA  75 2026 05 08.8  15.0718  +1.9347 22.5 Updated May 13.17 UT            19   4.39 21.8  0.917
ST26E18 100 2026 05 09.4  15.5044 -14.4921 24.0 Updated May 13.34 UT             4   0.00 30.3  4.701
CELRZD2 100 2026 05 09.2  12.4049 +36.9085 22.5 Updated May 13.33 UT             8   0.10 22.9  4.719
ST26E14 100 2026 05 08.4  13.3172  -2.8374 18.6 Updated May 13.34 UT             2   0.00 17.6  5.642
P22n0fQ  97 2026 05 07.4  15.0240 +10.7541 21.7 Updated May 13.34 UT             3   0.04 23.4  6.660
S001563  73 2026 05 07.0  12.9889 -27.0419 21.5 Updated May 13.34 UT             3   0.03 18.4  6.990
A11BRI6  10 2026 05 03.0  11.3299 -38.3449 19.2 Updated May 13.96 UT            86  10.91 19.9  0.141
C1EUYV5  35 2026 04 27.5  17.2818 +18.7285 21.9 Updated May 13.76 UT            36 297.21 12.8  0.569
