P12nfw2 100 2026 05 24.6  20.9710  -4.3648 21.3 Added May 24.67 UT               3   0.02 22.3  0.214
NAOCLYL  85 2026 05 23.8  15.8940 -21.0110 21.6 Added May 24.59 UT               4   0.10 21.5  0.970
A11CQzo 100 2026 05 24.4  18.2674 -17.2305 17.2 Added May 24.51 UT               5   0.05 29.9  0.391
P12nfqd 100 2026 05 24.4  15.9645 -23.7563 20.2 Added May 24.49 UT               4   0.03 21.2  0.383
oKr0080 100 2026 05 23.9  23.4821 +18.5057 20.3 Added May 24.47 UT               3   0.00 15.5  0.936
C1F15H5 100 2026 05 24.4  16.8101 +23.8706 21.5 Updated May 24.48 UT             8   0.03 24.6  0.349
P22nfp8 100 2026 05 24.4  15.8574  +1.2801 20.3 Updated May 24.69 UT             6   0.10 22.9  0.346
C1F1535  84 2026 05 24.4  16.7562  +6.0777 22.6 Updated May 24.48 UT             8   0.05 20.2  0.351
C1F0TQ5 100 2026 05 24.4  15.9463  -6.3274 21.6 Updated May 24.48 UT            10   0.09 22.8  0.356
CEP5GZ2 100 2026 05 24.4  15.9228  +1.6942 20.5 Updated May 24.68 UT            13   0.09 25.7  0.347
C1F0L35 100 2026 05 24.3  15.0703  +2.5819 22.3 Updated May 24.42 UT             8   0.08 21.9  0.409
ST26EG3  98 2026 05 24.3  17.6191  -4.0760 19.7 Updated May 24.57 UT            14   0.21 27.5  0.276
C1F0EU5  82 2026 05 24.3  15.4435 -10.0918 22.1 Updated May 24.39 UT             8   0.07 14.8  0.435
C1F0295 100 2026 05 24.3  15.3453  -7.4112 22.1 Updated May 24.43 UT            12   0.12 21.6  0.391
CEP1CX2 100 2026 05 24.3  15.0277  +1.2191 20.8 Updated May 24.43 UT            20   0.14 24.9  0.399
6EN3D21 100 2026 05 24.2  16.6726 -78.9832 19.1 Added May 24.29 UT               3   0.01 19.2  0.591
CEP0PP2  98 2026 05 24.2  14.9710  -6.9663 20.4 Updated May 24.40 UT            15   0.16 28.5  0.425
C1EYRR5  91 2026 05 23.4  15.8756  +1.7363 22.4 Updated May 24.68 UT            18   1.10 25.0  0.346
C1EYQL5 100 2026 05 23.4  15.8351  +0.7225 22.0 Updated May 24.68 UT            12   1.10 24.3  0.346
C1EYPU5 100 2026 05 23.4  15.8368  +3.1010 22.8 Updated May 24.37 UT             9   0.64 24.0  0.808
C1EYPT5  89 2026 05 23.4  15.8161  +1.3784 21.8 Updated May 24.68 UT            19   1.10 24.2  0.346
C1EYD55  64 2026 05 23.3  15.7898 -13.1776 22.1 Updated May 24.30 UT            12   0.95 20.1  0.546
C1EXH55  93 2026 05 23.3  14.0287  +6.0058 22.5 Updated May 24.21 UT            20   0.91 23.7  0.634
6EM3521  79 2026 05 23.1  13.1397 -10.8672 20.2 Updated May 24.29 UT            29   1.14 22.4  0.632
NAOCBPP 100 2026 05 20.7  14.8780 -19.8641 22.3 Updated May 24.34 UT             4   0.13 22.4  3.976
C46CD31 100 2026 05 21.4   1.3588  -3.2598 26.7 Updated May 23.35 UT             7   0.05 28.6  3.383
ST26ED1  98 2026 05 21.2   1.6437 -14.8652 27.2 Updated May 23.35 UT            20   0.16 30.2  3.441
TF26EE0 100 2026 05 20.5  16.3613  +8.8193 24.3 Updated May 24.34 UT             4   0.02 28.8  4.342
ST26EC8  98 2026 05 20.4  21.2836 -30.5824 22.5 Updated May 23.35 UT             6   0.14 28.6  4.389
ST26EC7  98 2026 05 20.4   2.4542  -8.4094 29.7 Updated May 23.35 UT             6   0.11 30.3  4.395
ST26EC5 100 2026 05 20.3  15.3229 -18.1191 20.5 Updated May 24.34 UT             4   0.03 24.8  4.487
P12nfaz  43 2026 05 20.3  13.2262 -27.7893 21.9 Updated May 24.34 UT            12   2.87 18.3  1.634
NAOCAN7 100 2026 05 17.7  15.2808 -21.8729 20.9 Updated May 24.34 UT             4   0.10 19.9  6.974
KPMa1Ih  87 2026 05 18.1  11.1241 -27.6468 23.4 Updated May 24.34 UT             5   0.01 20.8  6.723
CEMVK32  35 2026 05 17.4  16.5503  +8.8724 21.7 Updated May 24.42 UT            50  11.97 20.1  0.421
P12neKs  35 2026 05 14.6  18.0538 +57.0919 19.9 Updated May 24.37 UT           161   9.46 15.1  0.794
