C46CYH1 100 2026 05 26.3  16.0971  +8.8269 17.1 Updated May 26.32 UT             6   0.04 34.7  0.008
P12nfxd  98 2026 05 25.6  17.8322 +16.3153 21.9 Updated May 26.25 UT             9   1.79 22.6  0.095
P12nfwU  89 2026 05 25.5  16.9128 +14.5469 21.7 Updated May 26.28 UT            11   8.88 23.4  0.053
C1F32J5  98 2026 05 25.4  17.2037 +13.1914 21.9 Updated May 26.31 UT             7   0.85 23.5  0.026
C1F3245  75 2026 05 25.4  17.0159 +10.6191 22.9 Added May 25.48 UT               4   0.02 16.9  0.855
SJA1250 100 2026 05 24.9  16.8770 +61.4569 20.3 Added May 25.42 UT               3   0.03 17.5  1.357
C1F2X35  96 2026 05 25.4  16.3367  +1.1628 21.8 Updated May 26.18 UT            12   0.79 22.7  0.165
C1F2HL5 100 2026 05 25.4  16.3827 -11.5809 22.4 Updated May 25.43 UT             8   0.07 25.5  0.900
C1F2HK5  98 2026 05 25.4  16.1742 -11.8882 21.7 Updated May 26.23 UT            13   1.86 22.8  0.119
C1F1TD5 100 2026 05 25.3  15.6649  +4.1592 21.8 Added May 25.33 UT               4   0.02 27.4  0.999
C03UYWZ 100 2026 05 23.4  16.7432 +12.0430 22.4 Updated May 26.16 UT             7   2.00 23.1  0.883
A11CUyv 100 2026 05 24.1  17.5854 -56.8438 19.2 Updated May 26.12 UT            14   1.97 19.1  0.214
P12nfw2 100 2026 05 24.6  21.0552  -3.7589 21.4 Updated May 25.71 UT             5   1.00 19.3  0.731
NAOCLYL  85 2026 05 23.8  15.9004 -19.5030 21.6 Added May 24.59 UT               4   0.10 21.5  2.471
A11CQzo 100 2026 05 24.4  21.4014 -18.0861 20.1 Added May 24.51 UT               5   0.05 29.9  1.893
oKr0080 100 2026 05 23.9  23.4876 +18.5500 20.2 Added May 24.47 UT               3   0.00 15.5  2.437
C1F1535  97 2026 05 24.4  16.7577  +6.5002 22.4 Updated May 25.30 UT            11   0.87 23.3  1.042
C1F0TQ5  77 2026 05 24.4  15.8537  -8.3657 21.8 Updated May 26.20 UT            18   3.85 24.4  0.142
C1F0EU5  80 2026 05 24.3  15.4132 -10.0885 22.1 Updated May 26.15 UT            11   1.81 19.5  0.196
C1F0295  80 2026 05 24.3  15.3171  -7.1028 22.1 Updated May 26.10 UT            20   1.78 22.2  0.236
6EN3D21 100 2026 05 24.2  16.4866 -79.7225 18.7 Updated May 25.35 UT             3   0.01 21.1  2.092
C1EYPU5 100 2026 05 23.4  15.8623  +3.3334 22.9 Updated May 25.26 UT            11   1.87 24.2  1.078
C1EYD55  69 2026 05 23.3  15.7452 -13.5290 22.2 Updated May 25.35 UT            12   0.95 20.1  2.048
NAOCBPP  99 2026 05 20.7  14.9014 -20.8720 22.3 Updated May 25.35 UT             4   0.13 22.4  5.477
C46CD31 100 2026 05 21.4   1.5595  -2.9802 27.6 Updated May 25.35 UT             7   0.05 28.6  4.885
ST26ED1  98 2026 05 21.2   1.7316 -14.5212 28.0 Updated May 25.35 UT            20   0.16 30.2  4.943
ST26EC8  98 2026 05 20.4  21.8492 -31.0028 23.3 Updated May 25.35 UT             6   0.14 28.6  5.890
ST26EC7  98 2026 05 20.4   2.4811  -8.3861 30.2 Updated May 25.35 UT             6   0.11 30.3  5.897
P12nfaz  43 2026 05 20.3  13.2159 -27.5062 22.0 Updated May 24.34 UT            12   2.87 18.3  3.135
NAOCAN7 100 2026 05 17.7  15.2838 -21.9098 21.0 Updated May 24.34 UT             4   0.10 19.9  8.475
KPMa1Ih  87 2026 05 18.1  11.1261 -28.2785 23.5 Updated May 24.34 UT             5   0.01 20.8  8.225
CEMVK32  53 2026 05 17.4  16.4442  +8.1575 21.7 Updated May 26.27 UT            52  11.97 20.1  1.923
P12neKs  35 2026 05 14.6  18.0028 +56.8815 19.9 Updated May 26.32 UT           173  11.53 15.1  0.225
