C1F32J5 100 2026 05 25.4  17.2128 +11.6694 21.9 Added May 25.48 UT               4   0.02 25.7  0.103
C1F3245  75 2026 05 25.4  17.0325 +10.6767 22.9 Added May 25.48 UT               4   0.02 16.9  0.105
SJA1250 100 2026 05 24.9  16.9263 +61.7484 20.3 Added May 25.42 UT               3   0.03 17.5  0.607
C1F2X35  91 2026 05 25.4  16.3584  +2.0848 21.9 Updated May 25.46 UT             8   0.09 21.4  0.115
C1F2HL5 100 2026 05 25.4  16.2891 -11.3790 22.4 Updated May 25.43 UT             8   0.07 25.5  0.150
C1F2HK5 100 2026 05 25.4  16.2128 -11.1888 21.8 Updated May 25.43 UT             8   0.07 22.8  0.153
C1F1TD5 100 2026 05 25.3  15.5256  +4.7732 22.1 Added May 25.33 UT               4   0.02 27.4  0.249
C03UYWZ 100 2026 05 23.4  16.7595 +10.1979 22.9 Added May 25.30 UT               4   0.02 25.5  2.111
6EO3221 100 2026 05 25.0  11.2516 -40.2338 17.3 Updated May 25.37 UT            22   0.35 23.5  0.235
A11CUyv  96 2026 05 24.1  17.6033 -57.5372 19.0 Updated May 25.44 UT            10   1.27 18.7  0.162
A11CUyu  96 2026 05 24.4  18.5792  +7.1043 18.3 Updated May 25.50 UT            43   0.88 20.3  0.244
P12nfw2 100 2026 05 24.6  21.0209  -4.0311 21.1 Added May 24.67 UT               3   0.02 22.3  0.965
NAOCLYL  85 2026 05 23.8  15.8972 -20.2553 21.6 Added May 24.59 UT               4   0.10 21.5  1.721
A11CQzo 100 2026 05 24.4  20.4645 -19.0783 18.9 Added May 24.51 UT               5   0.05 29.9  1.143
P12nfqd 100 2026 05 24.4  15.9461 -22.9247 20.5 Updated May 25.14 UT             7   0.71 21.4  0.454
oKr0080 100 2026 05 23.9  23.4850 +18.5281 20.2 Added May 24.47 UT               3   0.00 15.5  1.687
C1F1535  87 2026 05 24.4  16.7574  +6.2907 22.5 Updated May 25.30 UT            11   0.87 23.3  0.292
C1F0TQ5  89 2026 05 24.4  15.9007  -7.3383 21.7 Updated May 25.39 UT            15   2.93 24.3  0.312
C1F0EU5  87 2026 05 24.3  15.4277 -10.0883 22.1 Updated May 24.39 UT             8   0.07 14.8  1.187
C1F0295  90 2026 05 24.3  15.3312  -7.2554 22.1 Updated May 25.21 UT            17   0.88 22.2  0.380
6EN3D21 100 2026 05 24.2  16.5957 -79.3342 18.8 Updated May 25.35 UT             3   0.01 21.1  1.342
C1EYPU5 100 2026 05 23.4  15.8494  +3.2204 22.9 Updated May 25.26 UT            11   1.87 24.2  0.328
C1EYD55  69 2026 05 23.3  15.7674 -13.3536 22.1 Updated May 25.35 UT            12   0.95 20.1  1.298
NAOCBPP  99 2026 05 20.7  14.8903 -20.4056 22.2 Updated May 25.35 UT             4   0.13 22.4  4.727
C46CD31 100 2026 05 21.4   1.4812  -3.0938 27.2 Updated May 25.35 UT             7   0.05 28.6  4.135
ST26ED1  98 2026 05 21.2   1.6964 -14.6636 27.7 Updated May 25.35 UT            20   0.16 30.2  4.193
TF26EE0 100 2026 05 20.5  16.3549  +8.8056 24.6 Updated May 24.34 UT             4   0.02 28.8  5.094
ST26EC8  98 2026 05 20.4  21.6111 -30.8943 22.9 Updated May 25.35 UT             6   0.14 28.6  5.140
ST26EC7  98 2026 05 20.4   2.4693  -8.4017 30.0 Updated May 25.35 UT             6   0.11 30.3  5.147
ST26EC5 100 2026 05 20.3  15.1939 -18.8797 20.9 Updated May 25.35 UT             4   0.03 24.6  5.239
P12nfaz  43 2026 05 20.3  13.2209 -27.6475 21.9 Updated May 24.34 UT            12   2.87 18.3  2.385
NAOCAN7 100 2026 05 17.7  15.2822 -21.8915 21.0 Updated May 24.34 UT             4   0.10 19.9  7.725
KPMa1Ih  87 2026 05 18.1  11.1248 -27.9655 23.4 Updated May 24.34 UT             5   0.01 20.8  7.475
CEMVK32  53 2026 05 17.4  16.4966  +8.5137 21.7 Updated May 24.42 UT            50  11.97 20.1  1.173
P12neKs  35 2026 05 14.6  18.0284 +56.9892 19.9 Updated May 25.03 UT           167  10.45 15.1  0.557
