P12nfxd  98 2026 05 25.6  17.8334 +16.2798 21.8 Updated May 25.79 UT             6   1.15 22.5  0.654
P12nfwU  96 2026 05 25.5  16.9121 +14.5195 21.7 Updated May 25.97 UT             8   8.14 23.3  0.709
C1F32J5 100 2026 05 25.4  17.2094 +12.9092 22.1 Added May 25.48 UT               4   0.02 25.7  0.770
C1F3245  75 2026 05 25.4  17.0178 +10.6256 22.9 Added May 25.48 UT               4   0.02 16.9  0.772
SJA1250 100 2026 05 24.9  16.8824 +61.4897 20.3 Added May 25.42 UT               3   0.03 17.5  1.273
C1F2X35  96 2026 05 25.4  16.3392  +1.2669 21.8 Updated May 26.18 UT            12   0.79 22.7  0.081
C1F2HL5 100 2026 05 25.4  16.3722 -11.5585 22.4 Updated May 25.43 UT             8   0.07 25.5  0.817
C1F2HK5  93 2026 05 25.4  16.1785 -11.8108 21.7 Updated May 26.23 UT            13   1.86 22.8  0.035
C1F1TD5 100 2026 05 25.3  15.6482  +4.2338 21.9 Added May 25.33 UT               4   0.02 27.4  0.915
C03UYWZ 100 2026 05 23.4  16.7441 +11.8946 22.4 Updated May 26.16 UT             7   2.00 23.1  0.800
A11CUyv 100 2026 05 24.1  17.5873 -56.9214 19.2 Updated May 26.12 UT            14   1.97 19.1  0.131
P12nfw2 100 2026 05 24.6  21.0504  -3.7933 21.4 Updated May 25.71 UT             5   1.00 19.3  0.648
NAOCLYL  85 2026 05 23.8  15.9001 -19.5865 21.6 Added May 24.59 UT               4   0.10 21.5  2.388
A11CQzo 100 2026 05 24.4  21.3292 -18.2000 20.0 Added May 24.51 UT               5   0.05 29.9  1.809
oKr0080 100 2026 05 23.9  23.4873 +18.5476 20.2 Added May 24.47 UT               3   0.00 15.5  2.354
C1F1535  87 2026 05 24.4  16.7577  +6.4769 22.4 Updated May 25.30 UT            11   0.87 23.3  0.958
C1F0TQ5  72 2026 05 24.4  15.8590  -8.2506 21.8 Updated May 26.20 UT            18   3.85 24.4  0.058
C1F0EU5  80 2026 05 24.3  15.4149 -10.0885 22.1 Updated May 26.15 UT            11   1.81 19.5  0.113
C1F0295  80 2026 05 24.3  15.3187  -7.1197 22.1 Updated May 26.10 UT            20   1.78 22.2  0.152
6EN3D21 100 2026 05 24.2  16.4999 -79.6779 18.7 Updated May 25.35 UT             3   0.01 21.1  2.009
C1EYPU5 100 2026 05 23.4  15.8608  +3.3212 22.9 Updated May 25.26 UT            11   1.87 24.2  0.995
C1EYD55  69 2026 05 23.3  15.7476 -13.5095 22.2 Updated May 25.35 UT            12   0.95 20.1  1.965
NAOCBPP  99 2026 05 20.7  14.9002 -20.8206 22.3 Updated May 25.35 UT             4   0.13 22.4  5.394
C46CD31 100 2026 05 21.4   1.5521  -2.9913 27.6 Updated May 25.35 UT             7   0.05 28.6  4.801
ST26ED1  98 2026 05 21.2   1.7282 -14.5351 28.0 Updated May 25.35 UT            20   0.16 30.2  4.859
ST26EC8  98 2026 05 20.4  21.8260 -30.9965 23.3 Updated May 25.35 UT             6   0.14 28.6  5.807
ST26EC7  98 2026 05 20.4   2.4799  -8.3882 30.2 Updated May 25.35 UT             6   0.11 30.3  5.813
P12nfaz  43 2026 05 20.3  13.2165 -27.5219 22.0 Updated May 24.34 UT            12   2.87 18.3  3.052
NAOCAN7 100 2026 05 17.7  15.2836 -21.9078 21.0 Updated May 24.34 UT             4   0.10 19.9  8.392
KPMa1Ih  87 2026 05 18.1  11.1259 -28.2439 23.5 Updated May 24.34 UT             5   0.01 20.8  8.141
CEMVK32  53 2026 05 17.4  16.4499  +8.1969 21.7 Updated May 24.42 UT            50  11.97 20.1  1.839
P12neKs  35 2026 05 14.6  18.0057 +56.8937 19.9 Updated May 25.03 UT           167  10.45 15.1  1.224
