ST26ED1 100 2026 05 21.2  14.9928  +9.0600 19.3 Updated May 21.26 UT             4   0.03 28.6  0.025
TF26EE0 100 2026 05 20.5  16.4987  +8.6304 21.3 Updated May 20.74 UT             4   0.02 28.7  0.799
TF26ED8 100 2026 05 20.5  16.6794  +0.4414 18.3 Added May 20.66 UT               2   0.00 24.3  0.819
ST26EC8 100 2026 05 20.4  16.9248  -8.5986 18.4 Updated May 20.66 UT             4   0.02 27.1  0.846
ST26EC7 100 2026 05 20.4   1.9503  -8.0408 25.0 Updated May 20.60 UT             4   0.01 29.5  0.852
ST26EC5 100 2026 05 20.3  16.7716  -8.0757 19.0 Updated May 20.59 UT             4   0.03 24.6  0.944
P12nfgD  86 2026 05 20.4  15.9867  -7.3057 21.6 Updated May 20.69 UT             6   0.14 20.1  0.707
P12nffX  10 2026 05 20.5  16.3901 -20.7484 21.7 Updated May 20.69 UT             5   0.08 14.9  0.710
P12nfdO  94 2026 05 20.5  16.2628 -23.1717 22.0 Updated May 20.69 UT             5   0.09 28.9  0.712
P12nffV  69 2026 05 20.5  16.5058 -19.2538 20.6 Updated May 20.70 UT             6   0.09 18.0  0.709
P12nfdQ  98 2026 05 20.4  15.3287 -13.9788 19.3 Updated May 20.98 UT            13   0.53 28.1  0.308
P22nfcS  83 2026 05 20.4  16.9140  +2.0892 20.6 Updated May 21.23 UT             9   0.47 20.5  0.393
P12nfck  98 2026 05 20.4  14.4862 -22.1662 19.0 Updated May 20.69 UT             6   0.11 26.1  0.792
P12nfaz  80 2026 05 20.3  13.2545 -28.4588 21.9 Updated May 20.70 UT             5   0.13 14.5  0.829
P22nfat  74 2026 05 20.4  16.2011 +21.3991 21.8 Updated May 20.69 UT             5   0.22 14.4  0.701
A11CGDH 100 2026 05 19.2  16.4789 -71.2048 18.8 Updated May 21.04 UT            13   1.72 21.9  0.343
A11CGDI  84 2026 05 19.2  17.3071 -43.8049 18.7 Updated May 21.20 UT            27   1.72 21.4  0.371
NAOCAN7 100 2026 05 17.7  15.2756 -21.7726 20.7 Updated May 20.34 UT             4   0.10 20.1  3.431
KPMa1Ih  87 2026 05 18.1  11.1271 -26.0628 23.2 Updated May 20.34 UT             5   0.01 20.8  3.180
CEMVK32  55 2026 05 17.4  16.8201 +10.5764 21.6 Updated May 20.52 UT            41   7.48 20.1  1.369
ST26E75  98 2026 05 15.2   2.5368 -20.3176 28.0 Updated May 20.34 UT             7   0.09 28.6  5.962
P12neKs  35 2026 05 14.6  18.1706 +57.5087 20.0 Updated May 21.25 UT           112   6.45 15.2  0.260
