C1F9WZ5 100 2026 06 01.3  17.0646 +28.3717 21.4 Updated June 1.46 UT            12   0.12 24.9  0.237
A11D0Xd 100 2026 05 30.0  19.3165 -41.4154 18.9 Updated June 1.42 UT             4   0.01 24.0  2.651
NAOCYLA 100 2026 05 27.7  16.2348 -20.5526 20.9 Updated June 1.43 UT             4   0.13 21.6  4.824
C07PYDZ 100 2026 05 27.2  14.3143 +47.8248 21.7 Updated June 1.43 UT             4   0.02 19.6  5.490
C1F4195 100 2026 05 26.4  16.1912 +13.3574 23.6 Updated June 1.43 UT             7   0.07 27.6  6.243
C1F3245  48 2026 05 25.4  16.8742  +9.9265 22.6 Updated June 1.43 UT            11   1.00 20.2  6.246
C1F2HL5 100 2026 05 25.4  17.0693 -12.9711 22.7 Updated June 1.43 UT             8   0.07 26.1  7.268
NAOCLYL  85 2026 05 23.8  15.9289 -13.5623 22.1 Updated June 1.43 UT             4   0.10 21.6  8.839
A11CQzo 100 2026 05 24.4  22.6955 -14.9923 23.6 Updated June 1.43 UT             5   0.05 29.9  8.261
oKr0080 100 2026 05 23.9  23.5012 +18.7222 20.2 Updated June 1.42 UT             3   0.00 13.5  8.805
6EN3D21 100 2026 05 24.2  15.1969 -81.6313 18.9 Updated June 1.42 UT             3   0.01 16.5  8.460
P12nfaz  43 2026 05 20.3  13.1859 -26.3254 22.0 Updated June 1.43 UT            12   2.87 18.3  9.503
