orA4607 100 2026 07 17.9  16.9869 +66.4437 20.3 Updated July 18.22 UT            3   0.01 19.6  0.340
ZTF10Ev 100 2026 07 17.4   8.9791 -55.9696 21.1 Added July 18.15 UT              4   0.00 27.7  0.894
RMM2026  35 2026 07 06.3  19.8406 -22.2921 21.7 Updated July 18.06 UT           28  26.53 18.9  0.273
ST26G56  98 2026 07 17.3  21.0968 +18.6591 21.2 Updated July 18.29 UT           14   0.95 29.2  0.025
ST26G54 100 2026 07 17.3  18.3279 +14.6009 20.0 Updated July 17.72 UT            5   0.05 21.1  0.910
oNj0343 100 2026 07 15.8  23.4977  +3.2566 21.8 Added July 17.29 UT              3   0.07 19.1  2.430
A11EQsq 100 2026 07 15.9  16.9822 -65.8707 21.9 Added July 17.27 UT              4   0.02 28.3  2.400
A11EQfd  72 2026 07 16.4  20.2654  -7.4066 19.4 Updated July 18.29 UT           43   1.98 26.8  0.017
ZTF10Er  98 2026 07 16.3   4.5932 -42.1560 22.9 Updated July 18.16 UT            7   0.11 30.3  1.913
P12ooQQ  82 2026 07 16.6  20.9722  +2.2452 21.2 Updated July 18.26 UT           11   1.91 21.2  0.044
P22ooQq 100 2026 07 16.6   1.9741 +11.1877 21.7 Updated July 17.54 UT            7   0.94 19.8  0.768
P22ooPS 100 2026 07 16.5   9.0184 -35.5753 19.6 Updated July 18.23 UT            3   0.02 25.3  1.770
P22ooOY  81 2026 07 16.5  23.1385 +18.4723 21.3 Updated July 18.16 UT           16   9.92 24.3  0.860
P22ooOw 100 2026 07 16.3  17.6922 +55.5604 22.2 Updated July 17.71 UT           10   0.99 21.0  0.971
P12ooOy 100 2026 07 16.3  15.1387 +18.3112 22.3 Updated July 17.65 UT           10   0.95 22.4  0.995
P22ooOt  83 2026 07 16.4  20.9304 +15.1156 22.2 Updated July 18.28 UT           10   1.89 21.5  0.024
P22ooOs  98 2026 07 16.4  20.5461  +9.9202 22.1 Updated July 18.25 UT            9   1.85 23.1  0.059
ST26G49 100 2026 07 16.4   0.3282 -36.1166 19.8 Updated July 18.23 UT            4   0.04 27.5  1.883
X89848   77 2026 07 14.8  22.0950 -13.1019 19.7 Updated July 17.24 UT            3   0.03 15.6  3.506
P12onSk  87 2026 07 15.5  22.3267 -32.5622 21.1 Updated July 17.53 UT            9   2.00 20.6  0.780
P12onSi  72 2026 07 15.5  22.0035 -23.5988 20.9 Updated July 17.52 UT           13  23.89 20.4  0.856
P12onSj  88 2026 07 15.5  22.7992 -29.0740 21.0 Updated July 17.53 UT            9   2.00 18.8  0.777
ZTF10Ep 100 2026 07 15.3   4.2068  -0.1157 23.6 Updated July 17.24 UT            4   0.04 27.0  2.913
P12onRT  86 2026 07 15.4  20.4488 -39.3922 19.7 Updated July 17.93 UT           16   2.48 20.9  0.375
W2onRQ  100 2026 07 15.4  20.0236 -20.2552 20.5 Updated July 17.23 UT            4   0.00 26.7  2.866
P12onRm  91 2026 07 15.4  19.7061 -25.7922 21.1 Updated July 17.65 UT           11   2.04 22.2  0.864
ST26G39  74 2026 07 15.2  17.8914 +41.3514 21.9 Updated July 17.71 UT           25   2.10 26.0  0.964
P12onNw  35 2026 07 14.3  17.5001  -1.6497 20.7 Updated July 18.21 UT           23   5.74 12.3  0.294
TF26G22 100 2026 07 10.3   2.4357 -34.6833 22.4 Updated July 17.24 UT            2   0.00 25.3  7.987
P22nJzF  35 2026 06 22.5  22.3910 +18.4049 21.5 Updated July 17.24 UT           28 300.05 14.2  2.852
