P12nfw2 100 2026 05 24.6  20.9659  -4.3988 21.3 Added May 24.67 UT               3   0.02 22.3  0.131
NAOCLYL  80 2026 05 23.8  15.8937 -21.0949 21.6 Added May 24.59 UT               4   0.10 21.5  0.886
A11CQzo 100 2026 05 24.4  17.9112 -16.3903 17.0 Added May 24.51 UT               5   0.05 29.9  0.308
P12nfqd 100 2026 05 24.4  15.9665 -23.8451 20.2 Added May 24.49 UT               4   0.03 21.2  0.300
oKr0080 100 2026 05 23.9  23.4818 +18.5032 20.3 Added May 24.47 UT               3   0.00 15.5  0.853
C1F15H5 100 2026 05 24.4  16.8277 +23.7402 21.5 Updated May 24.48 UT             8   0.03 24.6  0.265
P22nfp8 100 2026 05 24.4  15.8704  +1.4469 20.3 Updated May 24.69 UT             6   0.10 22.9  0.263
C1F1535  84 2026 05 24.4  16.7563  +6.0548 22.6 Updated May 24.48 UT             8   0.05 20.2  0.268
C1F0TQ5 100 2026 05 24.4  15.9514  -6.2192 21.6 Updated May 24.48 UT            10   0.09 22.8  0.273
CEP5GZ2 100 2026 05 24.4  15.9030  +1.8364 20.5 Updated May 24.68 UT            13   0.09 25.7  0.264
C1F0L35 100 2026 05 24.3  15.0716  +2.5705 22.3 Updated May 24.42 UT             8   0.08 21.9  0.325
ST26EG3  98 2026 05 24.3  17.5652  -3.4767 19.7 Updated May 24.57 UT            14   0.21 27.5  0.192
C1F0EU5  82 2026 05 24.3  15.4452 -10.0922 22.1 Updated May 24.39 UT             8   0.07 14.8  0.352
C1F0295 100 2026 05 24.3  15.3469  -7.4280 22.1 Updated May 24.43 UT            12   0.12 21.6  0.308
CEP1CX2 100 2026 05 24.3  15.0322  +1.4990 20.8 Updated May 24.43 UT            20   0.14 24.9  0.316
6EN3D21 100 2026 05 24.2  16.6830 -78.9458 19.1 Added May 24.29 UT               3   0.01 19.2  0.508
CEP0PP2  98 2026 05 24.2  14.9244  -6.6814 20.5 Updated May 24.40 UT            15   0.16 28.5  0.341
C1EYRR5  91 2026 05 23.4  15.8745  +1.8333 22.4 Updated May 24.68 UT            18   1.10 25.0  0.263
C1EYQL5 100 2026 05 23.4  15.8400  +0.8008 22.0 Updated May 24.68 UT            12   1.10 24.3  0.263
C1EYPU5 100 2026 05 23.4  15.8353  +3.0871 22.8 Updated May 24.37 UT             9   0.64 24.0  0.724
C1EYPT5  89 2026 05 23.4  15.8174  +1.4725 21.8 Updated May 24.68 UT            19   1.10 24.2  0.263
C1EYD55  64 2026 05 23.3  15.7923 -13.1581 22.1 Updated May 24.30 UT            12   0.95 20.1  0.463
C1EXH55  93 2026 05 23.3  14.0238  +5.9310 22.5 Updated May 24.21 UT            20   0.91 23.7  0.551
6EM3521  79 2026 05 23.1  13.1440 -11.0245 20.2 Updated May 24.29 UT            29   1.14 22.4  0.549
NAOCBPP 100 2026 05 20.7  14.8768 -19.8134 22.3 Updated May 24.34 UT             4   0.13 22.4  3.893
C46CD31 100 2026 05 21.4   1.3417  -3.2824 26.6 Updated May 23.35 UT             7   0.05 28.6  3.300
ST26ED1  98 2026 05 21.2   1.6361 -14.8932 27.1 Updated May 23.35 UT            20   0.16 30.2  3.358
TF26EE0 100 2026 05 20.5  16.3622  +8.8204 24.3 Updated May 24.34 UT             4   0.02 28.8  4.259
ST26EC8  98 2026 05 20.4  21.2408 -30.5283 22.4 Updated May 23.35 UT             6   0.14 28.6  4.306
ST26EC7  98 2026 05 20.4   2.4521  -8.4098 29.7 Updated May 23.35 UT             6   0.11 30.3  4.312
ST26EC5 100 2026 05 20.3  15.3394 -18.0205 20.5 Updated May 24.34 UT             4   0.03 24.8  4.404
P12nfaz  43 2026 05 20.3  13.2268 -27.8051 21.9 Updated May 24.34 UT            12   2.87 18.3  1.551
NAOCAN7 100 2026 05 17.7  15.2806 -21.8708 20.9 Updated May 24.34 UT             4   0.10 19.9  6.890
KPMa1Ih  87 2026 05 18.1  11.1240 -27.6111 23.4 Updated May 24.34 UT             5   0.01 20.8  6.640
CEMVK32  35 2026 05 17.4  16.5563  +8.9123 21.7 Updated May 24.42 UT            50  11.97 20.1  0.338
P12neKs  35 2026 05 14.6  18.0566 +57.1030 19.9 Updated May 24.37 UT           161   9.46 15.1  0.710
