A11D0Xd 100 2026 05 30.0  19.4621 -42.1337 18.8 Updated May 31.41 UT             4   0.01 23.9  1.984
NAOCYLA 100 2026 05 27.7  16.2174 -20.4574 20.8 Updated May 31.41 UT             4   0.13 22.4  4.158
C07PYDZ 100 2026 05 27.2  14.3130 +47.9095 21.6 Updated May 31.40 UT             4   0.02 19.9  4.823
C1F4195 100 2026 05 26.4  16.1862 +13.1248 23.5 Updated May 31.41 UT             7   0.07 27.6  5.576
C1F3245  48 2026 05 25.4  16.8895 +10.0142 22.5 Updated May 31.41 UT            11   1.00 20.2  5.580
C1F2HL5 100 2026 05 25.4  17.0911 -12.9901 22.5 Updated May 31.41 UT             8   0.07 25.5  6.602
NAOCLYL  80 2026 05 23.8  15.9255 -14.1658 22.1 Updated May 31.41 UT             4   0.10 22.0  8.172
A11CQzo 100 2026 05 24.4  22.6653 -15.0810 23.5 Updated May 31.41 UT             5   0.05 29.9  7.594
oKr0080 100 2026 05 23.9  23.5003 +18.7143 20.0 Updated May 31.41 UT             3   0.00 17.4  8.139
6EN3D21 100 2026 05 24.2  16.2796 -80.5309 19.9 Updated May 31.41 UT             3   0.01 22.4  7.794
NAOCBPP  99 2026 05 20.7  14.9941 -24.2133 22.6 Updated May 31.41 UT             4   0.13 22.5 11.179
P12nfaz  43 2026 05 20.3  13.1880 -26.4468 22.1 Updated May 31.41 UT            12   2.87 18.4  8.837
