A11CDyX 100 2026 05 18.0  10.7960 -33.2883 19.6 Added May 18.22 UT               4   0.02 21.1  0.588
P22nf7J 100 2026 05 17.6  16.3944 +33.4568 21.0 Updated May 18.37 UT             9  20.57 23.1  0.674
P22nf7G 100 2026 05 17.6  16.2113 +35.0505 22.1 Added May 17.77 UT               4   0.04 22.8  1.050
P22nf3F  32 2026 05 17.5  17.5992 +37.0471 21.4 Updated May 18.35 UT            12   0.81 19.0  0.353
CEMVK32 100 2026 05 17.4  17.0369 +11.8357 21.7 Updated May 18.33 UT            30   5.77 20.2  0.448
A11Cvk7 100 2026 05 16.9  13.6414 -72.3852 19.6 Updated May 18.37 UT             4   0.03 22.7  1.725
CEMRK82  84 2026 05 16.5  21.5764 -10.1350 21.5 Updated May 18.37 UT             3   0.01 17.3  2.190
A11Cswo 100 2026 05 16.0  17.1782 -23.3031 18.5 Updated May 18.37 UT             4   0.02 20.9  2.652
ZTF10Du 100 2026 05 15.3  16.9248 -36.5422 19.7 Updated May 18.37 UT             4   0.03 26.4  3.356
ST26E84  98 2026 05 15.4  15.4476 +10.7000 20.7 Updated May 18.37 UT             6   0.47 26.4  2.765
ST26E75  98 2026 05 15.2   2.5077 -23.0957 26.5 Updated May 18.37 UT             7   0.09 28.6  3.334
P12neKs  35 2026 05 14.6  18.2533 +57.7495 20.2 Updated May 18.33 UT            58   3.67 15.3  0.415
RFD0300 100 2026 05 13.0  19.2752 -43.9991 25.2 Updated May 18.38 UT             2   0.00 29.8  5.624
CEMAUH2 100 2026 05 14.4  16.0069 -12.3409 21.2 Updated May 18.39 UT             6   0.07 23.9  4.211
ST26E61 100 2026 05 14.3  16.7059  +0.7363 23.9 Updated May 18.39 UT             6   0.05 28.9  4.288
A11CmCW 100 2026 05 13.3   6.4326 -69.6342 21.2 Updated May 18.39 UT             4   0.02 25.6  5.279
C1EUYV5  35 2026 04 27.5  17.2180 +18.9560 21.9 Updated May 16.81 UT            36 300.17 12.8  2.193
