CEMAUH2 100 2026 05 14.4  16.5532  +5.3587 21.4 Updated May 14.46 UT             6   0.07 24.0  0.042
CEMAY32 100 2026 05 14.4  16.7836  +4.7532 20.3 Updated May 14.47 UT             9   0.07 23.8  0.020
C46A061 100 2026 05 14.4  14.9370  -8.0871 18.6 Updated May 14.42 UT            11   0.04 30.2  0.064
CEMANR2  98 2026 05 14.4  16.3823  +3.9451 19.8 Updated May 14.46 UT            10   0.09 20.9  0.026
C469ZZ1  98 2026 05 14.4  14.2178 +13.0641 17.8 Updated May 14.47 UT            15   0.10 26.9  0.019
ST26E67 100 2026 05 14.3  15.9730  -0.1937 19.3 Updated May 14.38 UT             6   0.06 30.0  0.106
CEMA5R2  98 2026 05 14.3  15.5163  +6.3173 20.1 Updated May 14.48 UT            14   0.08 23.8  0.071
ST26E61 100 2026 05 14.3  15.8672  -0.3226 19.8 Updated May 14.37 UT             6   0.05 28.7  0.118
CEM9MQ2  98 2026 05 14.3  14.7766  +3.6338 20.6 Updated May 14.41 UT             8   0.09 28.6  0.081
CEM9DH2 100 2026 05 14.3  14.9765  +0.7224 20.7 Updated May 14.42 UT            10   0.10 24.3  0.073
CEM9AR2  98 2026 05 14.3  14.8623  +1.6162 21.6 Updated May 14.40 UT             8   0.09 26.1  0.089
ST26E59 100 2026 05 14.3  15.2260  -0.1005 20.0 Updated May 14.38 UT            14   0.07 26.8  0.111
ST26E57 100 2026 05 14.3  14.8701  -1.8367 19.3 Updated May 14.33 UT             8   0.05 27.0  0.157
CEM83E2 100 2026 05 14.3  13.9916  +1.2140 20.6 Updated May 14.36 UT             6   0.09 24.4  0.132
CEM7YT2 100 2026 05 14.3  13.3130  +3.1792 20.0 Updated May 14.36 UT             8   0.09 21.7  0.129
ST26E52 100 2026 05 14.2  13.6203  +3.1775 19.9 Updated May 14.38 UT             9   0.09 25.9  0.145
MZ26075 100 2026 05 13.8  16.6166  -4.0101 19.5 Added May 14.13 UT               3   0.01 25.1  0.662
A11CmCW 100 2026 05 13.3   4.2351 -78.1867 18.8 Added May 13.75 UT               4   0.02 24.5  1.110
A11CmCS 100 2026 05 13.3  16.4650 -38.9879 19.0 Added May 13.75 UT               4   0.04 25.4  1.168
OCA1642  84 2026 05 13.1  13.7637 -31.1736 19.4 Added May 13.56 UT               3   0.02 13.4  1.356
P22nay8  74 2026 05 13.4  15.7563  -1.9826 21.5 Updated May 14.14 UT             6   0.69 16.5  0.357
P22nawA  78 2026 05 13.4  15.1791  -3.1573 21.2 Updated May 14.39 UT            21  15.92 24.7  0.247
A11Cmv6 100 2026 05 13.0   8.5799 -50.5140 18.8 Updated May 14.10 UT            10   0.91 18.6  0.520
P22n4V7  96 2026 05 12.4  14.3671 -19.5346 21.8 Updated May 14.13 UT            15   1.72 21.1  0.368
P22n4V6  79 2026 05 12.4  13.9229 -22.9840 21.6 Updated May 14.23 UT            23   1.84 23.5  0.258
CEM28F2  81 2026 05 12.4  18.2180 +20.2633 20.6 Updated May 14.32 UT            30   1.90 24.7  0.176
P22n4PC  55 2026 05 12.4  13.9680 -13.4570 20.6 Updated May 14.21 UT            17   1.83 21.0  0.292
CEM26R2  13 2026 05 12.4  16.5968 +15.4524 20.6 Updated May 14.25 UT            21   2.69 17.0  0.245
CEM1XD2  13 2026 05 12.3  14.5073 +17.5240 22.2 Updated May 14.22 UT            20   6.88 19.2  0.275
SO0005e 100 2026 05 11.7   0.0465  +4.9122 26.2 Updated May 14.35 UT             3   0.00 28.9  2.773
SO0005d 100 2026 05 11.7  18.9583 -25.5387 21.4 Updated May 14.34 UT             4   0.00 28.2  2.772
SO0005c 100 2026 05 11.7  22.3704 -31.1784 23.1 Updated May 14.34 UT             3   0.00 28.6  2.826
SO0005b 100 2026 05 11.6  22.8447  -9.5575 22.0 Updated May 14.34 UT             3   0.00 26.6  2.837
CELXZH2 100 2026 05 11.3  14.7591 +24.3025 22.3 Updated May 14.35 UT             3   0.01 25.0  3.136
ST26E34 100 2026 05 10.5  14.8661 +18.4388 24.2 Updated May 14.35 UT             2   0.00 28.6  4.023
6E94521  10 2026 05 10.4  19.6384 -63.4484 19.5 Updated May 14.42 UT            44   4.03 19.0  0.087
CELRZD2 100 2026 05 09.2  12.4002 +36.9554 22.7 Updated May 14.34 UT             8   0.10 23.0  5.136
ST26E14 100 2026 05 08.4  13.3174  -2.8188 18.2 Updated May 14.35 UT             2   0.00 17.3  6.059
P22n0fQ  97 2026 05 07.4  15.0180 +10.8251 21.7 Updated May 13.34 UT             3   0.04 23.4  7.076
S001563  73 2026 05 07.0  12.9839 -27.0757 21.5 Updated May 14.34 UT             3   0.03 17.5  7.407
C1EUYV5  35 2026 04 27.5  17.2761 +18.7505 21.9 Updated May 14.43 UT            36 297.21 12.8  0.986
