TF26EE0 100 2026 05 20.5  16.5379  +8.5566 20.9 Updated May 20.74 UT             4   0.02 28.7  0.591
TF26ED8 100 2026 05 20.5  16.5777  +1.2199 18.2 Added May 20.66 UT               2   0.00 24.3  0.611
ST26EC8 100 2026 05 20.4  16.5016  -4.8658 18.5 Updated May 20.66 UT             4   0.02 27.1  0.638
ST26EC7 100 2026 05 20.4   1.4770  -7.5013 23.3 Updated May 20.60 UT             4   0.01 29.5  0.644
ST26EC5 100 2026 05 20.3  16.9639  -6.5764 19.0 Updated May 20.59 UT             4   0.03 24.6  0.736
P12nfgD  86 2026 05 20.4  15.9922  -7.2664 21.6 Updated May 20.69 UT             6   0.14 20.1  0.499
P12nffX  10 2026 05 20.5  16.3938 -20.7291 21.7 Updated May 20.69 UT             5   0.08 14.9  0.502
P12nfdO  94 2026 05 20.5  16.2635 -23.0666 21.8 Updated May 20.69 UT             5   0.09 28.9  0.503
P12nffV  69 2026 05 20.5  16.5069 -19.3413 20.6 Updated May 20.70 UT             6   0.09 18.0  0.501
P12nfdQ  98 2026 05 20.4  15.4822 -14.9008 19.6 Updated May 20.98 UT            13   0.53 28.1  0.099
P22nfcp 100 2026 05 20.4  16.9533  +4.1843 21.0 Updated May 21.05 UT            15   6.53 23.0  0.060
P22nfcS  83 2026 05 20.4  16.9152  +2.1394 20.6 Updated May 20.70 UT             7   0.16 17.4  0.495
P12nfck  98 2026 05 20.4  14.3977 -23.4965 19.1 Updated May 20.69 UT             6   0.11 26.1  0.584
P12nfaz  80 2026 05 20.3  13.2565 -28.4982 21.9 Updated May 20.70 UT             5   0.13 14.5  0.621
P22nfat  74 2026 05 20.4  16.2048 +21.3747 21.8 Updated May 20.69 UT             5   0.22 14.4  0.493
A11CGDH 100 2026 05 19.2  16.4457 -71.3979 18.8 Updated May 21.04 UT            13   1.72 21.9  0.134
A11CGDI  86 2026 05 19.2  17.2800 -44.0934 18.7 Updated May 20.63 UT            24   1.40 21.4  0.489
NAOCAN7 100 2026 05 17.7  15.2754 -21.7671 20.7 Updated May 20.34 UT             4   0.10 20.1  3.222
KPMa1Ih  87 2026 05 18.1  11.1277 -25.9652 23.2 Updated May 20.34 UT             5   0.01 20.8  2.972
A11CDyX  81 2026 05 18.0  10.9367 -31.4990 19.6 Updated May 20.78 UT            22   2.72 20.6  0.304
CEMVK32  55 2026 05 17.4  16.8368 +10.6767 21.6 Updated May 20.52 UT            41   7.48 20.1  1.161
ST26E75  98 2026 05 15.2   2.5355 -20.4348 27.9 Updated May 20.34 UT             7   0.09 28.6  5.754
P12neKs  35 2026 05 14.6  18.1773 +57.5298 20.0 Updated May 21.05 UT           106   6.45 15.2  0.051
