C1F0TQ5  98 2026 05 24.4  15.9697  -5.8338 21.9 Added May 24.41 UT               4   0.02 24.9  0.045
CEP5GZ2 100 2026 05 24.4  15.8351  +2.3228 20.5 Updated May 24.45 UT            12   0.05 25.7  0.009
C1F0L35 100 2026 05 24.3  15.0762  +2.5299 22.3 Updated May 24.42 UT             8   0.08 21.9  0.034
ST26EG3 100 2026 05 24.3  17.3849  -1.4620 19.6 Updated May 24.39 UT             9   0.05 27.4  0.060
C1F0EU5  82 2026 05 24.3  15.4513 -10.0937 22.0 Updated May 24.39 UT             8   0.07 14.8  0.060
C1F0295  97 2026 05 24.3  15.3524  -7.4874 22.1 Updated May 24.43 UT            12   0.12 21.6  0.016
CEP1CX2  98 2026 05 24.3  15.0484  +2.4935 20.8 Updated May 24.43 UT            20   0.14 24.9  0.024
6EN3D21 100 2026 05 24.2  16.7188 -78.8135 19.1 Added May 24.29 UT               3   0.01 19.2  0.216
CEP0PP2  98 2026 05 24.2  14.7780  -5.7779 20.7 Updated May 24.40 UT            15   0.16 28.5  0.049
ST26EF6  98 2026 05 24.2  13.6081  -3.2793 19.3 Updated May 24.33 UT            19   0.13 26.1  0.119
C1EYRR5 100 2026 05 23.4  15.8707  +2.1732 22.4 Updated May 24.37 UT            13   0.56 25.0  0.509
C1EYQL5 100 2026 05 23.4  15.8574  +1.0787 22.1 Updated May 24.28 UT            10   0.89 24.4  0.188
C1EYPU5 100 2026 05 23.4  15.8303  +3.0379 22.8 Updated May 24.37 UT             9   0.64 24.0  0.433
C1EYPT5  89 2026 05 23.4  15.8218  +1.8079 21.7 Updated May 24.24 UT            18   0.86 24.2  0.210
C1EYD55  64 2026 05 23.3  15.8010 -13.0899 22.1 Updated May 24.30 UT            12   0.95 20.1  0.171
C1EXH55  93 2026 05 23.3  14.0065  +5.6642 22.4 Updated May 24.21 UT            20   0.91 23.7  0.259
6EM3521  79 2026 05 23.1  13.1592 -11.5699 20.2 Updated May 24.29 UT            29   1.14 22.4  0.257
NAOCBPP 100 2026 05 20.7  14.8728 -19.6351 22.3 Updated May 24.34 UT             4   0.13 22.4  3.601
CZYNHKZ 100 2026 05 14.4  16.3575  +2.2250 21.8 Updated May 23.35 UT             4   0.02 22.7 10.064
C46CD31 100 2026 05 21.4   1.2726  -3.3719 26.3 Updated May 23.35 UT             7   0.05 28.6  3.008
ST26ED1  98 2026 05 21.2   1.6059 -15.0040 26.9 Updated May 23.35 UT            20   0.16 30.2  3.066
TF26EE0 100 2026 05 20.5  16.3653  +8.8234 24.1 Updated May 24.34 UT             4   0.02 28.8  3.967
ST26EC8  98 2026 05 20.4  21.0775 -30.2925 22.2 Updated May 23.35 UT             6   0.14 28.6  4.014
ST26EC7  98 2026 05 20.4   2.4442  -8.4100 29.6 Updated May 23.35 UT             6   0.11 30.3  4.020
ST26EC5 100 2026 05 20.3  15.4007 -17.6504 20.3 Updated May 24.34 UT             4   0.03 24.8  4.112
P12nffX  10 2026 05 20.5  16.3330 -21.0486 21.6 Updated May 24.38 UT            18   9.84 19.3  0.156
P12nfaz  43 2026 05 20.3  13.2289 -27.8602 21.9 Updated May 24.34 UT            12   2.87 18.3  1.259
NAOCAN7 100 2026 05 17.7  15.2801 -21.8634 20.9 Updated May 24.34 UT             4   0.10 19.9  6.599
KPMa1Ih  87 2026 05 18.1  11.1239 -27.4857 23.4 Updated May 24.34 UT             5   0.01 20.8  6.348
CEMVK32  35 2026 05 17.4  16.5776  +9.0519 21.7 Updated May 24.42 UT            50  11.97 20.1  0.046
P12neKs  35 2026 05 14.6  18.0664 +57.1413 19.9 Updated May 24.37 UT           161   9.46 15.1  0.419
