TF26EE0 100 2026 05 20.5  16.5478  +8.5376 20.8 Updated May 20.74 UT             4   0.02 28.7  0.549
TF26ED8 100 2026 05 20.5  16.5573  +1.3761 18.2 Added May 20.66 UT               2   0.00 24.3  0.569
ST26EC8 100 2026 05 20.4  16.4201  -4.1334 18.5 Updated May 20.66 UT             4   0.02 27.1  0.596
ST26EC7 100 2026 05 20.4   1.2917  -7.2581 22.8 Updated May 20.60 UT             4   0.01 29.5  0.602
ST26EC5 100 2026 05 20.3  17.0047  -6.2546 19.0 Updated May 20.59 UT             4   0.03 24.6  0.694
P12nfgD  86 2026 05 20.4  15.9933  -7.2585 21.6 Updated May 20.69 UT             6   0.14 20.1  0.457
P12nffX  10 2026 05 20.5  16.3946 -20.7252 21.7 Updated May 20.69 UT             5   0.08 14.9  0.460
P12nfdO  94 2026 05 20.5  16.2636 -23.0433 21.8 Updated May 20.69 UT             5   0.09 28.9  0.462
P12nffV  69 2026 05 20.5  16.5072 -19.3588 20.6 Updated May 20.70 UT             6   0.09 18.0  0.459
P12nfdQ  98 2026 05 20.4  15.5073 -15.0491 19.6 Updated May 20.98 UT            13   0.53 28.1  0.058
P22nfcp  98 2026 05 20.4  16.9518  +4.1232 21.0 Updated May 21.01 UT            10   0.58 23.0  0.030
P22nfcS  83 2026 05 20.4  16.9156  +2.1493 20.6 Updated May 20.70 UT             7   0.16 17.4  0.454
P12nfck  98 2026 05 20.4  14.3798 -23.7609 19.1 Updated May 20.69 UT             6   0.11 26.1  0.542
P12nfaz  80 2026 05 20.3  13.2569 -28.5061 21.9 Updated May 20.70 UT             5   0.13 14.5  0.579
P22nfat  74 2026 05 20.4  16.2055 +21.3698 21.8 Updated May 20.69 UT             5   0.22 14.4  0.451
A11CGDH 100 2026 05 19.2  16.4391 -71.4358 18.8 Updated May 20.82 UT            10   1.57 21.9  0.241
A11CGDI  86 2026 05 19.2  17.2746 -44.1506 18.7 Updated May 20.63 UT            24   1.40 21.4  0.448
NAOCAN7 100 2026 05 17.7  15.2753 -21.7660 20.7 Updated May 20.34 UT             4   0.10 20.1  3.181
KPMa1Ih  87 2026 05 18.1  11.1278 -25.9457 23.2 Updated May 20.34 UT             5   0.01 20.8  2.930
A11CDyX  81 2026 05 18.0  10.9341 -31.5313 19.6 Updated May 20.78 UT            22   2.72 20.6  0.262
CEMVK32  55 2026 05 17.4  16.8401 +10.6967 21.6 Updated May 20.52 UT            41   7.48 20.1  1.119
ST26E75  98 2026 05 15.2   2.5352 -20.4593 27.9 Updated May 20.34 UT             7   0.09 28.6  5.712
P12neKs  35 2026 05 14.6  18.1786 +57.5340 20.0 Updated May 20.86 UT           103   6.28 15.2  0.181
