P12onSk  79 2026 07 15.5  22.2988 -32.1030 21.1 Added July 15.59 UT              3   0.04 17.9  0.080
P12onSi  86 2026 07 15.5  22.0088 -24.0657 20.6 Added July 15.59 UT              4   0.04 18.8  0.083
P12onSj 100 2026 07 15.5  22.7602 -28.4693 21.0 Added July 15.58 UT              4   0.03 18.6  0.075
ZTF10Ep 100 2026 07 15.3  21.8974 -18.5372 17.5 Added July 15.58 UT              4   0.04 26.9  0.246
P12onRT 100 2026 07 15.4  20.4225 -40.0327 19.8 Added July 15.57 UT              4   0.03 19.0  0.157
W2onRQ  100 2026 07 15.4  19.9082 -31.4826 19.7 Added July 15.55 UT              4   0.00 26.5  0.200
P12onRq 100 2026 07 15.4  19.8143 -22.2673 18.6 Added July 15.51 UT              3   0.01 23.5  0.228
P12onRm  98 2026 07 15.4  19.6768 -24.2981 21.0 Added July 15.51 UT              3   0.01 24.5  0.228
ST26G39 100 2026 07 15.2  18.3451 +26.0816 20.0 Updated July 15.38 UT            8   0.15 24.5  0.250
A11EGdu 100 2026 07 14.9  19.6747 -41.5881 19.2 Updated July 15.56 UT            7   0.58 25.3  0.128
XA9yiXA  10 2026 07 14.7  19.6467  -5.6457 20.0 Updated July 15.44 UT           34 2458.95 19.4  0.439
P12onNw  44 2026 07 14.3  17.5246  -1.8073 20.9 Updated July 15.51 UT            9   1.08 12.7  0.205
P12onNu  10 2026 07 14.3  17.2474  -5.7948 21.5 Updated July 15.30 UT           24 2468.80 17.3  0.342
P12onNt 100 2026 07 14.4  19.9284 -33.3102 20.0 Updated July 15.59 UT            7   1.01 25.2  0.194
P12omkz 100 2026 07 14.4  20.5176 -34.3806 21.3 Updated July 15.56 UT           13   6.97 23.9  0.191
P12omkc  78 2026 07 14.4  19.6522 -38.0341 21.0 Added July 14.48 UT              4   0.02 18.3  1.187
P12o4wi  78 2026 07 13.5  21.8475  -6.9516 21.4 Updated July 15.57 UT           16  18.75 22.2  0.324
P12o4vO 100 2026 07 11.6   9.8613 -10.2112 26.4 Updated July 15.23 UT            3   0.01 26.0  4.025
P12o4vm  10 2026 07 11.5  22.4882 -18.5817 20.8 Updated July 15.35 UT           29 2568.87 19.2  0.286
P12o4vl  10 2026 07 11.5  22.4435 -18.8386 20.7 Updated July 15.33 UT           29 6166.41 19.4  0.296
ZTF10El 100 2026 07 11.3   0.7457  -3.1048 22.9 Updated July 15.23 UT            4   0.02 27.8  4.286
ZTF10En 100 2026 07 11.4   9.9223 -26.0063 28.8 Updated July 15.23 UT            2   0.00 29.7  4.222
A11EvW0 100 2026 07 11.3  20.6209 -24.9534 20.1 Updated July 15.23 UT            4   0.02 24.7  4.348
ST26G26 100 2026 07 10.5  20.5009  +0.3235 22.5 Updated July 14.24 UT            4   0.01 27.1  5.158
TF26G22 100 2026 07 10.3   7.8032 -17.8914 29.5 Updated July 14.67 UT            2   0.00 28.9  5.320
ST26G18 100 2026 07 10.3   8.4228 +40.5500 30.2 Updated July 14.24 UT            4   0.02 26.1  5.293
ST26G17 100 2026 07 10.3   7.6265 -18.9029 29.3 Updated July 15.23 UT            2   0.00 28.8  5.336
P12o0YY  10 2026 07 09.5  20.6153 -19.9280 21.2 Updated July 15.59 UT           21 1277.70 20.4  0.520
A11EpSe  10 2026 07 08.2  19.6105 -29.0797 19.3 Updated July 15.60 UT           28   6.76 19.1  0.691
ST26G01  98 2026 07 07.2  22.0370 -62.3529 23.1 Updated July 15.23 UT           14   0.10 27.0  8.274
MAS0006  35 2026 06 19.3  18.3347 +23.9702 20.0 Updated July 15.06 UT          177  25.72  9.0  0.607
P22nJzF  35 2026 06 22.5  22.4388 +18.6176 21.4 Updated July 15.51 UT           24  30.89 14.1  0.185
