P12orqV  78 2026 07 18.5  21.3527  -3.3809 20.9 Updated July 18.90 UT            6   0.07 19.4  0.412
P12orqU  66 2026 07 18.5  21.3011  -3.3279 21.3 Updated July 18.91 UT            4   0.06 18.6  0.414
P12orpW 100 2026 07 18.5  21.6435  -4.4364 20.8 Added July 18.74 UT              3   0.06 20.7  0.411
P12orbt 100 2026 07 18.4  17.3143 +30.0960 19.9 Updated July 18.58 UT            6   0.11 23.0  0.428
P12orbb  99 2026 07 18.4  19.1736 +43.2162 21.7 Updated July 18.59 UT            5   0.15 22.1  0.424
ST26G69  88 2026 07 18.4  21.0498 +27.1550 18.9 Updated July 18.95 UT           17   0.54 25.9  0.014
ST26G68 100 2026 07 18.4  18.0039 +25.6647 17.3 Added July 18.38 UT              2   0.00 17.0  0.593
TF26G47 100 2026 07 18.2  17.9508 +22.8339 20.6 Added July 18.31 UT              2   0.00 24.5  0.718
ST26G65 100 2026 07 18.2  17.8435 +23.7694 20.6 Added July 18.30 UT              2   0.00 24.0  0.733
orA4607 100 2026 07 17.9  16.9604 +67.1232 20.3 Updated July 18.22 UT            3   0.01 19.6  1.007
ZTF10Ev 100 2026 07 17.4   9.1373 -56.4979 22.6 Added July 18.15 UT              4   0.00 27.7  1.561
RMM2026  35 2026 07 06.3  19.8315 -22.3280 21.8 Updated July 18.48 UT           31  26.84 19.0  0.622
ST26G54 100 2026 07 17.3  18.3188 +14.3288 20.0 Updated July 17.72 UT            5   0.05 21.1  1.576
oNj0343 100 2026 07 15.8  23.4784  +3.0560 21.8 Added July 17.29 UT              3   0.07 19.1  3.097
A11EQsq 100 2026 07 15.9  16.9899 -65.9056 22.3 Added July 17.27 UT              4   0.02 28.3  3.066
A11EQfd  72 2026 07 16.4  20.4929  -3.5923 19.7 Updated July 18.45 UT           40   1.98 26.8  0.684
ZTF10Er  98 2026 07 16.3   5.0395 -38.9269 24.0 Updated July 18.51 UT            8   0.11 30.3  2.580
P12ooQQ  82 2026 07 16.6  20.9757  +2.2896 21.2 Updated July 18.26 UT           11   1.91 21.2  0.710
P22ooQq 100 2026 07 16.6   1.9972 +11.7920 21.7 Updated July 17.54 UT            7   0.94 19.8  1.435
P22ooPS 100 2026 07 16.5  10.5302 -27.1043 22.3 Updated July 18.23 UT            3   0.02 25.3  2.436
P22ooOw 100 2026 07 16.3  17.6788 +55.6843 22.2 Updated July 18.52 UT           15   2.03 21.0  0.602
P12ooOy 100 2026 07 16.3  15.1231 +18.4117 22.4 Updated July 18.51 UT           13   2.03 22.3  0.586
ST26G49 100 2026 07 16.4   1.2601 -35.4635 20.9 Updated July 18.23 UT            4   0.04 27.5  2.549
X89848   77 2026 07 14.8  22.0939 -13.1209 19.7 Updated July 17.24 UT            3   0.03 15.6  4.173
P12onSk 100 2026 07 15.5  22.3332 -32.6837 21.1 Updated July 17.53 UT            9   2.00 20.6  1.446
P12onSj  93 2026 07 15.5  22.8084 -29.2277 21.0 Updated July 17.53 UT            9   2.00 18.8  1.443
ZTF10Ep 100 2026 07 15.3   4.4418  +1.0717 24.3 Updated July 17.24 UT            4   0.04 27.0  3.580
P12onRT  91 2026 07 15.4  20.4548 -39.2218 19.7 Updated July 17.93 UT           16   2.48 20.9  1.042
W2onRQ  100 2026 07 15.4  20.0377 -18.7212 20.8 Updated July 17.23 UT            4   0.00 26.7  3.533
ST26G39  10 2026 07 15.2  17.8229 +43.1591 22.2 Updated July 18.52 UT           28   3.12 26.0  0.615
P12onNw  35 2026 07 14.3  17.4941  -1.6115 20.7 Updated July 18.92 UT           30   6.62 12.3  0.081
TF26G22 100 2026 07 10.3   2.6259 -35.0868 22.6 Updated July 17.24 UT            2   0.00 25.3  8.653
P22nJzF  35 2026 06 22.5  22.3787 +18.3483 21.5 Updated July 17.24 UT           28 300.05 14.2  3.518
