P12nfaz  92 2026 05 20.3  13.2628 -28.6155 21.7 Added May 20.44 UT               3   0.03 18.8  0.094
P22nfat  86 2026 05 20.4  16.2159 +21.3005 21.6 Added May 20.44 UT               3   0.04 19.3  0.054
P22nfau  70 2026 05 20.4  16.7793 +17.0446 21.3 Added May 20.43 UT               4   0.04 18.9  0.049
P22nfad 100 2026 05 20.4  16.9752 +20.6505 21.0 Updated May 20.43 UT             3   0.03 23.5  0.060
ST26EB8  91 2026 05 19.4  16.8519 +11.5006 20.2 Updated May 20.42 UT            22   0.95 25.9  0.046
CEN5QX2  88 2026 05 19.4  16.1722 -14.9982 20.5 Updated May 20.42 UT            19   1.02 25.3  0.032
A11CGDH 100 2026 05 19.2  16.3496 -71.9244 19.1 Updated May 20.02 UT             7   0.76 22.0  0.468
A11CGDI  96 2026 05 19.2  17.1980 -44.9370 18.8 Updated May 20.26 UT            21   0.88 21.5  0.382
NAOCAN7 100 2026 05 17.7  15.2747 -21.7504 20.7 Updated May 20.34 UT             4   0.10 20.1  2.597
KPMa1Ih  87 2026 05 18.1  11.1295 -25.6701 23.2 Updated May 20.34 UT             5   0.01 20.8  2.347
A11CDyX  83 2026 05 18.0  10.8986 -31.9769 19.6 Updated May 20.30 UT            19   1.92 20.6  0.477
CEMVK32  57 2026 05 17.4  16.8874 +10.9773 21.6 Updated May 19.63 UT            38   7.00 20.1  1.014
A11Cvk7 100 2026 05 16.9  13.1941 -71.0043 19.8 Updated May 20.34 UT             4   0.03 22.4  3.520
CEMRK82  84 2026 05 16.5  21.6272 -10.5006 21.5 Updated May 20.34 UT             3   0.01 17.4  3.984
A11Cswo 100 2026 05 16.0  17.0970 -22.9463 18.5 Updated May 20.34 UT             4   0.02 21.9  4.447
ST26E75  98 2026 05 15.2   2.5311 -20.8475 27.7 Updated May 20.34 UT             7   0.09 28.6  5.129
P12neKs  35 2026 05 14.6  18.1972 +57.5911 20.0 Updated May 20.37 UT           101   5.47 15.2  0.403
CEMAUH2 100 2026 05 14.4  15.8188 -18.0010 21.1 Updated May 20.34 UT             6   0.07 23.9  6.006
