A11CmCW 100 2026 05 13.3   1.9890 -78.9612 18.1 Added May 13.75 UT               4   0.02 24.5  0.485
A11CmCS 100 2026 05 13.3  16.1143 -41.9770 18.7 Added May 13.75 UT               4   0.04 25.4  0.543
OCA1642  79 2026 05 13.1  13.7740 -31.1389 19.4 Added May 13.56 UT               3   0.02 13.4  0.731
P22nay8  81 2026 05 13.4  15.7742  -1.8702 21.3 Added May 13.52 UT               3   0.02 22.9  0.402
P22nawA 100 2026 05 13.4  15.1502  -3.2145 21.0 Added May 13.52 UT               3   0.02 22.1  0.400
ST26E50  96 2026 05 13.2  14.4881  -2.2366 19.8 Updated May 13.85 UT            15   5.16 26.8  0.226
A11Cmv6 100 2026 05 13.0   8.6608 -50.7616 18.7 Updated May 13.51 UT             7   0.43 17.7  0.379
ST26E47  81 2026 05 12.4  14.9834 -23.5519 19.4 Updated May 13.69 UT            19   1.25 25.0  0.191
P22n55t  26 2026 05 12.4  15.0129 -13.6298 21.4 Updated May 13.85 UT            14  16.83 19.8  0.526
P22n4V7 100 2026 05 12.4  14.3863 -19.7572 21.8 Updated May 13.34 UT            12   0.95 21.1  0.522
P22n4V6  91 2026 05 12.4  13.9608 -22.9335 21.6 Updated May 13.32 UT            16   0.93 23.5  0.545
CEM28F2 100 2026 05 12.4  17.9263 +18.5285 21.0 Updated May 13.37 UT            15   0.97 25.1  0.488
P22n4PC  67 2026 05 12.4  13.9696 -13.9432 20.7 Updated May 13.03 UT             8   0.65 21.2  0.846
CEM26R2  25 2026 05 12.4  16.6081 +15.4831 20.6 Updated May 13.26 UT            16   1.45 17.0  0.864
CEM1XD2 100 2026 05 12.3  14.5202 +17.6131 22.1 Updated May 12.41 UT            11   0.11 17.1  1.445
CEM1R02  91 2026 05 12.3  13.5643 +16.9486 21.7 Updated May 13.19 UT            18   0.89 22.1  0.683
6EB3121  81 2026 05 12.0  10.3741 -15.6007 20.0 Updated May 13.28 UT            19   1.16 23.9  0.717
SO0005e 100 2026 05 11.7  23.8181  +2.2742 25.2 Updated May 13.34 UT             3   0.00 28.9  2.148
SO0005d 100 2026 05 11.7  18.7055 -26.9225 20.9 Updated May 13.34 UT             4   0.00 28.3  2.147
SO0005c 100 2026 05 11.7  22.2641 -31.6792 22.6 Updated May 13.34 UT             3   0.00 28.3  2.201
SO0005b 100 2026 05 11.6  22.5693 -12.3362 21.3 Updated May 13.33 UT             3   0.00 26.7  2.212
CELXZH2 100 2026 05 11.3  14.7679 +24.2075 22.6 Updated May 13.34 UT             3   0.01 22.1  2.511
ST26E34 100 2026 05 10.5  14.8582 +18.5804 23.8 Updated May 13.34 UT             2   0.00 28.1  3.398
6E94521  10 2026 05 10.4  19.5733 -61.9863 19.6 Updated May 13.71 UT            34   3.04 19.1  0.458
XA9ttXA  75 2026 05 08.8  15.0763  +1.9278 22.5 Updated May 13.17 UT            19   4.39 21.8  0.709
ST26E18 100 2026 05 09.4  15.5019 -14.4648 23.9 Updated May 13.34 UT             4   0.00 30.3  4.493
CELRZD2 100 2026 05 09.2  12.4129 +36.8344 22.5 Updated May 13.33 UT             8   0.10 22.9  4.511
ST26E14 100 2026 05 08.4  13.3209  -2.8780 18.6 Updated May 13.34 UT             2   0.00 17.6  5.434
P22n0fQ  97 2026 05 07.4  15.0271 +10.7176 21.7 Updated May 13.34 UT             3   0.04 23.4  6.451
S001563  73 2026 05 07.0  12.9895 -27.0323 21.5 Updated May 13.34 UT             3   0.03 18.4  6.782
A11BRI6  10 2026 05 03.0  11.2969 -38.4555 19.1 Updated May 13.64 UT            81  10.09 19.9  0.756
C1EUYV5  35 2026 04 27.5  17.2847 +18.7174 21.9 Updated May 13.76 UT            36 297.21 12.8  0.361
