CEMRK82  79 2026 05 16.5  21.5222  -9.7693 21.6 Added May 16.49 UT               3   0.01 17.7  0.272
ST26EA1  98 2026 05 16.4  13.6234 +20.1909 18.9 Updated May 16.57 UT            12   0.15 26.9  0.174
6EF1B21  99 2026 05 16.2  15.2793 -17.9202 20.1 Added May 16.40 UT               3   0.01 21.4  0.548
ST26E98  98 2026 05 16.3  18.1803 +19.0060 20.0 Updated May 16.70 UT            15   0.13 28.5  0.273
CEMK452  91 2026 05 16.3  14.2828  -4.6482 21.5 Updated May 16.34 UT             8   0.05 20.4  0.407
ST26E93  96 2026 05 16.2  15.3362 +10.8785 19.4 Updated May 16.70 UT            26   0.32 27.1  0.166
ST26E89  96 2026 05 16.2  13.6560  +6.6281 18.4 Updated May 16.69 UT            16   0.43 28.8  0.099
CEMEEG2 100 2026 05 16.2  12.3659  -8.1382 21.0 Updated May 16.29 UT            12   0.06 24.5  0.451
A11Cswo 100 2026 05 16.0  17.2804 -23.7282 18.8 Added May 16.13 UT               4   0.02 20.7  0.734
ZTF10Du 100 2026 05 15.3  16.0280 -32.8261 18.0 Added May 15.45 UT               4   0.03 26.1  1.438
ST26E84  98 2026 05 15.4  15.0555 +10.7876 20.2 Updated May 16.23 UT             6   0.47 26.4  0.847
ST26E76  86 2026 05 15.2  14.3106  +8.1542 22.2 Updated May 16.22 UT            17   0.93 30.7  0.570
ST26E75 100 2026 05 15.2  14.8572 -24.9995 18.2 Updated May 15.38 UT             4   0.01 25.6  1.500
6EE3C21  79 2026 05 15.2  15.8396 -19.3398 19.4 Updated May 16.62 UT            22   1.41 25.9  0.130
A11Cr0m  86 2026 05 15.0  16.0713 -50.1046 17.8 Updated May 16.31 UT            19   1.17 20.0  0.589
P12neKs  93 2026 05 14.6  18.3112 +57.8910 20.3 Updated May 16.46 UT            30   1.68 15.4  0.484
P12nc1c  84 2026 05 14.5  16.7635  -6.2090 21.7 Updated May 16.36 UT            28   1.87 20.1  0.379
RFD0300 100 2026 05 13.0  19.4446 -44.4254 24.4 Updated May 16.38 UT             2   0.00 29.8  3.706
CEMAUH2 100 2026 05 14.4  16.2425  -4.8206 21.3 Updated May 16.38 UT             6   0.07 23.9  2.293
ST26E61 100 2026 05 14.3  16.6034  +0.6395 22.9 Updated May 16.38 UT             6   0.05 29.0  2.370
MZ26075 100 2026 05 13.8  16.7649  -1.7005 22.0 Updated May 16.37 UT             3   0.01 27.4  2.913
A11CmCW 100 2026 05 13.3   6.0448 -72.9721 20.4 Updated May 16.38 UT             4   0.02 24.8  3.361
A11CmCS 100 2026 05 13.3  17.0569 -32.6343 20.0 Updated May 16.38 UT             4   0.04 25.4  3.420
OCA1642  84 2026 05 13.1  13.7271 -31.3061 19.4 Updated May 16.37 UT             3   0.02 14.0  3.608
CEM26R2  10 2026 05 12.4  16.5550 +15.3205 20.6 Updated May 16.46 UT            32   4.64 17.0  0.553
CEM1XD2  16 2026 05 12.3  14.4609 +17.1912 22.2 Updated May 16.38 UT            22   7.84 19.2  1.575
SO0005e 100 2026 05 11.7   0.2716  +7.4478 27.7 Updated May 16.38 UT             3   0.00 29.4  5.024
SO0005d 100 2026 05 11.7  19.2179 -23.9225 22.6 Updated May 16.38 UT             4   0.00 28.1  5.023
SO0005c 100 2026 05 11.7  23.0378 -27.4790 24.7 Updated May 16.38 UT             3   0.00 28.4  5.077
SO0005b 100 2026 05 11.6  23.0053  -7.8646 23.3 Updated May 16.37 UT             3   0.00 26.6  5.088
S001563  73 2026 05 07.0  12.9817 -27.1698 21.6 Updated May 16.37 UT             3   0.03 18.3  9.658
C1EUYV5  35 2026 04 27.5  17.2449 +18.8648 21.9 Updated May 15.51 UT            36 299.14 12.8  1.305
