TF26EG7 100 2026 05 22.5  15.7295  +9.5232 19.4 Added May 22.47 UT               2   0.00 23.5  0.146
ST26EE8  98 2026 05 22.2  15.5308 +11.4163 18.6 Updated May 22.47 UT             4   0.22 26.2  0.146
MKp7968  85 2026 05 17.7  14.1226  +5.2921 21.7 Added May 22.41 UT               6   4.04 23.0  0.915
C46CH71 100 2026 05 22.3  15.1842 +26.1314 19.6 Updated May 22.39 UT             8   0.04 23.6  0.229
C46CH41 100 2026 05 22.3  15.6077 +18.6914 19.7 Updated May 22.46 UT            12   0.10 25.7  0.167
ST26EE4  98 2026 05 22.3  18.2423 +16.8861 20.5 Updated May 22.46 UT            18   0.13 29.0  0.163
ST26EE3  98 2026 05 22.3  16.3324  +9.1281 19.5 Updated May 22.47 UT            12   0.21 28.4  0.154
CENWC52  98 2026 05 22.3  15.7565  -3.1634 20.1 Updated May 22.49 UT            15   0.18 27.7  0.135
CENU0L2  98 2026 05 22.2  14.0303  -3.5462 21.7 Updated May 22.37 UT             9   0.13 27.4  0.252
CENV8M2  98 2026 05 22.3  15.3767  +1.8306 18.3 Updated May 22.42 UT            19   0.12 31.1  0.216
NAOCBPP  97 2026 05 20.7  14.8378 -18.5071 21.4 Updated May 22.52 UT             8   1.14 21.4  0.763
8N2S001 100 2026 05 22.0  17.7925 +16.1068 19.2 Added May 22.24 UT               3   0.01 24.4  0.565
Sar2899  98 2026 05 22.0  16.0697 +11.6183 20.7 Updated May 22.45 UT            24   0.46 29.6  0.171
CZYNHKZ 100 2026 05 14.4  16.3726  +2.4355 21.4 Updated May 22.04 UT             4   0.02 22.8  8.231
P22nfmx  10 2026 05 21.3  14.4596  +1.5576 21.2 Updated May 22.46 UT            33  12.96 24.7  0.352
C46CD31 100 2026 05 21.4  22.9626  -5.5429 21.4 Updated May 21.45 UT             5   0.05 28.5  1.175
ST26ED8  79 2026 05 21.3  17.6918 +17.1713 20.3 Updated May 22.42 UT            39   1.08 25.8  0.204
ST26ED1  98 2026 05 21.2   0.8537 -17.3522 23.5 Updated May 21.71 UT            20   0.16 30.2  1.233
TF26EE0 100 2026 05 20.5  16.4065  +8.7920 22.9 Updated May 22.38 UT             4   0.02 28.7  2.134
ST26EC8  98 2026 05 20.4  19.2826 -24.5496 20.5 Updated May 21.71 UT             6   0.14 28.6  2.181
ST26EC7  98 2026 05 20.4   2.3392  -8.3495 28.1 Updated May 21.71 UT             6   0.11 30.2  2.187
ST26EC5 100 2026 05 20.3  15.9654 -13.9981 19.4 Updated May 22.38 UT             4   0.03 24.9  2.279
P12nfgD  10 2026 05 20.4  15.9504  -7.5648 21.8 Updated May 22.22 UT            30 5292.85 20.0  0.418
P12nffX  10 2026 05 20.5  16.3665 -20.8749 21.7 Updated May 22.44 UT            15   7.94 19.3  0.221
P12nffV  45 2026 05 20.5  16.4995 -18.6855 20.5 Updated May 22.27 UT            23   2.72 20.2  0.584
P12nfaz  48 2026 05 20.3  13.2434 -28.2066 22.0 Updated May 22.18 UT            10   1.84 18.4  0.450
P22nfat  20 2026 05 20.4  16.1787 +21.5380 22.1 Updated May 22.47 UT            25 623.97 19.7  0.149
NAOCAN7 100 2026 05 17.7  15.2767 -21.8094 20.7 Updated May 22.38 UT             4   0.10 19.7  4.765
KPMa1Ih  87 2026 05 18.1  11.1246 -26.6792 23.3 Updated May 22.38 UT             5   0.01 20.8  4.515
CEMVK32  55 2026 05 17.4  16.7153  +9.9333 21.6 Updated May 21.47 UT            47   9.02 20.1  1.159
P12neKs  35 2026 05 14.6  18.1272 +57.3645 20.0 Updated May 22.02 UT           121   7.45 15.2  0.599
