ST26EB8  86 2026 05 19.4  16.8332 +11.1449 20.0 Updated May 20.37 UT            17   0.89 25.7  0.071
CEN5QX2 100 2026 05 19.4  16.1679 -15.0138 20.4 Updated May 20.02 UT            15   0.54 25.2  0.472
A11CGDH 100 2026 05 19.2  16.3432 -71.9578 19.1 Updated May 20.02 UT             7   0.76 22.0  0.426
A11CGDI  96 2026 05 19.2  17.1924 -44.9921 18.8 Updated May 20.26 UT            21   0.88 21.5  0.340
NAOCAN7 100 2026 05 17.7  15.2746 -21.7493 20.7 Updated May 20.34 UT             4   0.10 20.1  2.556
KPMa1Ih  87 2026 05 18.1  11.1296 -25.6503 23.2 Updated May 20.34 UT             5   0.01 20.8  2.305
A11CDyX  83 2026 05 18.0  10.8961 -32.0082 19.6 Updated May 20.30 UT            19   1.92 20.6  0.435
CEMVK32  35 2026 05 17.4  16.8908 +10.9973 21.6 Updated May 19.63 UT            38   7.00 20.1  0.972
A11Cvk7 100 2026 05 16.9  13.2038 -71.0400 19.8 Updated May 20.34 UT             4   0.03 22.4  3.478
CEMRK82  84 2026 05 16.5  21.6260 -10.4921 21.5 Updated May 20.34 UT             3   0.01 17.4  3.943
A11Cswo 100 2026 05 16.0  17.0993 -22.9562 18.5 Updated May 20.34 UT             4   0.02 21.9  4.405
ST26E75  98 2026 05 15.2   2.5308 -20.8790 27.7 Updated May 20.34 UT             7   0.09 28.6  5.087
P12neKs  35 2026 05 14.6  18.1986 +57.5951 20.0 Updated May 20.37 UT           101   5.47 15.2  0.362
CEMAUH2 100 2026 05 14.4  15.8230 -17.8800 21.2 Updated May 20.34 UT             6   0.07 23.9  5.964
