A11D0Xd 100 2026 05 30.0  19.5710 -42.6183 18.8 Updated May 31.41 UT             4   0.01 23.9  1.651
NAOCYLA 100 2026 05 27.7  16.2070 -20.4003 20.8 Updated May 31.41 UT             4   0.13 22.4  3.824
C07PYDZ 100 2026 05 27.2  14.3125 +47.9520 21.6 Updated May 31.40 UT             4   0.02 19.9  4.490
A11CWPw 100 2026 05 26.6   6.9424 +28.8143 25.1 Updated May 31.41 UT             4   0.02 28.9  5.116
C1F4195 100 2026 05 26.4  16.1832 +12.9398 23.4 Updated May 31.41 UT             7   0.07 27.6  5.243
C1F3245  48 2026 05 25.4  16.8971 +10.0567 22.5 Updated May 31.41 UT            11   1.00 20.2  5.246
C1F2HL5 100 2026 05 25.4  17.0503 -12.9152 22.5 Updated May 31.41 UT             8   0.07 25.5  6.268
NAOCLYL  80 2026 05 23.8  15.9240 -14.4621 22.1 Updated May 31.41 UT             4   0.10 22.0  7.839
A11CQzo 100 2026 05 24.4  22.6454 -15.1432 23.4 Updated May 31.41 UT             5   0.05 29.9  7.261
oKr0080 100 2026 05 23.9  23.4998 +18.7056 20.1 Updated May 31.41 UT             3   0.00 17.4  7.805
6EN3D21 100 2026 05 24.2  16.2952 -80.5023 19.9 Updated May 31.41 UT             3   0.01 22.4  7.460
NAOCBPP  99 2026 05 20.7  14.9884 -24.0314 22.6 Updated May 31.41 UT             4   0.13 22.5 10.845
P12nfaz  43 2026 05 20.3  13.1892 -26.5077 22.1 Updated May 31.41 UT            12   2.87 18.4  8.503
