A11CDyX 100 2026 05 18.0  10.7765 -33.5262 19.6 Added May 18.22 UT               4   0.02 21.1  0.213
P22nf7J 100 2026 05 17.6  16.4007 +33.0173 21.3 Added May 17.77 UT               3   0.04 19.5  0.674
P22nf7G 100 2026 05 17.6  16.2020 +34.7175 22.1 Added May 17.77 UT               4   0.04 22.8  0.675
P22nf3F  64 2026 05 17.5  17.5992 +36.9837 21.6 Updated May 17.78 UT             6   0.12 17.1  0.665
CEMVK32 100 2026 05 17.4  17.0690 +12.0137 21.7 Updated May 18.22 UT            26   5.77 20.3  0.073
A11Cvk7 100 2026 05 16.9  13.7575 -72.6873 19.6 Added May 16.99 UT               4   0.03 21.5  1.350
CEMRK82  84 2026 05 16.5  21.5657 -10.0611 21.6 Added May 16.49 UT               3   0.01 17.7  1.815
A11Cswo 100 2026 05 16.0  17.1960 -23.3666 18.4 Updated May 17.33 UT             4   0.02 22.1  2.277
ZTF10Du 100 2026 05 15.3  16.9197 -36.5172 19.4 Updated May 17.33 UT             4   0.03 26.4  2.981
ST26E84  98 2026 05 15.4  15.3863 +10.7268 20.6 Updated May 17.33 UT             6   0.47 26.4  2.390
ST26E75  98 2026 05 15.2   2.4989 -24.0141 26.1 Updated May 16.82 UT             7   0.09 28.6  2.959
P12neKs  35 2026 05 14.6  18.2648 +57.7793 20.3 Updated May 18.26 UT            55   3.67 15.4  0.040
RFD0300 100 2026 05 13.0  19.6328 -44.8285 25.1 Updated May 16.38 UT             2   0.00 29.8  5.249
CEMAUH2 100 2026 05 14.4  16.0579 -10.7412 21.2 Updated May 16.38 UT             6   0.07 23.9  3.836
ST26E61 100 2026 05 14.3  16.6921  +0.7264 23.8 Updated May 16.38 UT             6   0.05 29.0  3.913
MZ26075 100 2026 05 13.8  16.8194  -0.6867 22.8 Updated May 16.37 UT             3   0.01 27.4  4.457
A11CmCW 100 2026 05 13.3   6.3203 -71.4095 21.1 Updated May 16.38 UT             4   0.02 24.8  4.904
A11CmCS 100 2026 05 13.3  17.2356 -30.3216 20.5 Updated May 16.38 UT             4   0.04 25.4  4.963
OCA1642  84 2026 05 13.1  13.7028 -31.3892 19.4 Updated May 16.37 UT             3   0.02 14.0  5.151
S001563  73 2026 05 07.0  12.9795 -27.2360 21.7 Updated May 16.37 UT             3   0.03 18.3 11.201
C1EUYV5  35 2026 04 27.5  17.2233 +18.9386 21.9 Updated May 16.81 UT            36 300.17 12.8  1.818
