ST26G39 100 2026 07 15.2  18.3919 +24.2866 19.9 Updated July 15.38 UT            8   0.15 24.5  0.083
A11EGdu 100 2026 07 14.9  19.6672 -39.5710 19.2 Added July 15.15 UT              4   0.03 24.9  0.506
XA9yiXA  10 2026 07 14.7  19.6492  -5.7030 20.0 Updated July 15.44 UT           34 2458.95 19.4  0.273
P12onNw  74 2026 07 14.3  17.5262  -1.8177 20.5 Updated July 15.45 UT            6   0.72 12.2  0.394
P12onNu  10 2026 07 14.3  17.2493  -5.7982 21.5 Updated July 15.30 UT           24 2468.80 17.3  0.176
P12onNt 100 2026 07 14.4  19.9149 -34.0416 19.8 Updated July 14.83 UT            4   0.02 24.9  1.020
P12omkz 100 2026 07 14.4  20.5057 -34.3267 21.3 Updated July 15.44 UT            6   0.64 23.8  0.369
P12omkc  78 2026 07 14.4  19.6540 -38.0584 21.0 Added July 14.48 UT              4   0.02 18.3  1.020
P12o4wi  90 2026 07 13.5  21.8407  -6.9187 21.3 Updated July 15.31 UT           12   1.84 22.1  0.157
P12o4vO 100 2026 07 11.6   9.8522 -10.2409 26.3 Updated July 15.23 UT            3   0.01 26.0  3.858
P12o4vm  10 2026 07 11.5  22.4867 -18.5584 20.8 Updated July 15.35 UT           29 2568.87 19.2  0.119
P12o4vl  10 2026 07 11.5  22.4420 -18.8544 20.8 Updated July 15.33 UT           29 6166.41 19.4  0.129
ZTF10El 100 2026 07 11.3   0.7303  -3.1054 22.8 Updated July 15.23 UT            4   0.02 27.8  4.119
ZTF10En 100 2026 07 11.4   9.9227 -26.0114 28.7 Updated July 15.23 UT            2   0.00 29.7  4.055
A11EvW0 100 2026 07 11.3  20.5796 -25.0655 20.0 Updated July 15.23 UT            4   0.02 24.7  4.182
ST26G26 100 2026 07 10.5  20.5005  +0.4015 22.5 Updated July 14.24 UT            4   0.01 27.1  4.991
TF26G22 100 2026 07 10.3   7.8013 -17.9130 29.4 Updated July 14.67 UT            2   0.00 28.9  5.153
ST26G18 100 2026 07 10.3   8.4116 +41.1591 30.0 Updated July 14.24 UT            4   0.02 26.1  5.127
ST26G17 100 2026 07 10.3   7.6234 -18.9328 29.2 Updated July 15.23 UT            2   0.00 28.8  5.169
P12o0YY  92 2026 07 09.5  20.6222 -20.0085 20.7 Updated July 15.44 UT            8   5.64 19.3  0.353
A11EpSe  10 2026 07 08.2  19.6124 -29.1107 19.2 Updated July 14.56 UT           24   6.36 19.1  0.921
ST26G01  98 2026 07 07.2  22.0050 -62.3192 23.0 Updated July 15.23 UT           14   0.10 27.0  8.107
MAS0006  35 2026 06 19.3  18.3358 +23.9680 20.0 Updated July 15.06 UT          177  25.72  9.0  0.440
P22nJzF  35 2026 06 22.5  22.4418 +18.6301 21.5 Updated July 14.24 UT           23  25.46 14.1  5.450
