A11EJqb 100 2026 07 15.1   3.3132 -20.5743 18.8 Added July 15.63 UT              4   0.02 13.9  0.642
P12onSk  79 2026 07 15.5  22.3004 -32.1308 21.0 Added July 15.59 UT              3   0.04 17.9  0.247
P12onSi  74 2026 07 15.5  22.0085 -24.0369 20.8 Updated July 15.64 UT            6   0.09 18.4  0.195
P12onSj 100 2026 07 15.5  22.7628 -28.5065 21.0 Updated July 15.64 UT            6   0.08 18.9  0.196
ZTF10Ep 100 2026 07 15.3  22.7360 -18.4528 17.7 Added July 15.58 UT              4   0.04 26.9  0.413
P12onRT 100 2026 07 15.4  20.4239 -39.9955 19.8 Added July 15.57 UT              4   0.03 19.0  0.324
W2onRQ  100 2026 07 15.4  19.9206 -30.3179 19.7 Added July 15.55 UT              4   0.00 26.5  0.366
P12onRq 100 2026 07 15.4  19.8563 -21.9890 18.6 Updated July 15.65 UT            7   0.19 24.1  0.214
P12onRm  91 2026 07 15.4  19.6775 -24.4023 20.9 Updated July 15.63 UT            5   0.13 20.5  0.277
ST26G39 100 2026 07 15.2  18.3015 +27.7038 20.2 Updated July 15.38 UT            8   0.15 24.5  0.417
A11EGdu 100 2026 07 14.9  19.6796 -43.6554 19.2 Updated July 15.70 UT            9   0.75 25.2  0.124
XA9yiXA  10 2026 07 14.7  19.6441  -5.5885 20.0 Updated July 15.44 UT           34 2458.95 19.4  0.606
P12onNw  44 2026 07 14.3  17.5230  -1.7973 20.9 Updated July 15.51 UT            9   1.08 12.7  0.372
P12onNu  10 2026 07 14.3  17.2455  -5.7915 21.5 Updated July 15.30 UT           24 2468.80 17.3  0.509
P12onNt 100 2026 07 14.4  19.9393 -32.6601 20.0 Updated July 15.59 UT            7   1.01 25.2  0.360
P12omkz 100 2026 07 14.4  20.5295 -34.4341 21.3 Updated July 15.56 UT           13   6.97 23.9  0.357
P12omkc  78 2026 07 14.4  19.6504 -38.0097 21.0 Added July 14.48 UT              4   0.02 18.3  1.353
P12o4wi  78 2026 07 13.5  21.8543  -6.9848 21.3 Updated July 15.57 UT           16  18.75 22.2  0.490
P12o4vO 100 2026 07 11.6   9.8695 -10.1840 26.5 Updated July 15.23 UT            3   0.01 26.0  4.191
P12o4vm  10 2026 07 11.5  22.4898 -18.6052 20.8 Updated July 15.35 UT           29 2568.87 19.2  0.453
P12o4vl  10 2026 07 11.5  22.4449 -18.8228 20.7 Updated July 15.33 UT           29 6166.41 19.4  0.462
ZTF10El 100 2026 07 11.3   0.7600  -3.1043 23.0 Updated July 15.23 UT            4   0.02 27.8  4.452
ZTF10En 100 2026 07 11.4   9.9219 -26.0011 28.8 Updated July 15.23 UT            2   0.00 29.7  4.389
A11EvW0 100 2026 07 11.3  20.6612 -24.8413 20.1 Updated July 15.23 UT            4   0.02 24.7  4.515
ST26G26 100 2026 07 10.5  20.5012  +0.2492 22.6 Updated July 14.24 UT            4   0.01 27.1  5.324
TF26G22 100 2026 07 10.3   7.8050 -17.8706 29.5 Updated July 14.67 UT            2   0.00 28.9  5.487
ST26G18 100 2026 07 10.3   8.4329 +39.9862 30.4 Updated July 14.24 UT            4   0.02 26.1  5.460
ST26G17 100 2026 07 10.3   7.6294 -18.8744 29.4 Updated July 15.23 UT            2   0.00 28.8  5.503
P12o0YY  10 2026 07 09.5  20.6084 -19.8477 21.2 Updated July 15.59 UT           21 1277.70 20.4  0.687
A11EpSe  10 2026 07 08.2  19.6086 -29.0485 19.3 Updated July 15.60 UT           28   6.76 19.1  0.858
ST26G01  98 2026 07 07.2  22.0679 -62.3833 23.1 Updated July 15.23 UT           14   0.10 27.0  8.441
MAS0006  35 2026 06 19.3  18.3337 +23.9723 20.0 Updated July 15.06 UT          177  25.72  9.0  0.773
P22nJzF  35 2026 06 22.5  22.4359 +18.6049 21.4 Updated July 15.51 UT           24  30.89 14.1  0.352
