A11CmCW 100 2026 05 13.3   2.3992 -79.1064 18.2 Added May 13.75 UT               4   0.02 24.5  0.568
A11CmCS 100 2026 05 13.3  16.1703 -41.5338 18.7 Added May 13.75 UT               4   0.04 25.4  0.627
OCA1642  79 2026 05 13.1  13.7726 -31.1436 19.4 Added May 13.56 UT               3   0.02 13.4  0.815
P22nay8  81 2026 05 13.4  15.7722  -1.8852 21.3 Added May 13.52 UT               3   0.02 22.9  0.485
P22nawA  97 2026 05 13.4  15.1559  -3.2029 21.1 Updated May 13.90 UT             7   0.45 24.7  0.056
A11Cmv6 100 2026 05 13.0   8.6503 -50.7303 18.7 Updated May 13.51 UT             7   0.43 17.7  0.462
ST26E47  74 2026 05 12.4  14.9582 -24.2900 19.3 Updated May 13.91 UT            22   1.48 24.9  0.039
P22n4V7 100 2026 05 12.4  14.3837 -19.7276 21.8 Updated May 13.34 UT            12   0.95 21.1  0.605
P22n4V6  91 2026 05 12.4  13.9558 -22.9402 21.6 Updated May 13.32 UT            16   0.93 23.5  0.628
CEM28F2  88 2026 05 12.4  17.9628 +18.7534 20.6 Updated May 13.92 UT            21   1.50 24.7  0.034
P22n4PC  67 2026 05 12.4  13.9694 -13.8774 20.6 Updated May 13.93 UT            11   1.55 21.0  0.029
CEM26R2  30 2026 05 12.4  16.6066 +15.4792 20.6 Updated May 13.26 UT            16   1.45 17.0  0.948
CEM1XD2  23 2026 05 12.3  14.5187 +17.5989 22.2 Updated May 13.86 UT            18   6.19 19.2  0.426
CEM1R02  10 2026 05 12.3  13.5580 +16.9511 21.7 Updated May 13.87 UT            29  20.49 22.1  0.082
SO0005e 100 2026 05 11.7  23.8379  +2.5038 25.4 Updated May 13.34 UT             3   0.00 28.9  2.231
SO0005d 100 2026 05 11.7  18.7324 -26.7794 21.0 Updated May 13.34 UT             4   0.00 28.3  2.230
SO0005c 100 2026 05 11.7  22.3212 -31.4168 22.7 Updated May 13.34 UT             3   0.00 28.3  2.284
SO0005b 100 2026 05 11.6  22.5906 -12.1234 21.4 Updated May 13.33 UT             3   0.00 26.7  2.295
CELXZH2 100 2026 05 11.3  14.7663 +24.2144 22.6 Updated May 13.34 UT             3   0.01 22.1  2.594
ST26E34 100 2026 05 10.5  14.8571 +18.6304 23.9 Updated May 13.34 UT             2   0.00 28.1  3.481
6E94521  10 2026 05 10.4  19.5816 -62.1816 19.6 Updated May 13.71 UT            34   3.04 19.1  0.542
XA9ttXA  75 2026 05 08.8  15.0745  +1.9306 22.5 Updated May 13.17 UT            19   4.39 21.8  0.792
ST26E18 100 2026 05 09.4  15.5030 -14.4760 23.9 Updated May 13.34 UT             4   0.00 30.3  4.576
CELRZD2 100 2026 05 09.2  12.4096 +36.8644 22.5 Updated May 13.33 UT             8   0.10 22.9  4.594
ST26E14 100 2026 05 08.4  13.3194  -2.8617 18.6 Updated May 13.34 UT             2   0.00 17.6  5.517
P22n0fQ  97 2026 05 07.4  15.0259 +10.7322 21.7 Updated May 13.34 UT             3   0.04 23.4  6.535
S001563  73 2026 05 07.0  12.9893 -27.0361 21.5 Updated May 13.34 UT             3   0.03 18.4  6.865
A11BRI6  10 2026 05 03.0  11.3102 -38.4112 19.1 Updated May 13.91 UT            84  10.57 19.9  0.351
C1EUYV5  35 2026 04 27.5  17.2835 +18.7219 21.9 Updated May 13.76 UT            36 297.21 12.8  0.444
