C46D641 100 2026 05 27.3  14.5511 +22.5278 20.4 Added May 27.47 UT               4   0.01 20.7  0.492
C1F44U5 100 2026 05 27.3  16.0957 +42.6737 21.7 Updated May 27.45 UT             8   0.11 25.0  0.390
CEP5YT2 100 2026 05 27.2  14.2263 +38.2532 21.8 Updated May 27.32 UT             7   0.05 21.5  0.528
A11CWPw 100 2026 05 26.6  22.4900 -13.6568 18.1 Added May 26.81 UT               4   0.02 28.7  1.249
P12nfxy 100 2026 05 26.6  17.4456  +3.7020 20.8 Updated May 27.30 UT             9   0.90 24.5  0.536
C1F4195 100 2026 05 26.4  16.1346  +9.5928 22.4 Updated May 26.45 UT             7   0.07 27.6  1.376
P12nfxd 100 2026 05 25.6  17.8077 +16.9687 21.9 Updated May 26.45 UT            14   2.00 22.6  1.390
C1F32J5 100 2026 05 25.4  17.1868 +16.2169 22.0 Updated May 27.70 UT            11   1.88 23.6  0.491
C1F3245  48 2026 05 25.4  16.9837 +10.4840 22.6 Updated May 26.78 UT            11   1.00 20.2  1.380
SJA1250 100 2026 05 24.9  16.7824 +60.8410 20.2 Updated May 27.36 UT             3   0.03 17.1  2.858
C1F2HL5 100 2026 05 25.4  16.5673 -11.9673 22.4 Updated May 27.35 UT             8   0.07 26.0  2.402
C1F1TD5 100 2026 05 25.3  15.8332  +4.5224 24.6 Updated May 26.35 UT             4   0.02 33.6  2.500
C03UYWZ  98 2026 05 23.4  16.7264 +14.7215 22.2 Updated May 27.70 UT            13   5.98 23.1  1.402
P12nfw2  95 2026 05 24.6  21.1402  -3.1431 21.7 Updated May 27.69 UT            14   3.01 20.3  0.223
NAOCLYL  85 2026 05 23.8  15.9070 -18.0927 21.8 Updated May 26.35 UT             4   0.10 21.7  3.972
A11CQzo 100 2026 05 24.4  22.1352 -16.5869 21.5 Updated May 26.35 UT             5   0.05 29.8  3.394
oKr0080 100 2026 05 23.9  23.4936 +18.5957 20.4 Updated May 27.35 UT             3   0.00 18.0  3.939
C1F1535  97 2026 05 24.4  16.7580  +6.9208 22.3 Updated May 26.35 UT            11   0.87 23.3  2.543
C1F0EU5  63 2026 05 24.3  15.3827 -10.0923 22.0 Updated May 27.70 UT            17  13.83 20.0  1.541
6EN3D21 100 2026 05 24.2  16.2118 -80.3546 18.7 Updated May 27.35 UT             3   0.01 20.4  3.594
C1EYPU5 100 2026 05 23.4  15.8882  +3.5386 22.8 Updated May 26.35 UT            11   1.87 24.1  2.580
NAOCBPP  99 2026 05 20.7  14.9245 -21.7789 22.3 Updated May 27.35 UT             4   0.13 22.3  6.979
ST26EC8  98 2026 05 20.4  22.1654 -30.9905 23.9 Updated May 27.35 UT             6   0.14 28.6  7.392
P12nfaz  43 2026 05 20.3  13.2069 -27.2244 22.0 Updated May 26.35 UT            12   2.87 18.3  4.637
NAOCAN7 100 2026 05 17.7  15.2895 -21.9526 21.0 Updated May 26.35 UT             4   0.10 19.7  9.977
KPMa1Ih  87 2026 05 18.1  11.1299 -28.9754 23.5 Updated May 26.35 UT             5   0.01 20.9  9.726
CEMVK32  51 2026 05 17.4  16.3430  +7.4507 21.8 Updated May 27.66 UT            59  13.11 20.1  2.287
