LA0C0VD 100 2026 05 17.5  22.4007 -69.2326 22.4 Added May 19.61 UT               6   0.07 30.8  2.031
ZTF10Dy 100 2026 05 19.3  15.6898 -22.1511 17.5 Added May 19.49 UT               4   0.05 27.7  0.307
CEN5QX2 100 2026 05 19.4  16.0940 -15.2840 21.1 Updated May 19.46 UT             8   0.06 24.2  0.198
ST26EB6  98 2026 05 19.3  16.8064  -9.1941 19.6 Updated May 19.39 UT            10   0.11 27.7  0.271
A11CGDH 100 2026 05 19.2  16.2214 -72.5264 19.3 Added May 19.28 UT               4   0.02 19.2  0.416
A11CGDI 100 2026 05 19.2  17.0911 -45.9591 18.8 Updated May 19.48 UT             8   0.17 20.7  0.294
ST26EB3  98 2026 05 19.3  15.6445  -7.6412 19.7 Updated May 19.43 UT            14   0.17 30.7  0.233
NAOCAN7 100 2026 05 17.7  15.2737 -21.7289 20.6 Added May 19.07 UT               4   0.10 19.6  1.804
KPMa1Ih  87 2026 05 18.1  11.1326 -25.2908 23.2 Added May 18.68 UT               5   0.01 21.2  1.554
A11CDyX 100 2026 05 18.0  10.8519 -32.5632 19.8 Updated May 19.41 UT            12   1.32 20.8  0.286
P22nf7G 100 2026 05 17.6  16.2392 +36.0085 22.1 Updated May 19.41 UT            11   1.78 23.1  0.307
P22nf3F  12 2026 05 17.5  17.5980 +37.2112 21.4 Updated May 19.46 UT            16   1.96 19.0  0.201
CEMVK32  35 2026 05 17.4  16.9527 +11.3577 21.5 Updated May 19.63 UT            38   7.00 20.1  0.221
A11Cvk7 100 2026 05 16.9  13.3094 -71.4189 19.6 Updated May 18.37 UT             4   0.03 22.7  2.727
CEMRK82  84 2026 05 16.5  21.6047 -10.3339 21.5 Updated May 18.37 UT             3   0.01 17.3  3.191
A11Cswo 100 2026 05 16.0  17.1168 -23.0481 18.4 Updated May 18.37 UT             4   0.02 20.9  3.654
ST26E75  98 2026 05 15.2   2.5233 -21.5704 27.3 Updated May 18.37 UT             7   0.09 28.6  4.336
P12neKs  35 2026 05 14.6  18.2222 +57.6642 20.1 Updated May 19.35 UT            75   4.47 15.2  0.608
CEMAUH2 100 2026 05 14.4  15.8974 -15.6966 21.1 Updated May 18.39 UT             6   0.07 23.9  5.213
C1EUYV5  35 2026 04 27.5  17.2038 +19.0012 21.9 Updated May 19.47 UT            36 303.02 12.8  0.351
