ZTF10Do 100 2026 05 10.2  12.6478 -17.0093 18.5 Added May 10.33 UT               6   0.02 27.4  0.101
ST26E26  98 2026 05 10.2  15.0204  -4.3947 19.1 Updated May 10.34 UT             6   0.09 29.2  0.018
ST26E25 100 2026 05 10.2  14.7906  -1.0902 19.8 Updated May 10.29 UT             6   0.05 28.4  0.068
CELU1Q2  98 2026 05 10.2  11.5832 +31.4003 21.9 Updated May 10.32 UT             7   0.11 25.8  0.045
ST26E24 100 2026 05 10.2  12.7638  -2.3657 19.2 Updated May 10.25 UT             8   0.06 28.9  0.111
P22n4ou  89 2026 05 09.4  14.7345  +7.5289 21.6 Updated May 10.23 UT            11   0.86 21.5  0.133
ZTF10Dn 100 2026 05 09.3  16.3296 -11.9845 18.5 Added May 9.51 UT                4   0.04 26.9  1.020
XA9ttXA  96 2026 05 08.8  15.1490  +1.7800 21.4 Added May 9.48 UT                3   0.03 19.7  1.565
ST26E18 100 2026 05 09.4  15.5542 -15.3028 20.3 Added May 9.37 UT                4   0.00 28.7  0.990
CELT2A2  96 2026 05 09.3  13.6993 +35.7180 20.5 Updated May 10.32 UT            20   0.91 21.6  0.175
CELT0C2  93 2026 05 09.2  12.9362 +39.9099 20.9 Updated May 10.15 UT            16   0.89 22.9  0.214
CELRZD2 100 2026 05 09.2  12.6113 +34.8925 21.7 Updated May 9.36 UT              8   0.10 22.8  1.008
TF26E23 100 2026 05 09.2  13.1252  -4.9009 17.0 Updated May 10.35 UT             2   0.00 19.6  1.139
gb00845  72 2026 05 08.8  13.0427  -8.9224 20.1 Updated May 10.34 UT            48   1.53 23.9  0.020
P22n0x5  72 2026 05 08.5  15.2939 -15.4912 20.3 Updated May 10.09 UT            30   1.70 30.0  0.279
P22n0w4  77 2026 05 08.4  15.3449  +3.3981 20.1 Updated May 10.26 UT            37   1.79 23.9  0.189
ZTF10Dl 100 2026 05 08.3  18.3276 -15.4369 19.9 Updated May 10.31 UT             4   0.03 27.0  1.987
ST26E14 100 2026 05 08.4  13.3967  -3.7013 17.9 Updated May 10.31 UT             2   0.00 21.3  1.931
P22n0vC  26 2026 05 08.3  14.8385  +9.9834 22.3 Updated May 10.26 UT            22   1.91 19.8  0.109
CELLEH2  86 2026 05 08.3  15.8149 -15.7208 22.5 Updated May 10.22 UT            12   1.86 32.6  0.199
CELHF72  75 2026 05 08.3  14.9714 -10.0966 21.2 Updated May 10.28 UT            30   1.97 24.6  0.084
P22n0gv  96 2026 05 07.6  17.2108 +48.1630 21.1 Updated May 9.45 UT             22   1.84 21.3  0.917
P22n0fQ  97 2026 05 07.4  15.0911  +9.8672 22.1 Updated May 9.34 UT              3   0.04 24.3  2.949
ZTF10Di 100 2026 05 07.4  21.8841 -11.6107 21.9 Updated May 9.34 UT              4   0.02 27.4  2.964
S001563  73 2026 05 07.0  13.0030 -26.8702 21.4 Updated May 9.33 UT              3   0.03 17.7  3.279
P22mZLU  93 2026 05 06.3  11.7464 -17.4931 20.9 Updated May 10.35 UT            10   1.71 20.6  2.375
A11BX2S 100 2026 05 05.2  19.1869  +1.5770 20.1 Updated May 9.33 UT              2   0.01 24.8  5.126
A11BRI6  53 2026 05 03.0  10.5961 -40.2823 18.8 Updated May 10.31 UT            50   5.00 19.9  2.339
ZTF10Df  98 2026 05 02.2  10.4171  +1.4478 23.4 Updated May 9.33 UT              9   0.68 26.6  7.513
C1EUYV5  91 2026 04 27.5  17.3318 +18.5214 21.8 Updated May 10.33 UT            24  12.79 12.7  0.098
