ST26EC8 100 2026 05 20.4  15.6936  +2.4601 19.5 Added May 20.60 UT               2   0.00 27.5  0.238
ST26EC7 100 2026 05 20.4  16.7333  +8.6019 17.1 Updated May 20.60 UT             4   0.01 29.5  0.227
ST26EC5 100 2026 05 20.3  17.4112  -2.9995 19.0 Updated May 20.59 UT             4   0.03 24.6  0.319
P12nfgD  88 2026 05 20.4  16.0033  -7.1877 21.7 Added May 20.55 UT               4   0.04 20.7  0.179
P12nffX  11 2026 05 20.5  16.4016 -20.6879 21.5 Added May 20.55 UT               3   0.01 20.2  0.147
P12nfdO 100 2026 05 20.5  16.2573 -22.8506 21.1 Added May 20.54 UT               3   0.02 24.2  0.155
P12nffV  71 2026 05 20.5  16.5093 -19.5147 20.5 Added May 20.54 UT               4   0.03 19.8  0.146
P12nfdQ 100 2026 05 20.4  15.6761 -16.0846 19.9 Added May 20.54 UT               3   0.03 26.4  0.183
P22nfcp 100 2026 05 20.4  16.9382  +3.5787 20.8 Added May 20.48 UT               3   0.03 21.4  0.202
P22nfcS  85 2026 05 20.4  16.9195  +2.2383 20.5 Added May 20.48 UT               3   0.03 17.5  0.202
P12nfck 100 2026 05 20.4  14.2151 -26.1382 19.3 Updated May 20.50 UT             4   0.03 26.4  0.249
P12nfaz  92 2026 05 20.3  13.2609 -28.5761 21.7 Added May 20.44 UT               3   0.03 18.8  0.302
P22nfat  86 2026 05 20.4  16.2123 +21.3248 21.6 Added May 20.44 UT               3   0.04 19.3  0.262
P22nfau  68 2026 05 20.4  16.7749 +17.0216 21.3 Updated May 20.48 UT             8   7.83 19.0  0.257
P22nfad 100 2026 05 20.4  16.9677 +20.3114 21.0 Updated May 20.43 UT             3   0.03 23.5  0.268
CEN5QX2  91 2026 05 19.4  16.1938 -14.9188 20.6 Updated May 20.52 UT            21   1.02 25.4  0.241
A11CGDH 100 2026 05 19.2  16.3821 -71.7526 19.1 Updated May 20.02 UT             7   0.76 22.0  0.676
A11CGDI  86 2026 05 19.2  17.2255 -44.6595 18.7 Updated May 20.63 UT            24   1.40 21.4  0.073
NAOCAN7 100 2026 05 17.7  15.2749 -21.7560 20.7 Updated May 20.34 UT             4   0.10 20.1  2.806
KPMa1Ih  87 2026 05 18.1  11.1288 -25.7689 23.2 Updated May 20.34 UT             5   0.01 20.8  2.555
A11CDyX  83 2026 05 18.0  10.9111 -31.8193 19.6 Updated May 20.30 UT            19   1.92 20.6  0.685
CEMVK32  35 2026 05 17.4  16.8704 +10.8772 21.6 Updated May 20.52 UT            41   7.48 20.1  0.744
A11Cvk7 100 2026 05 16.9  13.1467 -70.8252 19.8 Updated May 20.34 UT             4   0.03 22.4  3.728
CEMRK82  84 2026 05 16.5  21.6330 -10.5437 21.5 Updated May 20.34 UT             3   0.01 17.4  4.193
A11Cswo 100 2026 05 16.0  17.0631 -22.9047 18.5 Updated May 20.62 UT             6   0.92 16.3  3.756
ST26E75  98 2026 05 15.2   2.5327 -20.6983 27.8 Updated May 20.34 UT             7   0.09 28.6  5.337
P12neKs  35 2026 05 14.6  18.1906 +57.5710 20.0 Updated May 20.37 UT           101   5.47 15.2  0.612
CEMAUH2 100 2026 05 14.4  15.7984 -18.5976 21.1 Updated May 20.34 UT             6   0.07 23.9  6.214
