A11CWPw 100 2026 05 26.6  21.6592 -18.9556 18.0 Added May 26.81 UT               4   0.02 28.7  0.497
P12nfxy 100 2026 05 26.6  17.5244  +4.7868 20.5 Updated May 26.96 UT             6   0.55 24.2  0.134
CEP5WY2  86 2026 05 26.4  18.9555 +40.7206 20.6 Updated May 27.03 UT            18   1.59 21.9  0.056
CEP5WU2  98 2026 05 26.4  17.7395 +49.1102 21.2 Updated May 27.04 UT            13   0.66 26.3  0.049
C1F4195 100 2026 05 26.4  16.1202  +8.5390 22.2 Updated May 26.45 UT             7   0.07 27.6  0.624
C1F4075 100 2026 05 26.4  16.0498 +26.9248 22.3 Updated May 26.48 UT             8   0.11 24.9  0.602
P12nfxd  96 2026 05 25.6  17.8200 +16.6499 21.9 Updated May 26.45 UT            14   2.00 22.6  0.639
C1F32J5 100 2026 05 25.4  17.1955 +14.7107 22.0 Updated May 26.31 UT             7   0.85 23.5  0.776
C1F3245  43 2026 05 25.4  17.0002 +10.5530 22.6 Updated May 26.78 UT            11   1.00 20.2  0.628
SJA1250 100 2026 05 24.9  16.8287 +61.1576 20.3 Added May 25.42 UT               3   0.03 17.5  2.107
C1F2HL5 100 2026 05 25.4  16.4774 -11.7817 22.4 Updated May 25.43 UT             8   0.07 25.5  1.650
C1F1TD5 100 2026 05 25.3  15.7927  +4.6276 24.1 Updated May 26.35 UT             4   0.02 33.6  1.749
C03UYWZ 100 2026 05 23.4  16.7350 +13.3775 22.4 Updated May 26.16 UT             7   2.00 23.1  1.633
A11CUyv 100 2026 05 24.1  17.5675 -56.1396 19.2 Updated May 26.35 UT            17   1.97 19.1  0.964
P12nfw2 100 2026 05 24.6  21.0973  -3.4539 21.7 Updated May 26.34 UT             8   1.73 20.3  0.755
NAOCLYL  85 2026 05 23.8  15.9038 -18.8074 21.7 Updated May 26.35 UT             4   0.10 21.7  3.221
A11CQzo 100 2026 05 24.4  21.8677 -17.2108 20.9 Updated May 26.35 UT             5   0.05 29.8  2.643
oKr0080 100 2026 05 23.9  23.4912 +18.5674 20.2 Updated May 26.34 UT             3   0.00 17.1  3.187
C1F1535  97 2026 05 24.4  16.7579  +6.7102 22.4 Updated May 26.35 UT            11   0.87 23.3  1.792
C1F0EU5  80 2026 05 24.3  15.3979 -10.0897 22.0 Updated May 26.33 UT            13   1.97 20.0  0.789
C1F0295  90 2026 05 24.3  15.3031  -6.9512 22.1 Updated May 26.10 UT            20   1.78 22.2  0.986
6EN3D21 100 2026 05 24.2  16.3520 -80.1423 18.6 Updated May 25.35 UT             3   0.01 21.1  2.842
C1EYPU5 100 2026 05 23.4  15.8752  +3.4394 22.8 Updated May 26.35 UT            11   1.87 24.1  1.828
NAOCBPP  99 2026 05 20.7  14.9128 -21.3305 22.3 Updated May 25.35 UT             4   0.13 22.4  6.227
ST26EC8  98 2026 05 20.4  22.0310 -31.0204 23.6 Updated May 25.35 UT             6   0.14 28.6  6.640
P12nfaz  43 2026 05 20.3  13.2112 -27.3652 22.0 Updated May 26.35 UT            12   2.87 18.3  3.885
NAOCAN7 100 2026 05 17.7  15.2875 -21.9341 21.0 Updated May 26.35 UT             4   0.10 19.7  9.225
KPMa1Ih  87 2026 05 18.1  11.1277 -28.6614 23.5 Updated May 26.35 UT             5   0.01 20.9  8.975
CEMVK32  53 2026 05 17.4  16.3930  +7.8033 21.7 Updated May 26.27 UT            52  11.97 20.1  2.673
