ST26EB6 100 2026 05 19.3  16.5584  -7.8663 19.5 Updated May 19.33 UT             8   0.06 27.7  0.035
A11CGDH 100 2026 05 19.2  16.1859 -72.7095 19.3 Added May 19.28 UT               4   0.02 19.2  0.124
A11CGDI 100 2026 05 19.2  17.0521 -46.3248 18.8 Added May 19.28 UT               4   0.02 20.7  0.152
ST26EB3 100 2026 05 19.3  15.9051  -5.8913 19.3 Updated May 19.31 UT             8   0.05 30.7  0.058
MZ26114 100 2026 05 18.8  15.7470 -11.7154 18.9 Added May 19.23 UT               6   0.01 22.6  0.548
6EI3621  98 2026 05 19.1  12.7414  -7.5426 20.3 Updated May 19.21 UT            13   0.13 27.0  0.161
NAOCAN7 100 2026 05 17.7  15.2735 -21.7207 20.6 Added May 19.07 UT               4   0.10 19.6  1.513
KPMa1Ih  87 2026 05 18.1  11.1338 -25.1492 23.2 Added May 18.68 UT               5   0.01 21.2  1.262
A11CDyX 100 2026 05 18.0  10.8355 -32.7713 19.7 Updated May 19.02 UT             9   0.92 20.6  0.394
P22nf7G  98 2026 05 17.6  16.2311 +35.7333 22.2 Updated May 19.36 UT             8   1.78 23.3  0.016
P22nf3F  37 2026 05 17.5  17.5984 +37.1645 21.4 Updated May 18.35 UT            12   0.81 19.0  1.063
CEMVK32 100 2026 05 17.4  16.9770 +11.4973 21.6 Updated May 19.19 UT            32   6.64 20.1  0.287
A11Cvk7 100 2026 05 16.9  13.4030 -71.7173 19.6 Updated May 18.37 UT             4   0.03 22.7  2.435
CEMRK82  84 2026 05 16.5  21.5964 -10.2754 21.5 Updated May 18.37 UT             3   0.01 17.3  2.900
A11Cswo 100 2026 05 16.0  17.1353 -23.1254 18.4 Updated May 18.37 UT             4   0.02 20.9  3.362
ST26E84  98 2026 05 15.4  15.5529 +10.6397 20.9 Updated May 18.37 UT             6   0.47 26.4  3.475
ST26E75  98 2026 05 15.2   2.5197 -21.9196 27.1 Updated May 18.37 UT             7   0.09 28.6  4.044
P12neKs  35 2026 05 14.6  18.2313 +57.6898 20.1 Updated May 19.35 UT            75   4.47 15.2  0.316
CEMAUH2 100 2026 05 14.4  15.9285 -14.7547 21.1 Updated May 18.39 UT             6   0.07 23.9  4.921
C1EUYV5  35 2026 04 27.5  17.2080 +18.9882 21.9 Updated May 16.81 UT            36 300.17 12.8  2.902
