CEMRK82  79 2026 05 16.5  21.5174  -9.7385 21.6 Added May 16.49 UT               3   0.01 17.7  0.105
ST26EA1  98 2026 05 16.4  13.6379 +20.8382 18.9 Updated May 16.56 UT             9   0.12 26.8  0.045
6EF1B21  99 2026 05 16.2  15.2723 -17.9694 20.0 Added May 16.40 UT               3   0.01 21.4  0.381
C46AFY1  98 2026 05 16.4  15.4693  +5.5141 17.4 Updated May 16.50 UT            21   0.12 26.3  0.075
ST26E98  98 2026 05 16.3  17.9424 +15.6142 19.9 Updated May 16.45 UT            13   0.11 28.6  0.130
CEMK452  91 2026 05 16.3  14.2805  -4.6762 21.4 Updated May 16.34 UT             8   0.05 20.4  0.241
ST26E93  98 2026 05 16.2  15.2214 +10.8774 19.5 Updated May 16.49 UT            21   0.22 27.1  0.099
ST26E89  98 2026 05 16.2  13.7636  +8.6146 19.0 Updated May 16.53 UT            13   0.31 28.8  0.050
CEMEEG2 100 2026 05 16.2  12.3719  -7.6585 21.0 Updated May 16.29 UT            12   0.06 24.5  0.284
A11Cswo 100 2026 05 16.0  17.2884 -23.7587 18.8 Added May 16.13 UT               4   0.02 20.7  0.568
ZTF10Du 100 2026 05 15.3  15.8893 -32.0581 17.8 Added May 15.45 UT               4   0.03 26.1  1.271
ST26E84  98 2026 05 15.4  15.0112 +10.7862 20.2 Updated May 16.23 UT             6   0.47 26.4  0.680
ST26E76  86 2026 05 15.2  14.3360  +7.9931 22.0 Updated May 16.22 UT            17   0.93 30.7  0.403
ST26E75 100 2026 05 15.2  14.8347 -21.5638 18.2 Updated May 15.38 UT             4   0.01 25.6  1.333
6EE3C21  91 2026 05 15.2  15.8065 -19.7786 19.4 Updated May 16.23 UT            20   0.98 25.9  0.396
A11Cr0m  86 2026 05 15.0  16.0609 -50.4515 17.8 Updated May 16.31 UT            19   1.17 20.0  0.422
P12neKJ  83 2026 05 14.3  13.0063 -23.3572 20.9 Updated May 16.45 UT            25   2.06 20.3  0.172
P12neKs  93 2026 05 14.6  18.3162 +57.9020 20.3 Updated May 16.46 UT            30   1.68 15.4  0.317
P12nc1c  84 2026 05 14.5  16.7680  -6.2591 21.7 Updated May 16.36 UT            28   1.87 20.1  0.213
RFD0300 100 2026 05 13.0  19.4153 -44.3564 24.3 Updated May 16.38 UT             2   0.00 29.8  3.539
CEMAUH2 100 2026 05 14.4  16.2637  -4.1281 21.3 Updated May 16.38 UT             6   0.07 23.9  2.127
ST26E61 100 2026 05 14.3  16.5881  +0.6219 22.8 Updated May 16.38 UT             6   0.05 29.0  2.203
ST26E57  76 2026 05 14.3  17.3028 -15.0264 19.7 Updated May 16.40 UT            18   2.12 27.8  0.170
MZ26075 100 2026 05 13.8  16.7564  -1.8581 21.9 Updated May 16.37 UT             3   0.01 27.4  2.747
A11CmCW 100 2026 05 13.3   5.9986 -73.2037 20.3 Updated May 16.38 UT             4   0.02 24.8  3.195
A11CmCS 100 2026 05 13.3  17.0309 -32.9530 20.0 Updated May 16.38 UT             4   0.04 25.4  3.253
OCA1642  84 2026 05 13.1  13.7298 -31.2969 19.4 Updated May 16.37 UT             3   0.02 14.0  3.441
CEM26R2  10 2026 05 12.4  16.5581 +15.3314 20.6 Updated May 16.46 UT            32   4.64 17.0  0.386
CEM1XD2  16 2026 05 12.3  14.4642 +17.2170 22.2 Updated May 16.38 UT            22   7.84 19.2  1.409
SO0005e 100 2026 05 11.7   0.2652  +7.3781 27.7 Updated May 16.38 UT             3   0.00 29.4  4.858
SO0005d 100 2026 05 11.7  19.2063 -23.9987 22.6 Updated May 16.38 UT             4   0.00 28.1  4.856
SO0005c 100 2026 05 11.7  23.0173 -27.6070 24.6 Updated May 16.38 UT             3   0.00 28.4  4.910
SO0005b 100 2026 05 11.6  22.9966  -7.9551 23.2 Updated May 16.37 UT             3   0.00 26.6  4.921
S001563  73 2026 05 07.0  12.9820 -27.1625 21.6 Updated May 16.37 UT             3   0.03 18.3  9.492
C1EUYV5  35 2026 04 27.5  17.2473 +18.8566 21.9 Updated May 15.51 UT            36 299.14 12.8  1.138
