ST26E34 100 2026 05 10.5  14.8855 +16.6606 20.5 Added May 10.70 UT               2   0.00 26.4  0.647
ST26E31  93 2026 05 10.4  14.2566  -3.6290 18.7 Updated May 11.06 UT            18   0.60 25.9  0.068
ZTF10Dp 100 2026 05 10.2  11.6236  +9.3804 18.3 Added May 10.57 UT               4   0.03 21.9  0.865
6E94521 100 2026 05 10.4  19.3514 -55.6950 18.2 Added May 10.41 UT               3   0.01 20.8  0.733
CELUGK2 100 2026 05 10.3  14.8031 +28.9014 21.5 Updated May 10.44 UT            11   0.10 23.4  0.672
ZTF10Do  98 2026 05 10.2  13.1553  -6.2741 18.4 Updated May 10.48 UT             6   0.23 26.6  0.647
CELU1Q2 100 2026 05 10.2  11.5818 +31.3596 22.5 Updated May 10.32 UT             7   0.11 25.8  0.796
ST26E24  98 2026 05 10.2   7.4975 -28.8998 19.5 Updated May 10.52 UT            13   0.29 29.1  0.632
ZTF10Dn 100 2026 05 09.3  16.6912 -12.6382 19.5 Added May 9.51 UT                4   0.04 26.9  1.772
XA9ttXA  99 2026 05 08.8  15.1335  +1.8122 22.2 Updated May 10.41 UT             8   1.61 20.7  0.735
ST26E18 100 2026 05 09.4  15.7373 -17.1063 21.2 Added May 9.37 UT                4   0.00 28.7  1.741
CELT2A2  82 2026 05 09.3  13.6206 +35.0672 20.4 Updated May 10.94 UT            32   1.66 21.5  0.169
CELT0C2  79 2026 05 09.2  12.8028 +42.3315 20.9 Updated May 11.05 UT            26   1.80 22.8  0.058
CELRZD2 100 2026 05 09.2  12.5582 +35.4334 21.9 Updated May 9.36 UT              8   0.10 22.8  1.759
TF26E23 100 2026 05 09.2  13.0407  -4.3506 17.3 Updated May 11.10 UT             2   0.00 19.6  1.891
ZTF10Dl 100 2026 05 08.3  18.6295 -15.5208 20.6 Updated May 10.31 UT             4   0.03 27.0  2.739
ST26E14 100 2026 05 08.4  13.3773  -3.4971 17.9 Updated May 10.31 UT             2   0.00 21.3  2.683
P22n0vC  26 2026 05 08.3  14.8198  +9.8774 22.3 Updated May 10.26 UT            22   1.91 19.8  0.860
CELLEH2  86 2026 05 08.3  15.8478 -16.2131 23.0 Updated May 10.22 UT            12   1.86 32.6  0.951
P22n0fQ  97 2026 05 07.4  15.0852  +9.9613 22.2 Updated May 9.34 UT              3   0.04 24.3  3.700
ZTF10Di 100 2026 05 07.4  22.0956 -10.9737 22.5 Updated May 9.34 UT              4   0.02 27.4  3.715
S001563  73 2026 05 07.0  12.9994 -26.9089 21.5 Updated May 9.33 UT              3   0.03 17.7  4.031
P22mZLU  93 2026 05 06.3  11.7750 -16.8844 20.9 Updated May 11.10 UT            10   1.71 20.6  3.127
A11BRI6  51 2026 05 03.0  10.7737 -39.9135 18.8 Updated May 10.91 UT            52   7.13 19.8  0.965
ZTF10Df  98 2026 05 02.2  10.4222  +1.4368 23.6 Updated May 9.33 UT              9   0.68 26.6  8.264
C1EUYV5  91 2026 04 27.5  17.3218 +18.5648 21.8 Updated May 10.33 UT            24  12.79 12.7  0.849
