CEN5QX2 100 2026 05 19.4  16.0798 -15.3389 21.1 Updated May 19.46 UT             8   0.06 24.2  0.032
ST26EB6  98 2026 05 19.3  16.6659  -8.4469 19.5 Updated May 19.39 UT            10   0.11 27.7  0.104
A11CGDH 100 2026 05 19.2  16.2012 -72.6315 19.3 Added May 19.28 UT               4   0.02 19.2  0.249
A11CGDI 100 2026 05 19.2  17.0688 -46.1685 18.8 Updated May 19.48 UT             8   0.17 20.7  0.127
ST26EB3  98 2026 05 19.3  15.7789  -6.7435 19.5 Updated May 19.43 UT            14   0.17 30.7  0.066
MZ26114  98 2026 05 18.8  15.5925  -8.2916 18.3 Updated May 19.41 UT            13   0.61 27.1  0.078
6EI3621  98 2026 05 19.1  12.7436  -7.9922 20.3 Updated May 19.21 UT            13   0.13 27.0  0.286
NAOCAN7 100 2026 05 17.7  15.2736 -21.7242 20.6 Added May 19.07 UT               4   0.10 19.6  1.638
KPMa1Ih  87 2026 05 18.1  11.1333 -25.2100 23.2 Added May 18.68 UT               5   0.01 21.2  1.387
A11CDyX 100 2026 05 18.0  10.8425 -32.6827 19.8 Updated May 19.41 UT            12   1.32 20.8  0.119
P22nf7G 100 2026 05 17.6  16.2346 +35.8510 22.1 Updated May 19.41 UT            11   1.78 23.1  0.141
P22nf3F  12 2026 05 17.5  17.5983 +37.1846 21.4 Updated May 19.46 UT            16   1.96 19.0  0.035
CEMVK32  35 2026 05 17.4  16.9666 +11.4375 21.5 Updated May 19.44 UT            36   7.00 20.1  0.054
A11Cvk7 100 2026 05 16.9  13.3626 -71.5910 19.6 Updated May 18.37 UT             4   0.03 22.7  2.560
CEMRK82  84 2026 05 16.5  21.6000 -10.3004 21.5 Updated May 18.37 UT             3   0.01 17.3  3.025
A11Cswo 100 2026 05 16.0  17.1274 -23.0926 18.4 Updated May 18.37 UT             4   0.02 20.9  3.487
ST26E84  98 2026 05 15.4  15.5698 +10.6282 20.9 Updated May 18.37 UT             6   0.47 26.4  3.600
ST26E75  98 2026 05 15.2   2.5213 -21.7627 27.2 Updated May 18.37 UT             7   0.09 28.6  4.169
P12neKs  35 2026 05 14.6  18.2274 +57.6789 20.1 Updated May 19.35 UT            75   4.47 15.2  0.441
CEMAUH2 100 2026 05 14.4  15.9151 -15.1619 21.1 Updated May 18.39 UT             6   0.07 23.9  5.046
C1EUYV5  35 2026 04 27.5  17.2062 +18.9938 21.9 Updated May 19.47 UT            36 303.02 12.8  0.185
