P12neKJ 100 2026 05 14.3  13.0237 -23.4858 21.1 Added May 14.92 UT               3   0.02 13.5  0.710
P12neKs  99 2026 05 14.6  18.3599 +57.9919 20.2 Added May 14.90 UT               3   0.03 15.4  0.468
P12nc1w  96 2026 05 14.5  16.2245  -5.2989 20.7 Updated May 15.02 UT            14   0.65 24.9  0.057
P12nc1d 100 2026 05 14.5  16.9226  -5.3091 21.3 Added May 14.58 UT               3   0.04 22.8  0.543
P12nc1c 100 2026 05 14.5  16.8077  -6.7059 21.7 Updated May 14.79 UT             5   0.13 19.9  0.454
RFD0300 100 2026 05 13.0  23.6327 -35.5510 24.2 Added May 14.52 UT               2   0.00 29.5  2.038
CEMAUH2 100 2026 05 14.4  16.4678  +2.5585 21.3 Updated May 14.46 UT             6   0.07 24.0  0.625
CEMAY32 100 2026 05 14.4  16.6511  +3.2753 20.4 Updated May 14.47 UT             9   0.07 23.8  0.603
ST26E61 100 2026 05 14.3  16.2822  +0.2318 21.0 Updated May 14.37 UT             6   0.05 28.7  0.701
CEM9MQ2  98 2026 05 14.3  15.1413  -3.4687 19.9 Updated May 14.41 UT             8   0.09 28.6  0.664
CEM9DH2 100 2026 05 14.3  14.9167  +1.8516 20.6 Updated May 14.42 UT            10   0.10 24.3  0.657
CEM9AR2  98 2026 05 14.3  14.9995  +1.7769 21.5 Updated May 14.95 UT            12   0.64 27.5  0.119
ST26E59  88 2026 05 14.3  15.1725  -4.5020 19.9 Updated May 15.05 UT            22   0.68 26.9  0.085
ST26E57 100 2026 05 14.3  15.5795  -6.1971 19.1 Updated May 14.33 UT             8   0.05 27.0  0.740
CEM83E2 100 2026 05 14.3  14.0975  +0.4387 20.7 Updated May 15.01 UT            13   0.63 25.2  0.173
CEM7YT2  91 2026 05 14.3  13.2668  +0.8710 20.0 Updated May 15.02 UT            23   0.71 22.0  0.094
ST26E52  88 2026 05 14.2  13.5826 +12.1112 20.2 Updated May 15.00 UT            19   0.64 26.1  0.178
MZ26075 100 2026 05 13.8  16.8954  +1.5718 19.6 Added May 14.13 UT               3   0.01 25.1  1.245
A11CmCW 100 2026 05 13.3   5.1440 -76.4833 19.4 Added May 13.75 UT               4   0.02 24.5  1.693
A11CmCS 100 2026 05 13.3  16.6884 -36.8008 19.3 Added May 13.75 UT               4   0.04 25.4  1.752
OCA1642  84 2026 05 13.1  13.7543 -31.2055 19.4 Added May 13.56 UT               3   0.02 13.4  1.940
A11Cmv6  86 2026 05 13.0   8.5043 -50.2680 18.9 Updated May 15.01 UT            16   1.92 19.0  0.102
P22n4PC  55 2026 05 12.4  13.9668 -13.0056 20.6 Updated May 14.21 UT            17   1.83 21.0  0.875
CEM26R2  13 2026 05 12.4  16.5861 +15.4214 20.6 Updated May 14.25 UT            21   2.69 17.0  0.828
CEM1XD2  13 2026 05 12.3  14.4951 +17.4411 22.2 Updated May 14.22 UT            20   6.88 19.2  0.858
SO0005e 100 2026 05 11.7   0.1094  +5.6289 26.7 Updated May 14.35 UT             3   0.00 28.9  3.356
SO0005d 100 2026 05 11.7  19.0632 -24.9135 21.8 Updated May 14.34 UT             4   0.00 28.2  3.355
SO0005c 100 2026 05 11.7  22.5740 -30.1621 23.6 Updated May 14.34 UT             3   0.00 28.6  3.409
SO0005b 100 2026 05 11.6  22.9223  -8.7517 22.4 Updated May 14.34 UT             3   0.00 26.6  3.420
CELXZH2 100 2026 05 11.3  14.7467 +24.3562 22.3 Updated May 14.35 UT             3   0.01 25.0  3.719
6E94521  10 2026 05 10.4  19.7045 -64.8064 19.5 Updated May 14.42 UT            44   4.03 19.0  0.671
S001563  73 2026 05 07.0  12.9819 -27.1030 21.6 Updated May 14.34 UT             3   0.03 17.5  7.990
C1EUYV5  35 2026 04 27.5  17.2681 +18.7809 21.9 Updated May 14.43 UT            36 297.21 12.8  1.569
