ST26E86 100 2026 05 15.4  15.2403 +14.5611 17.5 Updated May 15.47 UT             4   0.02 33.2  0.070
TF26EA5 100 2026 05 15.4  15.4854 -10.3663 19.3 Added May 15.46 UT               2   0.00 27.4  0.075
ZTF10Du 100 2026 05 15.3  14.3177 -19.8953 16.6 Added May 15.45 UT               4   0.03 26.1  0.229
ST26E84 100 2026 05 15.4  14.6771 +10.6855 19.9 Updated May 15.45 UT             4   0.03 24.4  0.083
TF26E97 100 2026 05 15.3  15.4744 -10.2089 19.4 Added May 15.39 UT               2   0.00 27.4  0.188
ST26E76  98 2026 05 15.2  14.6981  +5.6448 20.2 Updated May 15.44 UT             6   0.20 30.7  0.089
ST26E75 100 2026 05 15.2  14.7192  -1.6942 18.7 Updated May 15.38 UT             4   0.01 25.6  0.292
6EE3C21 100 2026 05 15.2  15.5414 -23.1483 19.0 Updated May 15.44 UT            11   0.22 25.9  0.114
A11Cr0m 100 2026 05 15.0  15.9956 -52.4858 18.0 Updated May 15.37 UT            14   0.31 20.0  0.234
P12neKJ 100 2026 05 14.3  13.0191 -23.4451 20.9 Updated May 15.22 UT            10   0.88 20.3  0.313
P12neKs  97 2026 05 14.6  18.3466 +57.9661 20.4 Updated May 15.26 UT            10   0.48 15.2  0.474
P12nc1d 100 2026 05 14.5  16.9106  -5.1783 21.4 Updated May 15.33 UT            12   0.83 19.2  0.210
P12nc1c  96 2026 05 14.5  16.7958  -6.5700 21.8 Updated May 15.38 UT            21   0.90 20.1  0.147
RFD0300 100 2026 05 13.0  23.9088 -33.4157 24.8 Added May 14.52 UT               2   0.00 29.5  2.497
CEMAUH2 100 2026 05 14.4  16.4029  +0.4261 21.3 Updated May 14.46 UT             6   0.07 24.0  1.085
CEMAY32  74 2026 05 14.4  16.5597  +2.2485 20.3 Updated May 15.51 UT            37   1.08 23.8  0.056
ST26E61 100 2026 05 14.3  16.4284  +0.4243 21.7 Updated May 14.37 UT             6   0.05 28.7  1.161
ST26E57  98 2026 05 14.3  16.1540  -9.3202 19.2 Updated May 15.43 UT            12   1.14 28.0  0.110
CEM7YT2  79 2026 05 14.3  13.2311  -0.9199 20.0 Updated May 15.51 UT            38  16.96 22.0  0.235
ST26E52  76 2026 05 14.2  13.5489 +19.7236 20.3 Updated May 15.38 UT            28   1.01 26.1  0.271
MZ26075 100 2026 05 13.8  17.0329  +4.2568 20.0 Updated May 15.33 UT             3   0.01 25.5  1.705
A11CmCW 100 2026 05 13.3   5.6044 -74.3030 19.6 Updated May 15.33 UT             4   0.02 25.5  2.153
A11CmCS 100 2026 05 13.3  16.8079 -35.5579 19.6 Updated May 15.33 UT             4   0.04 25.5  2.211
OCA1642  84 2026 05 13.1  13.7466 -31.2391 19.4 Updated May 15.33 UT             3   0.02 13.1  2.400
A11Cmv6  84 2026 05 13.0   8.4445 -50.0643 19.0 Updated May 15.23 UT            19   2.04 19.1  0.437
CEM26R2  18 2026 05 12.4  16.5776 +15.3953 20.6 Updated May 15.33 UT            21   2.69 17.0  1.288
CEM1XD2  11 2026 05 12.3  14.4856 +17.3740 22.2 Updated May 15.17 UT            22   7.84 19.2  0.367
SO0005e 100 2026 05 11.7   0.1447  +6.0280 27.0 Updated May 14.35 UT             3   0.00 28.9  3.816
SO0005d 100 2026 05 11.7  19.1241 -24.5373 22.1 Updated May 14.34 UT             4   0.00 28.2  3.815
SO0005c 100 2026 05 11.7  22.6886 -29.5497 23.9 Updated May 14.34 UT             3   0.00 28.6  3.869
SO0005b 100 2026 05 11.6  22.9671  -8.2849 22.7 Updated May 14.34 UT             3   0.00 26.6  3.880
CELXZH2 100 2026 05 11.3  14.7364 +24.3955 22.2 Updated May 14.35 UT             3   0.01 25.0  4.179
6E94521  10 2026 05 10.4  19.7609 -65.8705 19.5 Updated May 15.42 UT            53   5.03 19.0  0.131
S001563  73 2026 05 07.0  12.9804 -27.1243 21.6 Updated May 14.34 UT             3   0.03 17.5  8.450
C1EUYV5  35 2026 04 27.5  17.2617 +18.8044 21.9 Updated May 15.51 UT            36 299.14 12.8  0.096
