CEMRK82  79 2026 05 16.5  21.5163  -9.7309 21.6 Added May 16.49 UT               3   0.01 17.7  0.064
ST26EA1 100 2026 05 16.4  13.6319 +20.9098 19.0 Updated May 16.45 UT             6   0.04 24.3  0.080
6EF1B21  99 2026 05 16.2  15.2706 -17.9816 20.0 Added May 16.40 UT               3   0.01 21.4  0.340
C46AFY1  98 2026 05 16.4  15.4402  +4.9019 17.4 Updated May 16.50 UT            21   0.12 26.3  0.033
ST26E98  98 2026 05 16.3  17.8821 +14.7243 19.8 Updated May 16.45 UT            13   0.11 28.6  0.088
CEMK452  91 2026 05 16.3  14.2800  -4.6832 21.4 Updated May 16.34 UT             8   0.05 20.4  0.199
ST26E93  98 2026 05 16.2  15.1944 +10.8757 19.5 Updated May 16.49 UT            21   0.22 27.1  0.058
ST26E89  98 2026 05 16.2  13.7841  +8.9886 18.8 Updated May 16.31 UT            10   0.10 28.5  0.221
CEMEEG2 100 2026 05 16.2  12.3734  -7.5391 21.0 Updated May 16.29 UT            12   0.06 24.5  0.243
A11Cswo 100 2026 05 16.0  17.2904 -23.7662 18.8 Added May 16.13 UT               4   0.02 20.7  0.526
ZTF10Du 100 2026 05 15.3  15.8515 -31.8405 17.8 Added May 15.45 UT               4   0.03 26.1  1.229
ST26E84  98 2026 05 15.4  14.9998 +10.7855 20.2 Updated May 16.23 UT             6   0.47 26.4  0.638
ST26E76  86 2026 05 15.2  14.3430  +7.9484 22.0 Updated May 16.22 UT            17   0.93 30.7  0.361
ST26E75 100 2026 05 15.2  14.8292 -20.7095 18.2 Updated May 15.38 UT             4   0.01 25.6  1.292
6EE3C21  91 2026 05 15.2  15.7979 -19.8920 19.3 Updated May 16.23 UT            20   0.98 25.9  0.354
A11Cr0m  86 2026 05 15.0  16.0583 -50.5373 17.8 Updated May 16.31 UT            19   1.17 20.0  0.380
P12neKJ  83 2026 05 14.3  13.0068 -23.3608 20.9 Updated May 16.45 UT            25   2.06 20.3  0.131
P12neKs  93 2026 05 14.6  18.3174 +57.9047 20.3 Updated May 16.46 UT            30   1.68 15.4  0.275
P12nc1c  84 2026 05 14.5  16.7691  -6.2716 21.7 Updated May 16.36 UT            28   1.87 20.1  0.171
RFD0300 100 2026 05 13.0  19.4076 -44.3379 24.2 Updated May 16.38 UT             2   0.00 29.8  3.497
CEMAUH2 100 2026 05 14.4  16.2691  -3.9534 21.3 Updated May 16.38 UT             6   0.07 23.9  2.085
ST26E61 100 2026 05 14.3  16.5839  +0.6171 22.7 Updated May 16.38 UT             6   0.05 29.0  2.161
ST26E57  76 2026 05 14.3  17.2617 -14.8461 19.6 Updated May 16.40 UT            18   2.12 27.8  0.129
MZ26075 100 2026 05 13.8  16.7542  -1.8995 21.9 Updated May 16.37 UT             3   0.01 27.4  2.705
A11CmCW 100 2026 05 13.3   5.9863 -73.2642 20.3 Updated May 16.38 UT             4   0.02 24.8  3.153
A11CmCS 100 2026 05 13.3  17.0241 -33.0353 20.0 Updated May 16.38 UT             4   0.04 25.4  3.211
OCA1642  84 2026 05 13.1  13.7305 -31.2946 19.4 Updated May 16.37 UT             3   0.02 14.0  3.400
CEM26R2  10 2026 05 12.4  16.5589 +15.3341 20.6 Updated May 16.46 UT            32   4.64 17.0  0.344
CEM1XD2  16 2026 05 12.3  14.4651 +17.2234 22.2 Updated May 16.38 UT            22   7.84 19.2  1.367
SO0005e 100 2026 05 11.7   0.2636  +7.3599 27.7 Updated May 16.38 UT             3   0.00 29.4  4.816
SO0005d 100 2026 05 11.7  19.2033 -24.0186 22.6 Updated May 16.38 UT             4   0.00 28.1  4.815
SO0005c 100 2026 05 11.7  23.0120 -27.6403 24.6 Updated May 16.38 UT             3   0.00 28.4  4.869
SO0005b 100 2026 05 11.6  22.9944  -7.9787 23.2 Updated May 16.37 UT             3   0.00 26.6  4.880
S001563  73 2026 05 07.0  12.9820 -27.1607 21.6 Updated May 16.37 UT             3   0.03 18.3  9.450
C1EUYV5  35 2026 04 27.5  17.2479 +18.8546 21.9 Updated May 15.51 UT            36 299.14 12.8  1.096
