A11Cswo 100 2026 05 16.0  17.3059 -23.8253 18.9 Added May 16.13 UT               4   0.02 20.7  0.193
ZTF10Du 100 2026 05 15.3  15.4930 -29.5969 17.3 Added May 15.45 UT               4   0.03 26.1  0.896
ST26E84 100 2026 05 15.4  14.9020 +10.7359 20.0 Updated May 15.45 UT             4   0.03 24.4  0.750
ST26E76  96 2026 05 15.2  14.4122  +7.5032 21.6 Updated May 16.18 UT            14   0.93 30.7  0.028
ST26E75 100 2026 05 15.2  14.7885 -13.9969 18.3 Updated May 15.38 UT             4   0.01 25.6  0.958
6EE3C21  86 2026 05 15.2  15.7238 -20.8572 19.2 Updated May 16.19 UT            17   0.98 25.9  0.021
A11Cr0m  86 2026 05 15.0  16.0374 -51.2099 17.9 Updated May 16.15 UT            17   1.17 20.1  0.047
P12neKJ 100 2026 05 14.3  13.0108 -23.3894 20.9 Updated May 15.88 UT            13   1.51 20.1  0.349
P12neKs  55 2026 05 14.6  18.3272 +57.9260 20.3 Updated May 16.15 UT            21   1.57 15.3  0.052
P12nc1c  96 2026 05 14.5  16.7781  -6.3713 21.7 Updated May 15.38 UT            21   0.90 20.1  0.814
RFD0300 100 2026 05 13.0   0.1486 -31.3549 25.5 Added May 14.52 UT               2   0.00 29.5  3.164
CEMAUH2 100 2026 05 14.4  16.3127  -2.5390 21.3 Updated May 14.46 UT             6   0.07 24.0  1.752
ST26E61 100 2026 05 14.3  16.5462  +0.5746 22.4 Updated May 14.37 UT             6   0.05 28.7  1.828
ST26E57  98 2026 05 14.3  16.9171 -13.2596 19.6 Updated May 15.95 UT            15   1.67 28.0  0.250
MZ26075 100 2026 05 13.8  17.2766  +9.0367 20.2 Updated May 15.33 UT             3   0.01 25.5  2.372
A11CmCW 100 2026 05 13.3   5.9320 -72.8348 20.0 Updated May 15.33 UT             4   0.02 25.5  2.820
A11CmCS 100 2026 05 13.3  16.9508 -33.9448 19.9 Updated May 15.33 UT             4   0.04 25.5  2.878
OCA1642  84 2026 05 13.1  13.7359 -31.2769 19.4 Updated May 15.33 UT             3   0.02 13.1  3.066
CEM26R2  13 2026 05 12.4  16.5652 +15.3550 20.9 Updated May 16.15 UT            24   4.57 17.3  0.075
CEM1XD2  16 2026 05 12.3  14.4719 +17.2744 22.2 Updated May 15.17 UT            22   7.84 19.2  1.034
SO0005e 100 2026 05 11.7   0.1827  +6.4534 27.3 Updated May 14.35 UT             3   0.00 28.9  4.483
SO0005d 100 2026 05 11.7  19.1907 -24.1142 22.4 Updated May 14.34 UT             4   0.00 28.2  4.481
SO0005c 100 2026 05 11.7  22.8110 -28.8622 24.3 Updated May 14.34 UT             3   0.00 28.6  4.535
SO0005b 100 2026 05 11.6  23.0159  -7.7733 23.1 Updated May 14.34 UT             3   0.00 26.6  4.546
CELXZH2 100 2026 05 11.3  14.7206 +24.4474 22.2 Updated May 14.35 UT             3   0.01 25.0  4.846
S001563  73 2026 05 07.0  12.9784 -27.1549 21.6 Updated May 14.34 UT             3   0.03 17.5  9.117
C1EUYV5  35 2026 04 27.5  17.2525 +18.8380 21.9 Updated May 15.51 UT            36 299.14 12.8  0.763
