P12neKJ 100 2026 05 14.3  13.0256 -23.4963 21.1 Added May 14.92 UT               3   0.02 13.5  0.585
P12neKs  99 2026 05 14.6  18.3634 +57.9987 20.2 Added May 14.90 UT               3   0.03 15.4  0.343
P12nc1w  98 2026 05 14.5  16.2224  -5.4395 20.8 Updated May 14.79 UT             8   0.26 25.0  0.330
P12nc1d 100 2026 05 14.5  16.9251  -5.3445 21.3 Added May 14.58 UT               3   0.04 22.8  0.418
P12nc1c 100 2026 05 14.5  16.8110  -6.7427 21.7 Updated May 14.79 UT             5   0.13 19.9  0.329
RFD0300 100 2026 05 13.0  23.5299 -36.2831 24.0 Added May 14.52 UT               2   0.00 29.5  1.913
CEMAUH2 100 2026 05 14.4  16.4858  +3.1499 21.3 Updated May 14.46 UT             6   0.07 24.0  0.500
CEMAY32 100 2026 05 14.4  16.6782  +3.5793 20.4 Updated May 14.47 UT             9   0.07 23.8  0.478
CEMANR2  76 2026 05 14.4  16.3382  +3.5885 19.8 Updated May 14.92 UT            17   3.42 21.1  0.030
ST26E67  98 2026 05 14.3  16.1451  +0.4684 20.0 Updated May 14.66 UT            11   0.30 30.0  0.320
ST26E61 100 2026 05 14.3  16.2244  +0.1551 20.8 Updated May 14.37 UT             6   0.05 28.7  0.576
CEM9MQ2  98 2026 05 14.3  15.0514  -1.7194 20.1 Updated May 14.41 UT             8   0.09 28.6  0.539
CEM9DH2 100 2026 05 14.3  14.9302  +1.5963 20.7 Updated May 14.42 UT            10   0.10 24.3  0.532
CEM9AR2  98 2026 05 14.3  14.9628  +1.7293 21.4 Updated May 14.40 UT             8   0.09 26.1  0.547
ST26E59 100 2026 05 14.3  15.1852  -3.4471 19.9 Updated May 14.38 UT            14   0.07 26.8  0.569
ST26E57 100 2026 05 14.3  15.4256  -5.2682 19.1 Updated May 14.33 UT             8   0.05 27.0  0.615
CEM83E2  98 2026 05 14.3  14.0749  +0.6064 20.8 Updated May 14.91 UT            10   0.63 25.3  0.048
CEM7YT2  98 2026 05 14.3  13.2766  +1.3623 19.9 Updated May 14.89 UT            12   0.62 21.9  0.058
ST26E52  98 2026 05 14.2  13.5911 +10.1190 20.2 Updated May 14.90 UT            13   0.64 26.1  0.053
MZ26075 100 2026 05 13.8  16.8356  +0.3723 19.6 Added May 14.13 UT               3   0.01 25.1  1.120
A11CmCW 100 2026 05 13.3   5.0015 -76.8305 19.3 Added May 13.75 UT               4   0.02 24.5  1.568
A11CmCS 100 2026 05 13.3  16.6466 -37.2280 19.3 Added May 13.75 UT               4   0.04 25.4  1.627
OCA1642  84 2026 05 13.1  13.7563 -31.1987 19.4 Added May 13.56 UT               3   0.02 13.4  1.815
A11Cmv6 100 2026 05 13.0   8.5208 -50.3235 18.8 Updated May 14.10 UT            10   0.91 18.6  0.978
P22n4PC  55 2026 05 12.4  13.9671 -13.1022 20.6 Updated May 14.21 UT            17   1.83 21.0  0.750
CEM26R2  13 2026 05 12.4  16.5884 +15.4282 20.6 Updated May 14.25 UT            21   2.69 17.0  0.703
CEM1XD2  13 2026 05 12.3  14.4977 +17.4590 22.2 Updated May 14.22 UT            20   6.88 19.2  0.733
SO0005e 100 2026 05 11.7   0.0979  +5.4990 26.6 Updated May 14.35 UT             3   0.00 28.9  3.231
SO0005d 100 2026 05 11.7  19.0437 -25.0314 21.8 Updated May 14.34 UT             4   0.00 28.2  3.230
SO0005c 100 2026 05 11.7  22.5369 -30.3542 23.5 Updated May 14.34 UT             3   0.00 28.6  3.284
SO0005b 100 2026 05 11.6  22.9080  -8.9007 22.3 Updated May 14.34 UT             3   0.00 26.6  3.295
CELXZH2 100 2026 05 11.3  14.7494 +24.3450 22.3 Updated May 14.35 UT             3   0.01 25.0  3.594
6E94521  10 2026 05 10.4  19.6899 -64.5161 19.5 Updated May 14.42 UT            44   4.03 19.0  0.546
S001563  73 2026 05 07.0  12.9823 -27.0972 21.5 Updated May 14.34 UT             3   0.03 17.5  7.865
C1EUYV5  35 2026 04 27.5  17.2698 +18.7744 21.9 Updated May 14.43 UT            36 297.21 12.8  1.444
