OCA1642  79 2026 05 13.1  13.7774 -31.1272 19.4 Added May 13.56 UT               3   0.02 13.4  0.523
P22nay8  81 2026 05 13.4  15.7791  -1.8332 21.3 Added May 13.52 UT               3   0.02 22.9  0.194
P22nawA 100 2026 05 13.4  15.1427  -3.2330 21.0 Added May 13.52 UT               3   0.02 22.1  0.191
ST26E50  98 2026 05 13.2  14.5226  -2.9241 19.7 Updated May 13.45 UT            10   0.19 26.7  0.204
A11Cmv6 100 2026 05 13.0   8.6870 -50.8389 18.6 Updated May 13.51 UT             7   0.43 17.7  0.170
ST26E47  91 2026 05 12.4  15.0462 -21.6742 19.2 Updated May 13.33 UT            17   0.91 25.0  0.324
P22n55t  36 2026 05 12.4  15.0190 -13.5923 21.4 Updated May 13.34 UT            11   5.01 19.8  0.317
P22n52K  79 2026 05 12.4  15.1670 -11.7911 21.2 Updated May 13.50 UT            20   5.15 25.0  0.161
P22n4V7 100 2026 05 12.4  14.3927 -19.8309 21.8 Updated May 13.34 UT            12   0.95 21.1  0.313
P22n4V6  91 2026 05 12.4  13.9731 -22.9164 21.6 Updated May 13.32 UT            16   0.93 23.5  0.336
P22n4V9  83 2026 05 12.4  14.4258 -15.5056 21.8 Updated May 13.50 UT            17   1.09 24.7  0.166
CEM28F2 100 2026 05 12.4  17.8384 +17.9772 21.0 Updated May 13.37 UT            15   0.97 25.1  0.279
P22n4PC  67 2026 05 12.4  13.9701 -14.1050 20.7 Updated May 13.03 UT             8   0.65 21.2  0.638
P22n4PB  72 2026 05 12.3  13.6757  -9.3738 21.1 Updated May 13.33 UT            19  25.87 24.0  0.340
CEM26R2  25 2026 05 12.4  16.6118 +15.4929 20.6 Updated May 13.26 UT            16   1.45 17.0  0.656
CEM1XD2 100 2026 05 12.3  14.5247 +17.6402 22.1 Updated May 12.41 UT            11   0.11 17.1  1.237
CEM1R02  91 2026 05 12.3  13.5801 +16.9425 21.7 Updated May 13.19 UT            18   0.89 22.1  0.474
6EB3121  81 2026 05 12.0  10.3612 -14.5335 20.0 Updated May 13.28 UT            19   1.16 23.9  0.508
SO0005e 100 2026 05 11.7  23.7601  +1.6006 24.9 Updated May 13.34 UT             3   0.00 28.9  1.940
SO0005d 100 2026 05 11.7  18.6294 -27.3190 20.7 Updated May 13.34 UT             4   0.00 28.3  1.938
SO0005c 100 2026 05 11.7  22.0985 -32.3996 22.3 Updated May 13.34 UT             3   0.00 28.3  1.992
SO0005b 100 2026 05 11.6  22.5082 -12.9418 21.1 Updated May 13.33 UT             3   0.00 26.7  2.003
CELXZH2 100 2026 05 11.3  14.7718 +24.1896 22.6 Updated May 13.34 UT             3   0.01 22.1  2.303
ST26E34 100 2026 05 10.5  14.8613 +18.4455 23.7 Updated May 13.34 UT             2   0.00 28.1  3.190
6E94521  84 2026 05 10.4  19.5528 -61.4978 19.6 Updated May 13.15 UT            31   2.77 19.1  0.519
XA9ttXA  75 2026 05 08.8  15.0807  +1.9207 22.5 Updated May 13.17 UT            19   4.39 21.8  0.500
ST26E18 100 2026 05 09.4  15.4992 -14.4353 23.8 Updated May 13.34 UT             4   0.00 30.3  4.285
CELRZD2 100 2026 05 09.2  12.4213 +36.7570 22.5 Updated May 13.33 UT             8   0.10 22.9  4.302
ZTF10Dl 100 2026 05 08.3  19.0467 -15.5009 21.9 Updated May 13.34 UT             4   0.03 26.9  5.282
ST26E14 100 2026 05 08.4  13.3246  -2.9194 18.6 Updated May 13.34 UT             2   0.00 17.6  5.226
P22n0fQ  97 2026 05 07.4  15.0302 +10.6805 21.7 Updated May 13.34 UT             3   0.04 23.4  6.243
S001563  73 2026 05 07.0  12.9902 -27.0227 21.5 Updated May 13.34 UT             3   0.03 18.4  6.574
A11BRI6  10 2026 05 03.0  11.2631 -38.5665 19.1 Updated May 13.64 UT            81  10.09 19.9  0.548
C1EUYV5  35 2026 04 27.5  17.2875 +18.7063 21.9 Updated May 13.60 UT            36 297.21 12.8  0.153
