C1EYRR5  98 2026 05 23.4  15.8580  +3.2982 22.6 Updated May 23.48 UT            10   0.09 25.3  0.027
C1EYQL5  97 2026 05 23.4  15.9180  +2.0389 22.2 Updated May 23.48 UT             7   0.09 24.2  0.024
C1EYPU5  97 2026 05 23.4  15.8140  +2.8684 22.8 Added May 23.43 UT               4   0.02 22.6  0.097
C1EYPT5 100 2026 05 23.4  15.8376  +2.9814 21.7 Updated May 23.46 UT            12   0.08 24.1  0.031
C46CN51 100 2026 05 23.4  17.3544 +24.2350 19.5 Updated May 23.46 UT            12   0.07 24.4  0.032
C1EYD55  66 2026 05 23.3  15.8297 -12.8657 22.1 Updated May 23.41 UT            10   0.06 19.4  0.102
TF26EH4 100 2026 05 23.3  18.2765 +19.0653 17.9 Added May 23.35 UT               2   0.00 21.6  0.147
C1EXH55 100 2026 05 23.3  13.9472  +4.7319 22.2 Updated May 23.37 UT            10   0.08 23.3  0.130
CENZ0T2  98 2026 05 23.3  15.8889 +59.3052 21.1 Updated May 23.37 UT            12   0.11 26.1  0.124
TF26EG9 100 2026 05 23.2  15.2193 +18.5080 18.1 Added May 23.29 UT               2   0.00 22.3  0.244
6EM3521 100 2026 05 23.1  13.2090 -13.2995 20.1 Updated May 23.31 UT             7   0.25 22.9  0.182
SO0006A 100 2026 05 22.7  22.0921 -36.7959 19.4 Added May 22.70 UT               4   0.01 23.9  0.805
NAOCBPP  99 2026 05 20.7  14.8601 -19.0652 22.1 Updated May 22.70 UT             4   0.13 22.4  2.642
8N2S001  91 2026 05 22.0  17.6261 +11.8442 19.4 Updated May 23.42 UT            21   1.38 22.7  0.071
CZYNHKZ 100 2026 05 14.4  16.3809  +2.3926 21.7 Updated May 23.35 UT             4   0.02 22.7  9.106
C46CD31 100 2026 05 21.4   0.8630  -3.8690 24.9 Updated May 23.35 UT             7   0.05 28.6  2.050
ST26ED1  98 2026 05 21.2   1.4287 -15.6212 25.8 Updated May 23.35 UT            20   0.16 30.2  2.108
TF26EE0 100 2026 05 20.5  16.3847  +8.8143 23.6 Updated May 22.38 UT             4   0.02 28.7  3.009
ST26EC8  98 2026 05 20.4  20.3445 -28.6539 21.4 Updated May 23.35 UT             6   0.14 28.6  3.056
ST26EC7  98 2026 05 20.4   2.4068  -8.3962 29.0 Updated May 23.35 UT             6   0.11 30.3  3.062
ST26EC5 100 2026 05 20.3  15.6365 -16.1819 19.8 Updated May 22.38 UT             4   0.03 24.9  3.154
P12nffX  10 2026 05 20.5  16.3506 -20.9579 21.7 Updated May 22.44 UT            15   7.94 19.3  1.096
P12nfaz  38 2026 05 20.3  13.2363 -28.0413 22.0 Updated May 23.25 UT            12   2.87 18.4  0.300
NAOCAN7 100 2026 05 17.7  15.2779 -21.8322 20.8 Updated May 22.38 UT             4   0.10 19.7  5.640
KPMa1Ih  87 2026 05 18.1  11.1238 -27.0731 23.3 Updated May 22.38 UT             5   0.01 20.8  5.390
CEMVK32  55 2026 05 17.4  16.6487  +9.5121 21.6 Updated May 23.35 UT            47   9.02 20.1  2.034
P12neKs  35 2026 05 14.6  18.0984 +57.2617 20.0 Updated May 23.48 UT           147   8.83 15.1  0.092
