CELU1Q2 100 2026 05 10.2  11.5823 +31.4071 21.7 Updated May 10.22 UT             3   0.02 19.5  0.012
ST26E24 100 2026 05 10.2  12.9427  -0.9427 19.6 Updated May 10.21 UT             4   0.02 28.3  0.030
P22n4ou  89 2026 05 09.4  14.7352  +7.5443 21.6 Updated May 10.23 UT            11   0.86 21.5  0.008
ZTF10Dn 100 2026 05 09.3  16.2288 -11.7833 18.2 Added May 9.51 UT                4   0.04 26.9  0.895
XA9ttXA  96 2026 05 08.8  15.1515  +1.7723 21.4 Added May 9.48 UT                3   0.03 19.7  1.440
ST26E18 100 2026 05 09.4  15.5088 -14.8452 20.2 Added May 9.37 UT                4   0.00 28.7  0.865
CELT2A2  96 2026 05 09.3  13.7123 +35.8214 20.6 Updated May 10.18 UT            17   0.91 21.7  0.050
CELT0C2  93 2026 05 09.2  12.9568 +39.5155 20.9 Updated May 10.15 UT            16   0.89 22.9  0.089
CELRZD2 100 2026 05 09.2  12.6211 +34.7909 21.6 Updated May 9.36 UT              8   0.10 22.8  0.883
TF26E23 100 2026 05 09.2  13.1030  -4.8192 16.7 Added May 9.23 UT                2   0.00 17.7  1.014
gb00845  77 2026 05 08.8  13.0488  -8.0952 20.1 Updated May 10.09 UT            44   1.29 23.9  0.144
P22n0x5  72 2026 05 08.5  15.2750 -15.7560 20.2 Updated May 10.09 UT            30   1.70 30.0  0.154
P22n0w4  77 2026 05 08.4  15.3475  +3.1103 20.0 Updated May 10.11 UT            33   1.72 23.8  0.135
ZTF10Dl 100 2026 05 08.3  18.2392 -15.3886 19.7 Added May 8.49 UT                4   0.03 27.0  1.862
ST26E14 100 2026 05 08.4  13.3997  -3.7387 18.0 Added May 8.45 UT                2   0.00 16.2  1.806
P22n0vC  36 2026 05 08.3  14.8415 +10.0006 22.2 Updated May 9.29 UT             19   0.95 19.7  0.946
CELLEH2  86 2026 05 08.3  15.8076 -15.6125 22.4 Updated May 10.22 UT            12   1.86 32.6  0.074
CELHF72  77 2026 05 08.3  14.9678 -10.2385 21.2 Updated May 10.14 UT            27   1.84 24.6  0.096
P22n0gv  96 2026 05 07.6  17.2235 +48.2256 21.1 Updated May 9.45 UT             22   1.84 21.3  0.792
P22n0fQ  97 2026 05 07.4  15.0922  +9.8498 22.1 Updated May 9.34 UT              3   0.04 24.3  2.824
ZTF10Di 100 2026 05 07.4  21.8373 -11.7466 21.7 Updated May 9.34 UT              4   0.02 27.4  2.839
S001563  73 2026 05 07.0  13.0036 -26.8637 21.4 Updated May 9.33 UT              3   0.03 17.7  3.154
P22mZLU  93 2026 05 06.3  11.7417 -17.5943 20.9 Updated May 10.22 UT            10   1.71 20.6  2.250
A11BX2S 100 2026 05 05.2  19.1649  +1.6257 20.1 Updated May 9.33 UT              2   0.01 24.8  5.001
A11BRI6  53 2026 05 03.0  10.5648 -40.3407 18.7 Updated May 8.52 UT             50   5.00 19.9  2.214
ZTF10Df  98 2026 05 02.2  10.4162  +1.4496 23.4 Updated May 9.33 UT              9   0.68 26.6  7.388
C1EUYV5  93 2026 04 27.5  17.3335 +18.5140 21.7 Updated May 9.32 UT             18  11.83 12.6  0.930
