ST26E50 100 2026 05 13.2  14.5697  -3.9393 19.4 Updated May 13.32 UT             6   0.06 20.9  0.051
A11Cmv6 100 2026 05 13.0   8.7243 -50.9489 19.1 Added May 13.18 UT               4   0.02 18.7  0.291
ST26E47  86 2026 05 12.4  15.1335 -18.9723 19.1 Updated May 13.33 UT            17   0.91 25.0  0.032
P22n55t  36 2026 05 12.4  15.0276 -13.5398 21.4 Updated May 13.34 UT            11   5.01 19.8  0.026
P22n52K 100 2026 05 12.4  15.1841 -11.6659 21.0 Updated May 13.20 UT            11   0.74 24.9  0.178
P22n4V7  96 2026 05 12.4  14.4016 -19.9338 21.8 Updated May 13.34 UT            12   0.95 21.1  0.022
P22n4V6  86 2026 05 12.4  13.9903 -22.8924 21.6 Updated May 13.32 UT            16   0.93 23.5  0.045
P22n4V9  95 2026 05 12.4  14.4192 -15.8063 21.8 Updated May 13.03 UT            11   0.63 24.7  0.336
CEM28F2  98 2026 05 12.4  17.7223 +17.2298 21.0 Updated May 13.33 UT            11   0.91 25.1  0.040
P22n4PC  67 2026 05 12.4  13.9710 -14.3318 20.7 Updated May 13.03 UT             8   0.65 21.2  0.346
P22n4PB  67 2026 05 12.3  13.6667  -9.6467 21.1 Updated May 13.33 UT            19  25.87 24.0  0.048
CEM26R2  25 2026 05 12.4  16.6170 +15.5061 20.6 Updated May 13.26 UT            16   1.45 17.0  0.364
CEM1XD2  75 2026 05 12.3  14.5309 +17.6780 22.1 Updated May 12.41 UT            11   0.11 17.1  0.945
CEM1R02  91 2026 05 12.3  13.6019 +16.9325 21.7 Updated May 13.19 UT            18   0.89 22.1  0.183
6EB3121  81 2026 05 12.0  10.3435 -13.0529 20.0 Updated May 13.28 UT            19   1.16 23.9  0.217
SO0005e 100 2026 05 11.7  23.6499  +0.3188 24.4 Updated May 13.34 UT             3   0.00 28.9  1.648
SO0005d 100 2026 05 11.7  18.4953 -27.9877 20.4 Updated May 13.34 UT             4   0.00 28.3  1.647
SO0005c 100 2026 05 11.7  21.7931 -33.5740 21.8 Updated May 13.34 UT             3   0.00 28.3  1.701
SO0005b 100 2026 05 11.6  22.3976 -14.0219 20.7 Updated May 13.33 UT             3   0.00 26.7  1.712
CELXZH2 100 2026 05 11.3  14.7773 +24.1634 22.6 Updated May 13.34 UT             3   0.01 22.1  2.011
ST26E34 100 2026 05 10.5  14.8662 +18.2286 23.5 Updated May 13.34 UT             2   0.00 28.1  2.898
6E94521  84 2026 05 10.4  19.5250 -60.8134 19.6 Updated May 13.15 UT            31   2.77 19.1  0.227
XA9ttXA  75 2026 05 08.8  15.0868  +1.9102 22.5 Updated May 13.17 UT            19   4.39 21.8  0.209
ST26E18 100 2026 05 09.4  15.4949 -14.3895 23.7 Updated May 13.34 UT             4   0.00 30.3  3.993
CELRZD2 100 2026 05 09.2  12.4335 +36.6428 22.4 Updated May 13.33 UT             8   0.10 22.9  4.011
ZTF10Dl 100 2026 05 08.3  19.0193 -15.5067 21.8 Updated May 13.34 UT             4   0.03 26.9  4.990
ST26E14 100 2026 05 08.4  13.3300  -2.9785 18.5 Updated May 13.34 UT             2   0.00 17.6  4.934
P22n0fQ  97 2026 05 07.4  15.0344 +10.6275 21.7 Updated May 13.34 UT             3   0.04 23.4  5.951
S001563  73 2026 05 07.0  12.9911 -27.0091 21.5 Updated May 13.34 UT             3   0.03 18.4  6.282
A11BRI6  47 2026 05 03.0  11.2145 -38.7225 19.1 Updated May 12.68 UT            76   9.17 19.9  1.176
C1EUYV5  35 2026 04 27.5  17.2915 +18.6905 21.8 Updated May 12.54 UT            33  15.04 12.7  0.851
