P12nfxy 100 2026 05 26.6  17.5631  +5.3245 20.6 Added May 26.63 UT               3   0.02 22.7  0.100
CEP5WY2 100 2026 05 26.4  18.9790 +40.7318 21.0 Updated May 26.48 UT             7   0.03 21.3  0.227
C1F41L5 100 2026 05 26.4  15.9746  +8.6863 19.8 Updated May 26.44 UT             8   0.05 23.7  0.267
CEP5WU2 100 2026 05 26.4  17.5464 +49.7211 21.1 Updated May 26.44 UT            10   0.06 26.1  0.268
C1F4195 100 2026 05 26.4  16.1121  +7.9367 22.1 Updated May 26.45 UT             7   0.07 27.6  0.249
C1F4075 100 2026 05 26.4  16.0482 +27.4886 22.3 Updated May 26.48 UT             8   0.11 24.9  0.227
P12nfxd  96 2026 05 25.6  17.8261 +16.4846 21.9 Updated May 26.45 UT            14   2.00 22.6  0.264
C1F32J5 100 2026 05 25.4  17.1996 +13.9522 22.0 Updated May 26.31 UT             7   0.85 23.5  0.401
C1F3245  73 2026 05 25.4  17.0084 +10.5859 22.5 Updated May 26.45 UT             8   1.00 20.1  0.253
SJA1250 100 2026 05 24.9  16.8527 +61.3083 20.3 Added May 25.42 UT               3   0.03 17.5  1.732
C1F2X35  84 2026 05 25.4  16.3255  +0.6906 21.8 Updated May 26.47 UT            16   1.09 22.7  0.240
C1F2HL5 100 2026 05 25.4  16.4299 -11.6815 22.4 Updated May 25.43 UT             8   0.07 25.5  1.275
C1F1TD5 100 2026 05 25.3  15.7635  +4.6992 23.8 Updated May 26.35 UT             4   0.02 33.6  1.374
C03UYWZ 100 2026 05 23.4  16.7391 +12.7104 22.4 Updated May 26.16 UT             7   2.00 23.1  1.258
A11CUyv  94 2026 05 24.1  17.5764 -56.4929 19.2 Updated May 26.35 UT            17   1.97 19.1  0.589
P12nfw2 100 2026 05 24.6  21.0760  -3.6079 21.7 Updated May 26.34 UT             8   1.73 20.3  0.380
NAOCLYL  85 2026 05 23.8  15.9022 -19.1682 21.7 Updated May 26.35 UT             4   0.10 21.7  2.846
A11CQzo 100 2026 05 24.4  21.6720 -17.6142 20.5 Updated May 26.35 UT             5   0.05 29.8  2.268
oKr0080 100 2026 05 23.9  23.4898 +18.5575 20.2 Updated May 26.34 UT             3   0.00 17.1  2.812
C1F1535  97 2026 05 24.4  16.7578  +6.6052 22.4 Updated May 26.35 UT            11   0.87 23.3  1.417
C1F0EU5  80 2026 05 24.3  15.4055 -10.0891 22.0 Updated May 26.33 UT            13   1.97 20.0  0.414
C1F0295  80 2026 05 24.3  15.3101  -7.0269 22.1 Updated May 26.10 UT            20   1.78 22.2  0.611
6EN3D21 100 2026 05 24.2  16.4230 -79.9283 18.6 Updated May 25.35 UT             3   0.01 21.1  2.467
C1EYPU5 100 2026 05 23.4  15.8687  +3.3873 22.8 Updated May 26.35 UT            11   1.87 24.1  1.453
C1EYD55  24 2026 05 23.3  15.7330 -13.6253 22.2 Updated May 26.43 UT            18   3.07 20.5  0.297
NAOCBPP  99 2026 05 20.7  14.9071 -21.1023 22.3 Updated May 25.35 UT             4   0.13 22.4  5.852
ST26ED1  98 2026 05 21.2   1.7452 -14.4630 28.2 Updated May 25.35 UT            20   0.16 30.2  5.318
ST26EC8  98 2026 05 20.4  21.9459 -31.0192 23.5 Updated May 25.35 UT             6   0.14 28.6  6.265
ST26EC7  98 2026 05 20.4   2.4860  -8.3760 30.3 Updated May 25.35 UT             6   0.11 30.3  6.272
P12nfaz  43 2026 05 20.3  13.2135 -27.4357 22.0 Updated May 26.35 UT            12   2.87 18.3  3.510
NAOCAN7 100 2026 05 17.7  15.2866 -21.9247 21.0 Updated May 26.35 UT             4   0.10 19.7  8.850
KPMa1Ih  87 2026 05 18.1  11.1268 -28.5031 23.5 Updated May 26.35 UT             5   0.01 20.9  8.600
CEMVK32  53 2026 05 17.4  16.4184  +7.9801 21.7 Updated May 26.27 UT            52  11.97 20.1  2.298
P12neKs  35 2026 05 14.6  17.9900 +56.8257 19.9 Updated May 26.66 UT           176  11.53 15.1  0.600
