CELY6P2 100 2026 05 11.4  17.0134 +18.1935 21.0 Updated May 11.47 UT             8   0.05 23.0  0.432
ST26E38 100 2026 05 11.3  17.3791  +6.9083 20.0 Updated May 11.66 UT             6   0.14 25.7  0.445
C469HY1 100 2026 05 11.4  17.2374  +8.6461 18.6 Updated May 11.64 UT            13   0.06 26.0  0.443
6EA3I21  62 2026 05 11.3  19.4304  -5.2808 17.0 Added May 11.37 UT               3   0.01 13.0  0.566
CELXZH2 100 2026 05 11.3  14.8047 +24.0105 22.7 Added May 11.37 UT               3   0.01 22.0  0.551
CELXRN2  98 2026 05 11.3  13.1550 +26.6953 21.0 Updated May 11.89 UT            10   0.60 22.1  0.021
TF26E51 100 2026 05 11.3  15.3096  +8.8263 19.2 Added May 11.28 UT               2   0.00 23.3  0.625
ST26E34 100 2026 05 10.5  14.6983 +24.5208 21.2 Added May 10.70 UT               2   0.00 26.4  1.438
6E94521 100 2026 05 10.4  19.4002 -57.3866 19.4 Updated May 11.30 UT            13   0.92 19.0  0.622
CELUGK2  93 2026 05 10.3  14.8127 +27.5978 21.5 Updated May 11.19 UT            21   0.85 24.4  0.714
ZTF10Do  98 2026 05 10.2  13.9359 +11.1195 18.2 Updated May 11.58 UT            11   1.27 27.1  0.394
CELU1Q2  98 2026 05 10.2  11.5864 +31.2748 21.4 Updated May 11.21 UT            13   0.99 26.1  0.705
ST26E24  98 2026 05 10.2   3.1526 -16.2157 25.9 Updated May 10.52 UT            13   0.29 29.1  1.423
ZTF10Dn 100 2026 05 09.3  16.8614 -12.9162 20.3 Updated May 11.31 UT             4   0.04 26.9  2.563
XA9ttXA  97 2026 05 08.8  15.1174  +1.8496 22.6 Updated May 11.23 UT            13   2.46 21.8  0.681
ST26E18 100 2026 05 09.4  15.4744 -14.2637 22.7 Updated May 11.31 UT             4   0.00 30.1  2.533
CELT0C2  79 2026 05 09.2  12.6429 +44.9683 20.9 Updated May 11.05 UT            26   1.80 22.8  0.849
CELRZD2 100 2026 05 09.2  12.5106 +35.8936 22.1 Updated May 11.31 UT             8   0.10 22.6  2.551
TF26E23 100 2026 05 09.2  12.9718  -3.8992 17.7 Updated May 11.89 UT             2   0.00 19.6  2.682
ZTF10Dl 100 2026 05 08.3  18.8215 -15.5283 21.1 Updated May 10.31 UT             4   0.03 27.0  3.531
ST26E14 100 2026 05 08.4  13.3567  -3.2785 17.9 Updated May 10.31 UT             2   0.00 21.3  3.474
P22n0vC  24 2026 05 08.3  14.8003  +9.7614 22.4 Updated May 11.21 UT            25   2.87 19.9  0.694
CELLEH2  86 2026 05 08.3  15.8714 -16.5683 23.5 Updated May 11.82 UT            14   1.86 32.7  1.742
P22n0fQ  97 2026 05 07.4  15.0822 +10.0054 22.6 Updated May 11.31 UT             3   0.04 24.4  4.492
ZTF10Di 100 2026 05 07.4  22.1412 -10.8409 22.9 Updated May 11.31 UT             4   0.02 27.4  4.507
S001563  73 2026 05 07.0  12.9946 -26.9486 21.5 Updated May 11.31 UT             3   0.03 17.9  4.822
P22mZLU  68 2026 05 06.3  11.8059 -16.2366 21.0 Updated May 11.60 UT            17   4.96 20.7  0.666
A11BRI6  51 2026 05 03.0  10.9431 -39.5027 18.8 Updated May 11.39 UT            55   7.13 19.8  1.757
C1EUYV5  35 2026 04 27.5  17.3112 +18.6098 21.7 Updated May 11.29 UT            30  13.80 12.6  0.630
