A11EJqb 100 2026 07 15.1   3.3141 -20.5597 18.8 Added July 15.63 UT              4   0.02 13.9  0.808
P12onSk  79 2026 07 15.5  22.3020 -32.1586 21.0 Added July 15.59 UT              3   0.04 17.9  0.414
P12onSi  74 2026 07 15.5  22.0082 -24.0079 20.8 Updated July 15.64 UT            6   0.09 18.4  0.362
P12onSj 100 2026 07 15.5  22.7653 -28.5441 21.0 Updated July 15.64 UT            6   0.08 18.9  0.363
ZTF10Ep 100 2026 07 15.3  23.6435 -17.4262 18.0 Added July 15.58 UT              4   0.04 26.9  0.580
P12onRT 100 2026 07 15.4  20.4254 -39.9580 19.8 Added July 15.57 UT              4   0.03 19.0  0.491
W2onRQ  100 2026 07 15.4  19.9322 -29.2094 19.7 Added July 15.55 UT              4   0.00 26.5  0.533
P12onRq 100 2026 07 15.4  19.8965 -21.7246 18.6 Updated July 15.86 UT            8   0.25 24.1  0.380
P12onRm  91 2026 07 15.4  19.6792 -24.4971 20.9 Updated July 15.63 UT            5   0.13 20.5  0.444
ST26G39  98 2026 07 15.2  18.2676 +29.2693 20.4 Updated July 15.91 UT           12   0.67 25.9  0.063
A11EGdu 100 2026 07 14.9  19.6847 -45.6900 19.2 Updated July 15.86 UT           12   3.36 25.1  0.290
XA9yiXA  10 2026 07 14.7  19.6415  -5.5315 20.0 Updated July 15.86 UT           42 2459.06 19.4  0.660
P12onNw  35 2026 07 14.3  17.5215  -1.7872 20.6 Updated July 15.87 UT           17   3.16 12.1  0.538
P12onNt 100 2026 07 14.4  19.9497 -32.0322 20.0 Updated July 15.59 UT            7   1.01 25.2  0.527
P12omkz 100 2026 07 14.4  20.5414 -34.4873 21.3 Updated July 15.56 UT           13   6.97 23.9  0.524
P12omkc  78 2026 07 14.4  19.6487 -37.9853 21.0 Added July 14.48 UT              4   0.02 18.3  1.520
P12o4vO 100 2026 07 11.6   9.8768 -10.1590 26.6 Updated July 15.23 UT            3   0.01 26.0  4.358
ZTF10El 100 2026 07 11.3   0.7733  -3.1040 23.0 Updated July 15.23 UT            4   0.02 27.8  4.619
ZTF10En 100 2026 07 11.4   9.9215 -25.9960 28.9 Updated July 15.23 UT            2   0.00 29.7  4.555
A11EvW0 100 2026 07 11.3  20.7005 -24.7294 20.1 Updated July 15.23 UT            4   0.02 24.7  4.682
ST26G26 100 2026 07 10.5  20.5015  +0.1785 22.6 Updated July 14.24 UT            4   0.01 27.1  5.491
TF26G22 100 2026 07 10.3   7.8066 -17.8505 29.6 Updated July 14.67 UT            2   0.00 28.9  5.653
ST26G18 100 2026 07 10.3   8.4421 +39.4628 30.6 Updated July 14.24 UT            4   0.02 26.1  5.627
ST26G17 100 2026 07 10.3   7.6320 -18.8471 29.4 Updated July 15.23 UT            2   0.00 28.8  5.669
P12o0YY  10 2026 07 09.5  20.6015 -19.7673 21.2 Updated July 15.59 UT           21 1277.70 20.4  0.853
A11EpSe  10 2026 07 08.2  19.6067 -29.0172 19.3 Updated July 15.60 UT           28   6.76 19.1  1.025
ST26G01  98 2026 07 07.2  22.0976 -62.4108 23.1 Updated July 15.23 UT           14   0.10 27.0  8.607
P22nJzF  35 2026 06 22.5  22.4330 +18.5922 21.4 Updated July 15.51 UT           24  30.89 14.1  0.518
