ST26G06  98 2026 07 08.3  20.4612  -1.6807 19.7 Updated July 8.43 UT            10   0.09 26.4  0.036
ST26G05  98 2026 07 08.3  20.7522  +5.3459 18.2 Updated July 8.42 UT            12   0.16 26.4  0.040
A11Eq8v 100 2026 07 07.9  19.7370 -55.3895 19.4 Added July 8.30 UT               6   0.07 24.2  0.468
A11EpSe  99 2026 07 08.2  19.6873 -30.2794 19.5 Added July 8.27 UT               4   0.04 18.6  0.239
W2nCdO   81 2026 07 07.4  19.0678 -24.0442 23.3 Updated July 8.05 UT            11  17.03 26.6  1.018
A11EpRZ 100 2026 07 07.9  19.7451 -57.2924 19.2 Updated July 8.07 UT             6   0.07 21.8  0.466
ST26G01  98 2026 07 07.2  18.2712 -36.7163 19.2 Updated July 7.36 UT            14   0.10 27.0  1.107
P12nTOm  73 2026 07 06.5  20.4646  -0.5935 21.7 Updated July 8.26 UT            19   1.72 20.0  0.207
P22nTNT  10 2026 07 06.5  18.3316 +18.4144 21.0 Updated July 8.33 UT            19   1.86 19.0  0.134
P22nTLB  28 2026 07 06.3  17.7417  +8.5868 22.2 Updated July 8.15 UT            15   1.83 19.6  0.319
8N8R001 100 2026 07 05.9   5.2551  -0.9285 29.0 Updated July 7.23 UT             3   0.01 29.9  2.542
A11EfSk  86 2026 07 05.0  20.7650 -39.5822 18.2 Updated July 8.14 UT            21   2.91 21.5  0.527
MAS0006  35 2026 06 19.3  18.3807 +23.8489 20.1 Updated July 8.29 UT           114  18.77  9.1  0.384
CEQCZT2 100 2026 06 27.4  22.4089  +2.9389 20.8 Updated July 7.41 UT            37   9.97 20.6  1.047
OMO0297  89 2026 06 25.8  23.5661  +3.6362 22.0 Updated July 7.23 UT             8   4.31 20.2  8.324
P22nJzF  99 2026 06 22.5  22.5578 +19.0861 21.5 Updated July 7.23 UT            22  12.00 14.0 11.910
