ST26E47 100 2026 05 12.4  15.2887 -13.8552 18.5 Updated May 12.72 UT             4   0.01 23.7  0.383
P22n55t  78 2026 05 12.4  15.0436 -13.4418 21.2 Updated May 12.69 UT             6   0.10 19.9  0.273
P22n52K 100 2026 05 12.4  15.2158 -11.4297 21.1 Updated May 12.69 UT             6   0.10 24.1  0.272
P22n4V7 100 2026 05 12.4  14.4183 -20.1252 21.6 Updated May 12.68 UT             5   0.10 20.2  0.323
P22n4V6 100 2026 05 12.4  14.0210 -22.8488 21.7 Updated May 12.68 UT             6   0.10 21.5  0.325
P22n4V9  95 2026 05 12.4  14.4061 -16.3615 21.8 Updated May 12.69 UT             8   0.10 23.1  0.321
P22n4V8 100 2026 05 12.4  14.3643 -16.5496 21.2 Updated May 12.68 UT             6   0.09 25.7  0.321
CEM28F2 100 2026 05 12.4  17.5265 +15.9178 21.1 Updated May 12.47 UT             9   0.06 25.2  0.354
P22n4PE 100 2026 05 12.3  13.6865  -8.1512 20.3 Updated May 12.78 UT             8   0.16 25.9  0.377
P22n4PD 100 2026 05 12.4  13.8080  -9.3109 20.8 Updated May 12.68 UT             5   0.08 27.2  0.376
P22n4PC  69 2026 05 12.4  13.9723 -14.7562 20.6 Updated May 12.68 UT             5   0.08 20.2  0.379
P22n4PB  96 2026 05 12.3  13.6495 -10.1455 21.1 Updated May 12.68 UT             8   0.10 23.1  0.377
C469Q01  98 2026 05 12.4  16.7101  -2.4081 18.6 Updated May 12.61 UT            15   0.20 26.6  0.215
CEM26R2  67 2026 05 12.4  16.6266 +15.5292 20.6 Updated May 12.65 UT            10   0.22 16.9  0.205
C469P61  98 2026 05 12.4  16.1662  -5.9494 19.2 Updated May 12.78 UT            14   0.34 29.1  0.101
CEM1YU2  98 2026 05 12.3  15.1321 +10.2214 20.7 Updated May 12.43 UT            12   0.10 28.1  0.391
CEM20F2  98 2026 05 12.3  14.8284 +17.2787 22.0 Updated May 12.43 UT            12   0.10 27.0  0.388
CEM1XD2  75 2026 05 12.3  14.5426 +17.7477 22.0 Updated May 12.41 UT            11   0.11 17.1  0.402
ST26E41  98 2026 05 12.3  15.1385 -14.0023 18.9 Updated May 12.40 UT            12   0.11 28.7  0.424
CEM1R02 100 2026 05 12.3  13.6425 +16.9081 21.7 Updated May 12.42 UT            12   0.14 21.2  0.397
ST26E39 100 2026 05 12.2  12.8479 -21.1897 19.5 Updated May 12.26 UT            10   0.07 23.5  0.553
6EB3121 100 2026 05 12.0  10.3116 -10.3547 19.9 Updated May 12.18 UT             9   0.19 23.7  0.651
SO0005e 100 2026 05 11.7  22.1578 -16.2097 21.5 Added May 12.10 UT               3   0.00 28.8  1.105
SO0005d 100 2026 05 11.7  18.1623 -29.4379 19.5 Added May 12.10 UT               4   0.00 27.8  1.104
SO0005c 100 2026 05 11.7  20.4246 -36.5187 20.5 Added May 12.05 UT               3   0.00 28.5  1.158
SO0005b 100 2026 05 11.6  22.2423 -15.5500 19.7 Added May 12.04 UT               3   0.00 26.6  1.168
C469HY1  91 2026 05 11.4  18.7364 +35.2151 19.2 Updated May 12.67 UT            40   0.92 25.8  0.499
CELXZH2 100 2026 05 11.3  14.7862 +24.1062 22.7 Added May 11.37 UT               3   0.01 22.0  1.468
ST26E34 100 2026 05 10.5  14.8697 +18.0567 23.0 Updated May 12.32 UT             2   0.00 28.1  2.355
6E94521  84 2026 05 10.4  19.4760 -59.5382 19.5 Updated May 12.49 UT            28   2.04 19.0  0.413
XA9ttXA  77 2026 05 08.8  15.0983  +1.8892 22.5 Updated May 12.19 UT            16   3.41 21.8  0.647
ST26E18 100 2026 05 09.4  15.5004 -14.5362 23.3 Updated May 11.31 UT             4   0.00 30.1  3.450
CELRZD2 100 2026 05 09.2  12.4605 +36.3814 22.3 Updated May 12.32 UT             8   0.10 22.7  3.468
ZTF10Dl 100 2026 05 08.3  18.9435 -15.5218 21.5 Updated May 12.32 UT             4   0.03 26.9  4.447
ST26E14 100 2026 05 08.4  13.3405  -3.1122 18.2 Updated May 12.32 UT             2   0.00 19.8  4.391
P22n0vC  10 2026 05 08.3  14.7778  +9.6218 22.3 Updated May 12.45 UT            31   4.10 19.9  0.386
P22n0fQ  97 2026 05 07.4  15.0770 +10.0692 22.7 Updated May 11.31 UT             3   0.04 24.4  5.408
S001563  73 2026 05 07.0  12.9927 -26.9906 21.6 Updated May 12.31 UT             3   0.03 18.9  5.739
P22mZLU  71 2026 05 06.3  11.8421 -15.4913 21.0 Updated May 12.70 UT            19   5.55 20.7  0.991
A11BRI6  35 2026 05 03.0  11.1192 -39.0137 19.0 Updated May 12.68 UT            76   9.17 19.9  0.633
C1EUYV5  35 2026 04 27.5  17.2989 +18.6609 21.8 Updated May 12.54 UT            33  15.04 12.7  0.308
