SJA1250 100 2026 05 24.9  16.9347 +61.7961 20.3 Added May 25.42 UT               3   0.03 17.5  0.482
C1F2X35  93 2026 05 25.4  16.3623  +2.2367 22.1 Added May 25.40 UT               4   0.02 22.9  0.058
C1F2HL5 100 2026 05 25.4  16.2736 -11.3453 22.4 Updated May 25.43 UT             8   0.07 25.5  0.025
C1F2HK5 100 2026 05 25.4  16.2191 -11.0727 21.8 Updated May 25.43 UT             8   0.07 22.8  0.028
C1F1TD5 100 2026 05 25.3  15.5047  +4.8641 22.1 Added May 25.33 UT               4   0.02 27.4  0.124
C03UYWZ 100 2026 05 23.4  16.7602 +10.0321 22.9 Added May 25.30 UT               4   0.02 25.5  1.986
6EO3221 100 2026 05 25.0  11.2171 -40.6582 17.4 Updated May 25.37 UT            22   0.35 23.5  0.110
A11CUyv  96 2026 05 24.1  17.6063 -57.6519 19.0 Updated May 25.44 UT            10   1.27 18.7  0.037
A11CUyu  96 2026 05 24.4  18.6127  +7.5078 18.3 Updated May 25.34 UT            40   0.88 20.3  0.119
P12nfw2 100 2026 05 24.6  21.0121  -4.0903 21.1 Added May 24.67 UT               3   0.02 22.3  0.840
NAOCLYL  85 2026 05 23.8  15.8967 -20.3809 21.6 Added May 24.59 UT               4   0.10 21.5  1.596
A11CQzo 100 2026 05 24.4  20.2169 -19.1626 18.6 Added May 24.51 UT               5   0.05 29.9  1.018
P12nfqd 100 2026 05 24.4  15.9491 -23.0637 20.5 Updated May 25.14 UT             7   0.71 21.4  0.329
oKr0080 100 2026 05 23.9  23.4845 +18.5245 20.2 Added May 24.47 UT               3   0.00 15.5  1.562
C1F1535  87 2026 05 24.4  16.7573  +6.2558 22.5 Updated May 25.30 UT            11   0.87 23.3  0.167
C1F0TQ5  89 2026 05 24.4  15.9085  -7.1691 21.7 Updated May 25.39 UT            15   2.93 24.3  0.187
C1F0EU5  87 2026 05 24.3  15.4303 -10.0889 22.1 Updated May 24.39 UT             8   0.07 14.8  1.062
C1F0295  90 2026 05 24.3  15.3336  -7.2810 22.1 Updated May 25.21 UT            17   0.88 22.2  0.255
6EN3D21 100 2026 05 24.2  16.6118 -79.2724 18.9 Updated May 25.35 UT             3   0.01 21.1  1.217
C1EYPU5 100 2026 05 23.4  15.8473  +3.2009 22.9 Updated May 25.26 UT            11   1.87 24.2  0.203
C1EYPT5  77 2026 05 23.4  15.8072  +0.6953 21.9 Updated May 25.24 UT            25   1.85 24.2  0.224
C1EYD55  69 2026 05 23.3  15.7711 -13.3244 22.1 Updated May 25.35 UT            12   0.95 20.1  1.173
NAOCBPP  99 2026 05 20.7  14.8884 -20.3271 22.2 Updated May 25.35 UT             4   0.13 22.4  4.602
C46CD31 100 2026 05 21.4   1.4649  -3.1165 27.1 Updated May 25.35 UT             7   0.05 28.6  4.010
ST26ED1  98 2026 05 21.2   1.6892 -14.6920 27.6 Updated May 25.35 UT            20   0.16 30.2  4.068
TF26EE0 100 2026 05 20.5  16.3558  +8.8084 24.6 Updated May 24.34 UT             4   0.02 28.8  4.969
ST26EC8  98 2026 05 20.4  21.5641 -30.8614 22.9 Updated May 25.35 UT             6   0.14 28.6  5.015
ST26EC7  98 2026 05 20.4   2.4670  -8.4036 30.0 Updated May 25.35 UT             6   0.11 30.3  5.022
ST26EC5 100 2026 05 20.3  15.2137 -18.7650 20.8 Updated May 25.35 UT             4   0.03 24.6  5.114
P12nfaz  43 2026 05 20.3  13.2217 -27.6711 21.9 Updated May 24.34 UT            12   2.87 18.3  2.260
NAOCAN7 100 2026 05 17.7  15.2820 -21.8885 21.0 Updated May 24.34 UT             4   0.10 19.9  7.600
KPMa1Ih  87 2026 05 18.1  11.1247 -27.9129 23.4 Updated May 24.34 UT             5   0.01 20.8  7.350
CEMVK32  53 2026 05 17.4  16.5054  +8.5733 21.7 Updated May 24.42 UT            50  11.97 20.1  1.048
P12neKs  35 2026 05 14.6  18.0326 +57.0066 19.9 Updated May 25.03 UT           167  10.45 15.1  0.432
