P22n4ou  91 2026 05 09.4  14.7362  +7.5694 21.0 Added May 9.81 UT                4   0.03 20.3  0.629
ZTF10Dn 100 2026 05 09.3  16.0105 -11.3196 17.8 Added May 9.51 UT                4   0.04 26.9  0.687
XA9ttXA  96 2026 05 08.8  15.1557  +1.7592 21.4 Added May 9.48 UT                3   0.03 19.7  1.231
ST26E18 100 2026 05 09.4  15.4171 -13.9107 19.9 Added May 9.37 UT                4   0.00 28.7  0.657
CELT2A2 100 2026 05 09.3  13.7338 +36.0008 20.9 Updated May 9.39 UT              8   0.10 20.0  0.642
CELT0C2 100 2026 05 09.2  12.9904 +38.7992 21.0 Updated May 9.37 UT              8   0.10 21.3  0.666
CELRZD2 100 2026 05 09.2  12.6381 +34.6132 21.6 Updated May 9.36 UT              8   0.10 22.8  0.675
TF26E23 100 2026 05 09.2  13.1420  -5.0623 16.6 Added May 9.23 UT                2   0.00 17.7  0.806
gb00845  79 2026 05 08.8  13.0592  -6.6930 20.0 Updated May 10.02 UT            40   1.18 23.9  0.039
P22n0x5  74 2026 05 08.5  15.2418 -16.2162 20.1 Updated May 9.99 UT             27   1.60 30.0  0.039
P22n0w4  74 2026 05 08.4  15.3518  +2.6430 20.1 Updated May 10.00 UT            29   1.62 23.8  0.035
ZTF10Dl 100 2026 05 08.3  18.1059 -15.3112 19.5 Added May 8.49 UT                4   0.03 27.0  1.654
CELR3G2  98 2026 05 08.5  17.0310  -5.2683 21.9 Updated May 9.45 UT             15   0.97 29.0  0.591
ST26E14 100 2026 05 08.4  13.4049  -3.7947 18.0 Added May 8.45 UT                2   0.00 16.2  1.598
P22n0vC  36 2026 05 08.3  14.8467 +10.0293 22.2 Updated May 9.29 UT             19   0.95 19.7  0.738
CELLEH2  96 2026 05 08.3  15.7939 -15.4079 22.2 Updated May 9.38 UT             12   1.03 32.6  0.698
CELHF72  87 2026 05 08.3  14.9618 -10.4751 21.3 Updated May 9.34 UT             22   1.00 24.7  0.722
P22n0gv  96 2026 05 07.6  17.2446 +48.3285 21.1 Updated May 9.45 UT             22   1.84 21.3  0.584
P22n0fQ  97 2026 05 07.4  15.0939  +9.8197 22.1 Updated May 9.34 UT              3   0.04 24.3  2.615
ZTF10Di 100 2026 05 07.4  21.7488 -11.9987 21.5 Updated May 9.34 UT              4   0.02 27.4  2.630
S001563  73 2026 05 07.0  13.0047 -26.8528 21.4 Updated May 9.33 UT              3   0.03 17.7  2.946
P22mZLU  93 2026 05 06.3  11.7339 -17.7630 20.9 Updated May 10.01 UT            10   1.71 20.6  2.042
A11BX2S 100 2026 05 05.2  19.1261  +1.7115 20.0 Updated May 9.33 UT              2   0.01 24.8  4.792
A11BRI6  53 2026 05 03.0  10.5115 -40.4357 18.7 Updated May 8.52 UT             50   5.00 19.9  2.006
ZTF10Df  98 2026 05 02.2  10.4147  +1.4525 23.3 Updated May 9.33 UT              9   0.68 26.6  7.179
C1EUYV5  93 2026 04 27.5  17.3362 +18.5018 21.7 Updated May 9.32 UT             18  11.83 12.6  0.722
