C1EYRR5 100 2026 05 23.4  15.8603  +3.1019 22.6 Updated May 23.48 UT            10   0.09 25.3  0.194
C1EYQL5 100 2026 05 23.4  15.9070  +1.8681 22.2 Updated May 23.48 UT             7   0.09 24.2  0.191
C1EYPU5  97 2026 05 23.4  15.8165  +2.8980 22.9 Updated May 23.49 UT             6   0.07 22.4  0.209
C1EYPT5 100 2026 05 23.4  15.8346  +2.7693 21.7 Updated May 23.46 UT            12   0.08 24.1  0.198
C46CN51 100 2026 05 23.4  17.3185 +23.2029 19.5 Updated May 23.46 UT            12   0.07 24.4  0.199
C1EYD55  66 2026 05 23.3  15.8246 -12.9047 22.1 Updated May 23.41 UT            10   0.06 19.4  0.269
C1EXH55 100 2026 05 23.3  13.9575  +4.8976 22.3 Updated May 23.37 UT            10   0.08 23.3  0.297
CENZ0T2  98 2026 05 23.3  15.9767 +59.6174 21.0 Updated May 23.37 UT            12   0.11 26.1  0.291
6EM3521 100 2026 05 23.1  13.2002 -13.0125 20.4 Updated May 23.51 UT            11   0.45 22.7  0.153
SO0006A 100 2026 05 22.7  22.4063 -36.7390 19.5 Added May 22.70 UT               4   0.01 23.9  0.972
NAOCBPP  99 2026 05 20.7  14.8625 -19.1738 22.1 Updated May 22.70 UT             4   0.13 22.4  2.809
8N2S001  91 2026 05 22.0  17.5963 +11.0334 19.4 Updated May 23.42 UT            21   1.38 22.7  0.238
CZYNHKZ 100 2026 05 14.4  16.3768  +2.3638 21.7 Updated May 23.35 UT             4   0.02 22.7  9.273
C46CD31 100 2026 05 21.4   0.9668  -3.7478 25.2 Updated May 23.35 UT             7   0.05 28.6  2.217
ST26ED1  98 2026 05 21.2   1.4735 -15.4698 26.0 Updated May 23.35 UT            20   0.16 30.2  2.275
TF26EE0 100 2026 05 20.5  16.3818  +8.8158 23.7 Updated May 22.38 UT             4   0.02 28.7  3.176
ST26EC8  98 2026 05 20.4  20.4986 -29.0780 21.6 Updated May 23.35 UT             6   0.14 28.6  3.222
ST26EC7  98 2026 05 20.4   2.4151  -8.4007 29.1 Updated May 23.35 UT             6   0.11 30.3  3.228
ST26EC5 100 2026 05 20.3  15.5857 -16.5056 19.9 Updated May 22.38 UT             4   0.03 24.9  3.321
P12nffX  10 2026 05 20.5  16.3476 -20.9737 21.7 Updated May 22.44 UT            15   7.94 19.3  1.263
P12nfaz  38 2026 05 20.3  13.2350 -28.0098 22.0 Updated May 23.25 UT            12   2.87 18.4  0.467
NAOCAN7 100 2026 05 17.7  15.2782 -21.8365 20.8 Updated May 22.38 UT             4   0.10 19.7  5.807
KPMa1Ih  87 2026 05 18.1  11.1238 -27.1473 23.3 Updated May 22.38 UT             5   0.01 20.8  5.556
CEMVK32  55 2026 05 17.4  16.6362  +9.4319 21.6 Updated May 23.35 UT            47   9.02 20.1  2.201
P12neKs  35 2026 05 14.6  18.0928 +57.2413 20.0 Updated May 23.50 UT           149   8.88 15.1  0.207
