TF26EE0 100 2026 05 20.5  16.6149  +8.4072 20.2 Updated May 20.74 UT             4   0.02 28.7  0.341
TF26ED8 100 2026 05 20.5  16.4548  +2.1589 18.2 Added May 20.66 UT               2   0.00 24.3  0.361
ST26EC8 100 2026 05 20.4  16.0314  -0.6042 18.6 Updated May 20.66 UT             4   0.02 27.1  0.388
ST26EC7 100 2026 05 20.4  21.8516  -0.3973 17.6 Updated May 20.60 UT             4   0.01 29.5  0.394
ST26EC5 100 2026 05 20.3  17.2216  -4.5279 19.0 Updated May 20.59 UT             4   0.03 24.6  0.486
P12nfgD  86 2026 05 20.4  15.9988  -7.2192 21.6 Updated May 20.69 UT             6   0.14 20.1  0.249
P12nffX  10 2026 05 20.5  16.3984 -20.7059 21.7 Updated May 20.69 UT             5   0.08 14.9  0.252
P12nfdO  94 2026 05 20.5  16.2645 -22.9131 21.6 Updated May 20.69 UT             5   0.09 28.9  0.253
P12nffV  69 2026 05 20.5  16.5083 -19.4461 20.6 Updated May 20.70 UT             6   0.09 18.0  0.251
P12nfdQ  98 2026 05 20.4  15.6133 -15.6656 19.7 Updated May 20.69 UT             5   0.12 27.9  0.255
P22nfcp 100 2026 05 20.4  16.9439  +3.8197 21.1 Updated May 20.70 UT             7   0.16 22.2  0.245
P22nfcS  83 2026 05 20.4  16.9178  +2.1989 20.6 Updated May 20.70 UT             7   0.16 17.4  0.245
P12nfck  98 2026 05 20.4  14.2895 -25.0734 19.1 Updated May 20.69 UT             6   0.11 26.1  0.334
P12nfaz  80 2026 05 20.3  13.2590 -28.5456 21.9 Updated May 20.70 UT             5   0.13 14.5  0.371
P22nfat  74 2026 05 20.4  16.2093 +21.3452 21.8 Updated May 20.69 UT             5   0.22 14.4  0.243
P22nfad 100 2026 05 20.4  16.9629 +19.9725 21.0 Updated May 20.69 UT             5   0.22 25.5  0.240
CEN5QX2  91 2026 05 19.4  16.2116 -14.8531 20.6 Updated May 20.52 UT            21   1.02 25.4  0.407
A11CGDH 100 2026 05 19.2  16.4084 -71.6093 19.0 Updated May 20.02 UT             7   0.76 22.0  0.843
A11CGDI  86 2026 05 19.2  17.2474 -44.4348 18.7 Updated May 20.63 UT            24   1.40 21.4  0.239
NAOCAN7 100 2026 05 17.7  15.2751 -21.7605 20.7 Updated May 20.34 UT             4   0.10 20.1  2.972
KPMa1Ih  87 2026 05 18.1  11.1284 -25.8476 23.2 Updated May 20.34 UT             5   0.01 20.8  2.722
A11CDyX  71 2026 05 18.0  10.9213 -31.6920 19.6 Updated May 20.78 UT            22   2.72 20.6  0.054
CEMVK32  35 2026 05 17.4  16.8569 +10.7970 21.6 Updated May 20.52 UT            41   7.48 20.1  0.911
A11Cvk7 100 2026 05 16.9  13.1098 -70.6812 19.9 Updated May 20.34 UT             4   0.03 22.4  3.895
CEMRK82  84 2026 05 16.5  21.6377 -10.5783 21.5 Updated May 20.34 UT             3   0.01 17.4  4.359
A11Cswo 100 2026 05 16.0  17.0531 -22.8653 18.5 Updated May 20.62 UT             6   0.92 16.3  3.922
ST26E75  98 2026 05 15.2   2.5339 -20.5877 27.8 Updated May 20.34 UT             7   0.09 28.6  5.504
P12neKs  35 2026 05 14.6  18.1853 +57.5547 20.0 Updated May 20.37 UT           101   5.47 15.2  0.778
CEMAUH2 100 2026 05 14.4  15.7822 -19.0652 21.1 Updated May 20.34 UT             6   0.07 23.9  6.381
