A11CWPA 100 2026 05 26.4  16.5661 -28.6403 16.4 Added May 26.81 UT               6   0.05 31.4  0.406
A11CWPw 100 2026 05 26.6  21.4229 -20.2674 18.0 Added May 26.81 UT               4   0.02 28.7  0.247
P12nfxy 100 2026 05 26.6  17.5490  +5.1381 20.6 Added May 26.63 UT               3   0.02 22.7  0.225
CEP5WY2 100 2026 05 26.4  18.9706 +40.7278 21.0 Updated May 26.48 UT             7   0.03 21.3  0.352
C1F41L5 100 2026 05 26.4  15.9499  +9.4085 19.8 Updated May 26.44 UT             8   0.05 23.7  0.392
CEP5WU2 100 2026 05 26.4  17.6116 +49.5204 21.2 Updated May 26.44 UT            10   0.06 26.1  0.393
C1F4195 100 2026 05 26.4  16.1149  +8.1438 22.2 Updated May 26.45 UT             7   0.07 27.6  0.374
C1F4075 100 2026 05 26.4  16.0488 +27.3037 22.3 Updated May 26.48 UT             8   0.11 24.9  0.352
P12nfxd  96 2026 05 25.6  17.8241 +16.5402 21.9 Updated May 26.45 UT            14   2.00 22.6  0.389
C1F32J5 100 2026 05 25.4  17.1983 +14.2053 22.0 Updated May 26.31 UT             7   0.85 23.5  0.526
C1F3245  43 2026 05 25.4  17.0057 +10.5749 22.6 Updated May 26.78 UT            11   1.00 20.2  0.378
SJA1250 100 2026 05 24.9  16.8447 +61.2582 20.3 Added May 25.42 UT               3   0.03 17.5  1.857
C1F2HL5 100 2026 05 25.4  16.4457 -11.7149 22.4 Updated May 25.43 UT             8   0.07 25.5  1.400
C1F1TD5 100 2026 05 25.3  15.7741  +4.6734 23.9 Updated May 26.35 UT             4   0.02 33.6  1.499
C03UYWZ 100 2026 05 23.4  16.7377 +12.9328 22.4 Updated May 26.16 UT             7   2.00 23.1  1.383
A11CUyv  94 2026 05 24.1  17.5734 -56.3755 19.2 Updated May 26.35 UT            17   1.97 19.1  0.714
P12nfw2 100 2026 05 24.6  21.0831  -3.5567 21.7 Updated May 26.34 UT             8   1.73 20.3  0.505
NAOCLYL  85 2026 05 23.8  15.9028 -19.0476 21.7 Updated May 26.35 UT             4   0.10 21.7  2.971
A11CQzo 100 2026 05 24.4  21.7436 -17.4719 20.6 Updated May 26.35 UT             5   0.05 29.8  2.393
oKr0080 100 2026 05 23.9  23.4903 +18.5608 20.2 Updated May 26.34 UT             3   0.00 17.1  2.937
C1F1535  97 2026 05 24.4  16.7579  +6.6401 22.4 Updated May 26.35 UT            11   0.87 23.3  1.542
C1F0EU5  80 2026 05 24.3  15.4030 -10.0892 22.0 Updated May 26.33 UT            13   1.97 20.0  0.539
C1F0295  80 2026 05 24.3  15.3077  -7.0016 22.1 Updated May 26.10 UT            20   1.78 22.2  0.736
6EN3D21 100 2026 05 24.2  16.4002 -79.9987 18.6 Updated May 25.35 UT             3   0.01 21.1  2.592
C1EYPU5 100 2026 05 23.4  15.8708  +3.4049 22.8 Updated May 26.35 UT            11   1.87 24.1  1.578
NAOCBPP  99 2026 05 20.7  14.9090 -21.1786 22.3 Updated May 25.35 UT             4   0.13 22.4  5.977
ST26EC8  98 2026 05 20.4  21.9755 -31.0210 23.5 Updated May 25.35 UT             6   0.14 28.6  6.390
P12nfaz  43 2026 05 20.3  13.2128 -27.4122 22.0 Updated May 26.35 UT            12   2.87 18.3  3.635
NAOCAN7 100 2026 05 17.7  15.2869 -21.9279 21.0 Updated May 26.35 UT             4   0.10 19.7  8.975
KPMa1Ih  87 2026 05 18.1  11.1271 -28.5560 23.5 Updated May 26.35 UT             5   0.01 20.9  8.725
CEMVK32  53 2026 05 17.4  16.4099  +7.9211 21.7 Updated May 26.27 UT            52  11.97 20.1  2.423
P12neKs  35 2026 05 14.6  17.9857 +56.8068 19.9 Updated May 26.66 UT           176  11.53 15.1  0.725
