TF26EE0 100 2026 05 20.5  16.5707  +8.4936 20.6 Updated May 20.74 UT             4   0.02 28.7  0.466
TF26ED8 100 2026 05 20.5  16.5164  +1.6889 18.2 Added May 20.66 UT               2   0.00 24.3  0.486
ST26EC8 100 2026 05 20.4  16.2608  -2.6922 18.5 Updated May 20.66 UT             4   0.02 27.1  0.513
ST26EC7 100 2026 05 20.4   0.6750  -6.3282 21.3 Updated May 20.60 UT             4   0.01 29.5  0.519
ST26EC5 100 2026 05 20.3  17.0889  -5.5878 19.0 Updated May 20.59 UT             4   0.03 24.6  0.611
P12nfgD  86 2026 05 20.4  15.9955  -7.2428 21.6 Updated May 20.69 UT             6   0.14 20.1  0.374
P12nffX  10 2026 05 20.5  16.3961 -20.7175 21.7 Updated May 20.69 UT             5   0.08 14.9  0.377
P12nfdO  94 2026 05 20.5  16.2640 -22.9942 21.7 Updated May 20.69 UT             5   0.09 28.9  0.378
P12nffV  69 2026 05 20.5  16.5076 -19.3937 20.6 Updated May 20.70 UT             6   0.09 18.0  0.376
P12nfdQ  98 2026 05 20.4  15.5533 -15.3176 19.7 Updated May 20.94 UT            10   0.49 28.1  0.017
P22nfcp 100 2026 05 20.4  16.9482  +4.0001 21.1 Updated May 20.70 UT             7   0.16 22.2  0.370
P22nfcS  83 2026 05 20.4  16.9165  +2.1692 20.6 Updated May 20.70 UT             7   0.16 17.4  0.370
P12nfck  98 2026 05 20.4  14.3438 -24.2879 19.1 Updated May 20.69 UT             6   0.11 26.1  0.459
P12nfaz  80 2026 05 20.3  13.2578 -28.5219 21.9 Updated May 20.70 UT             5   0.13 14.5  0.496
P22nfat  74 2026 05 20.4  16.2070 +21.3600 21.8 Updated May 20.69 UT             5   0.22 14.4  0.368
P22nfad 100 2026 05 20.4  16.9595 +19.7297 20.6 Updated May 20.87 UT             8   0.50 25.4  0.086
CEN5QX2  76 2026 05 19.4  16.2253 -14.8026 20.5 Updated May 20.94 UT            23   1.54 25.4  0.014
A11CGDH 100 2026 05 19.2  16.4260 -71.5099 18.8 Updated May 20.82 UT            10   1.57 21.9  0.158
A11CGDI  86 2026 05 19.2  17.2637 -44.2647 18.7 Updated May 20.63 UT            24   1.40 21.4  0.364
NAOCAN7 100 2026 05 17.7  15.2752 -21.7638 20.7 Updated May 20.34 UT             4   0.10 20.1  3.097
KPMa1Ih  87 2026 05 18.1  11.1280 -25.9065 23.2 Updated May 20.34 UT             5   0.01 20.8  2.847
A11CDyX  81 2026 05 18.0  10.9289 -31.5958 19.6 Updated May 20.78 UT            22   2.72 20.6  0.179
CEMVK32  55 2026 05 17.4  16.8469 +10.7369 21.6 Updated May 20.52 UT            41   7.48 20.1  1.036
ST26E75  98 2026 05 15.2   2.5347 -20.5094 27.9 Updated May 20.34 UT             7   0.09 28.6  5.629
P12neKs  35 2026 05 14.6  18.1813 +57.5423 20.0 Updated May 20.86 UT           103   6.28 15.2  0.097
