CEMK452  91 2026 05 16.3  14.2772  -4.7173 21.4 Added May 16.30 UT               4   0.02 21.6  0.025
ST26E96 100 2026 05 16.3  15.5629 +11.5031 19.6 Added May 16.29 UT               2   0.00 17.5  0.048
ST26E93 100 2026 05 16.2  15.0671 +10.8613 19.7 Updated May 16.31 UT             8   0.06 27.2  0.010
ST26E89  98 2026 05 16.2  13.8600 +10.3685 19.3 Updated May 16.31 UT            10   0.10 28.5  0.012
CEMEEG2 100 2026 05 16.2  12.3808  -6.9450 21.0 Updated May 16.29 UT            12   0.06 24.5  0.034
A11Cswo 100 2026 05 16.0  17.3002 -23.8034 18.9 Added May 16.13 UT               4   0.02 20.7  0.318
ZTF10Du 100 2026 05 15.3  15.6402 -30.5582 17.5 Added May 15.45 UT               4   0.03 26.1  1.021
ST26E84  98 2026 05 15.4  14.9408 +10.7798 20.1 Updated May 16.23 UT             6   0.47 26.4  0.430
ST26E76  86 2026 05 15.2  14.3831  +7.6909 21.7 Updated May 16.22 UT            17   0.93 30.7  0.153
ST26E75 100 2026 05 15.2  14.8033 -16.4832 18.2 Updated May 15.38 UT             4   0.01 25.6  1.083
6EE3C21  91 2026 05 15.2  15.7527 -20.4827 19.2 Updated May 16.23 UT            20   0.98 25.9  0.146
A11Cr0m  86 2026 05 15.0  16.0452 -50.9605 17.8 Updated May 16.31 UT            19   1.17 20.0  0.172
P12neKJ  83 2026 05 14.3  13.0093 -23.3785 20.8 Updated May 16.28 UT            17   1.94 20.2  0.040
P12neKs  43 2026 05 14.6  18.3235 +57.9181 20.3 Updated May 16.31 UT            30   1.68 15.4  0.067
P12nc1c  96 2026 05 14.5  16.7748  -6.3338 21.7 Updated May 15.38 UT            21   0.90 20.1  0.938
RFD0300 100 2026 05 13.0   0.1813 -31.0583 25.6 Added May 14.52 UT               2   0.00 29.5  3.289
CEMAUH2 100 2026 05 14.4  16.2963  -3.0774 21.3 Updated May 14.46 UT             6   0.07 24.0  1.877
ST26E61 100 2026 05 14.3  16.5616  +0.5937 22.5 Updated May 14.37 UT             6   0.05 28.7  1.953
ST26E57  98 2026 05 14.3  17.0496 -13.8847 19.7 Updated May 15.95 UT            15   1.67 28.0  0.375
MZ26075 100 2026 05 13.8  17.3198  +9.8695 20.3 Updated May 15.33 UT             3   0.01 25.5  2.497
A11CmCW 100 2026 05 13.3   5.9764 -72.6058 20.1 Updated May 15.33 UT             4   0.02 25.5  2.945
A11CmCS 100 2026 05 13.3  16.9732 -33.6819 19.9 Updated May 15.33 UT             4   0.04 25.5  3.003
OCA1642  84 2026 05 13.1  13.7339 -31.2839 19.4 Updated May 15.33 UT             3   0.02 13.1  3.191
CEM26R2  10 2026 05 12.4  16.5628 +15.3474 20.9 Updated May 16.25 UT            29   4.64 17.3  0.136
CEM1XD2  16 2026 05 12.3  14.4693 +17.2554 22.2 Updated May 15.17 UT            22   7.84 19.2  1.159
SO0005e 100 2026 05 11.7   0.1886  +6.5188 27.4 Updated May 14.35 UT             3   0.00 28.9  4.608
SO0005d 100 2026 05 11.7  19.2011 -24.0471 22.5 Updated May 14.34 UT             4   0.00 28.2  4.606
SO0005c 100 2026 05 11.7  22.8299 -28.7535 24.3 Updated May 14.34 UT             3   0.00 28.6  4.660
SO0005b 100 2026 05 11.6  23.0236  -7.6934 23.1 Updated May 14.34 UT             3   0.00 26.6  4.671
CELXZH2 100 2026 05 11.3  14.7176 +24.4565 22.1 Updated May 14.35 UT             3   0.01 25.0  4.971
S001563  73 2026 05 07.0  12.9780 -27.1606 21.6 Updated May 14.34 UT             3   0.03 17.5  9.242
C1EUYV5  35 2026 04 27.5  17.2508 +18.8442 21.9 Updated May 15.51 UT            36 299.14 12.8  0.888
