6EE3C21  98 2026 05 15.2  15.4709 -23.9803 18.8 Updated May 15.30 UT             6   0.09 24.6  0.030
A11Cr0m 100 2026 05 15.0  15.9826 -52.8645 17.9 Updated May 15.25 UT            12   0.18 19.9  0.155
P12neKJ 100 2026 05 14.3  13.0217 -23.4626 20.9 Updated May 15.22 UT            10   0.88 20.3  0.105
P12neKs  97 2026 05 14.6  18.3526 +57.9780 20.4 Updated May 15.26 UT            10   0.48 15.2  0.266
P12nc1d 100 2026 05 14.5  16.9153  -5.2384 21.4 Updated May 15.28 UT            10   0.67 19.1  0.165
P12nc1c  96 2026 05 14.5  16.8012  -6.6316 21.7 Updated May 15.29 UT            14   0.76 20.1  0.070
RFD0300 100 2026 05 13.0  23.7998 -34.2882 24.5 Added May 14.52 UT               2   0.00 29.5  2.289
CEMAUH2 100 2026 05 14.4  16.4321  +1.3839 21.3 Updated May 14.46 UT             6   0.07 24.0  0.877
CEMAY32  86 2026 05 14.4  16.6006  +2.7083 20.4 Updated May 15.29 UT            25   0.89 23.9  0.034
ST26E61 100 2026 05 14.3  16.3721  +0.3507 21.4 Updated May 14.37 UT             6   0.05 28.7  0.953
ST26E57 100 2026 05 14.3  15.8888  -8.0229 19.1 Updated May 14.33 UT             8   0.05 27.0  0.992
CEM7YT2  91 2026 05 14.3  13.2472  -0.1119 20.0 Updated May 15.19 UT            31   0.92 22.0  0.133
ST26E52  86 2026 05 14.2  13.5647 +16.2280 20.3 Updated May 15.18 UT            27   0.92 26.1  0.148
MZ26075 100 2026 05 13.8  17.0157  +3.9771 19.7 Added May 14.13 UT               3   0.01 25.1  1.497
A11CmCW 100 2026 05 13.3   5.3764 -75.8348 19.6 Added May 13.75 UT               4   0.02 24.5  1.945
A11CmCS 100 2026 05 13.3  16.7644 -36.0013 19.4 Added May 13.75 UT               4   0.04 25.4  2.003
OCA1642  84 2026 05 13.1  13.7502 -31.2191 19.4 Added May 13.56 UT               3   0.02 13.4  2.191
A11Cmv6  84 2026 05 13.0   8.4716 -50.1578 19.0 Updated May 15.23 UT            19   2.04 19.1  0.228
CEM26R2  18 2026 05 12.4  16.5815 +15.4073 20.6 Updated May 14.25 UT            21   2.69 17.0  1.080
CEM1XD2  11 2026 05 12.3  14.4899 +17.4046 22.2 Updated May 15.17 UT            22   7.84 19.2  0.159
SO0005e 100 2026 05 11.7   0.1299  +5.8607 26.8 Updated May 14.35 UT             3   0.00 28.9  3.608
SO0005d 100 2026 05 11.7  19.0984 -24.6975 22.0 Updated May 14.34 UT             4   0.00 28.2  3.606
SO0005c 100 2026 05 11.7  22.6405 -29.8104 23.7 Updated May 14.34 UT             3   0.00 28.6  3.660
SO0005b 100 2026 05 11.6  22.9482  -8.4822 22.6 Updated May 14.34 UT             3   0.00 26.6  3.671
CELXZH2 100 2026 05 11.3  14.7411 +24.3780 22.2 Updated May 14.35 UT             3   0.01 25.0  3.971
6E94521  10 2026 05 10.4  19.7349 -65.3891 19.5 Updated May 15.20 UT            47   4.82 19.0  0.132
S001563  73 2026 05 07.0  12.9810 -27.1147 21.6 Updated May 14.34 UT             3   0.03 17.5  8.242
C1EUYV5  35 2026 04 27.5  17.2646 +18.7938 21.9 Updated May 14.43 UT            36 297.21 12.8  1.821
