A11CDyX 100 2026 05 18.0  10.7917 -33.3402 19.6 Added May 18.22 UT               4   0.02 21.1  0.504
P22nf7J 100 2026 05 17.6  16.3967 +33.3613 21.0 Updated May 18.37 UT             9  20.57 23.1  0.591
P22nf7G 100 2026 05 17.6  16.2092 +34.9766 22.1 Added May 17.77 UT               4   0.04 22.8  0.966
P22nf3F  32 2026 05 17.5  17.5993 +37.0329 21.4 Updated May 18.35 UT            12   0.81 19.0  0.270
CEMVK32 100 2026 05 17.4  17.0440 +11.8753 21.6 Updated May 18.33 UT            30   5.77 20.2  0.365
A11Cvk7 100 2026 05 16.9  13.6704 -72.4580 19.6 Updated May 18.37 UT             4   0.03 22.7  1.642
CEMRK82  84 2026 05 16.5  21.5740 -10.1187 21.5 Updated May 18.37 UT             3   0.01 17.3  2.107
A11Cswo 100 2026 05 16.0  17.1831 -23.3231 18.5 Updated May 18.37 UT             4   0.02 20.9  2.569
ZTF10Du 100 2026 05 15.3  16.9044 -36.4753 19.6 Updated May 18.37 UT             4   0.03 26.4  3.273
ST26E84  98 2026 05 15.4  15.4341 +10.7064 20.7 Updated May 18.37 UT             6   0.47 26.4  2.682
ST26E75  98 2026 05 15.2   2.5058 -23.2776 26.4 Updated May 18.37 UT             7   0.09 28.6  3.251
P12neKs  35 2026 05 14.6  18.2559 +57.7562 20.2 Updated May 18.33 UT            58   3.67 15.3  0.332
RFD0300 100 2026 05 13.0  19.2697 -43.9840 25.2 Updated May 18.38 UT             2   0.00 29.8  5.540
CEMAUH2 100 2026 05 14.4  16.0164 -12.0459 21.2 Updated May 18.39 UT             6   0.07 23.9  4.128
ST26E61 100 2026 05 14.3  16.7032  +0.7347 23.9 Updated May 18.39 UT             6   0.05 28.9  4.204
MZ26075 100 2026 05 13.8  18.0121 +22.3038 21.1 Updated May 18.37 UT             3   0.01 25.0  4.748
A11CmCW 100 2026 05 13.3   6.4240 -69.6990 21.1 Updated May 18.39 UT             4   0.02 25.6  5.196
A11CmCS 100 2026 05 13.3  17.2401 -30.3256 20.8 Updated May 18.37 UT             4   0.04 25.6  5.254
OCA1642  84 2026 05 13.1  13.6975 -31.4074 19.5 Updated May 18.37 UT             3   0.02 14.2  5.443
S001563  73 2026 05 07.0  12.9752 -27.2579 21.6 Updated May 18.37 UT             3   0.03 17.7 11.493
C1EUYV5  35 2026 04 27.5  17.2192 +18.9521 21.9 Updated May 16.81 UT            36 300.17 12.8  2.109
