P12nXcB  72 2026 07 08.5  21.3386 -30.9839 21.5 Added July 8.59 UT               3   0.04 20.5  0.250
P12nXce 100 2026 07 08.5  22.0284 -29.8848 21.1 Updated July 8.71 UT             6   0.10 20.6  0.180
P12nXcA  92 2026 07 08.5  21.1916 -29.1705 20.7 Updated July 8.72 UT             6   0.10 22.4  0.183
P12nXcf 100 2026 07 08.5  21.0131 -22.4992 21.2 Updated July 8.71 UT             5   0.09 23.2  0.182
P12nX9q 100 2026 07 08.4  16.5012  -7.2374 20.7 Added July 8.50 UT               4   0.04 15.8  0.386
ST26G06  98 2026 07 08.3  20.5671  -4.3976 19.7 Updated July 8.67 UT            12   0.09 26.4  0.369
A11Eq8v 100 2026 07 07.9  19.9489 -54.6079 19.4 Added July 8.30 UT               6   0.07 24.2  0.801
A11EpSe  99 2026 07 08.2  19.6840 -30.2278 19.4 Added July 8.27 UT               4   0.04 18.6  0.573
W2nCdO   81 2026 07 07.4  19.0760 -24.1128 23.3 Updated July 8.05 UT            11  17.03 26.6  1.351
A11EpRZ 100 2026 07 07.9  19.8352 -57.1150 19.0 Updated July 8.46 UT             9   0.51 23.0  0.356
ST26G01  98 2026 07 07.2  18.6024 -41.9779 19.5 Updated July 7.36 UT            14   0.10 27.0  1.441
P12nTOm  73 2026 07 06.5  20.4595  -0.6011 21.6 Updated July 8.46 UT            23   1.93 20.0  0.330
P22nTNT  10 2026 07 06.5  18.3282 +18.3256 21.0 Updated July 8.33 UT            19   1.86 19.0  0.467
P22nTLB  28 2026 07 06.3  17.7359  +8.4942 22.2 Updated July 8.15 UT            15   1.83 19.6  0.652
8N8R001 100 2026 07 05.9   5.2546  -0.8300 29.3 Updated July 7.23 UT             3   0.01 29.9  2.875
A11EfSk  84 2026 07 05.0  20.7751 -38.5669 18.1 Updated July 8.64 UT            26   3.12 21.5  0.648
MAS0006  35 2026 06 19.3  18.3785 +23.8558 20.1 Updated July 8.51 UT           117  19.13  9.1  0.354
CEQCZT2  84 2026 06 27.4  22.3825  +2.7088 20.8 Updated July 8.46 UT            41  11.00 20.6  0.343
OMO0297  82 2026 06 25.8  23.5774  +3.6631 21.9 Updated July 8.46 UT            12  12.63 20.1  0.337
P22nJzF  35 2026 06 22.5  22.5526 +19.0672 21.6 Updated July 8.59 UT            21  24.01 14.1  0.234
