A11EBEK 100 2026 07 12.1  20.4336 -47.3967 19.2 Updated July 12.94 UT            7   0.73 23.0  0.088
A11EvW3  96 2026 07 12.2  18.1031 -13.9596 19.6 Updated July 12.92 UT           14   0.94 27.9  0.093
P12o4vO 100 2026 07 11.6   9.0781 -12.1661 23.4 Updated July 12.08 UT            3   0.01 26.3  1.358
P12o4vF  96 2026 07 11.5  22.7071 -18.3337 22.0 Updated July 12.57 UT            7   1.01 19.4  0.403
P12o4vm  84 2026 07 11.5  22.4615 -18.2226 20.9 Updated July 12.57 UT            7   1.01 18.4  0.407
P12o4vl  97 2026 07 11.5  22.4176 -19.0921 20.7 Updated July 12.55 UT            7   1.00 18.5  0.414
P12o4vk  66 2026 07 11.5  22.3543 -20.8155 20.7 Updated July 12.55 UT           10  21.97 19.1  0.419
P12o4v9 100 2026 07 11.6  22.9907 -18.6445 20.9 Updated July 12.58 UT            8   1.00 21.3  0.396
ZTF10El 100 2026 07 11.3   0.1486  -3.1274 20.8 Added July 11.69 UT              4   0.02 27.9  1.619
ZTF10En 100 2026 07 11.4  20.4720 +14.9841 19.1 Added July 11.69 UT              2   0.00 23.7  1.555
S001621 100 2026 07 11.2  22.0268 -32.9501 20.1 Added July 11.59 UT              3   0.04 20.3  1.691
P12o2DL 100 2026 07 11.5  21.7607  +7.4303 21.5 Updated July 12.31 UT           13   0.82 22.2  0.652
P12o2DM  98 2026 07 11.5  21.7307  +2.5822 21.8 Updated July 12.55 UT           10   1.05 27.4  0.424
A11EvW0 100 2026 07 11.3  19.8845 -26.5202 19.2 Added July 11.32 UT              4   0.02 24.9  1.682
ST26G26 100 2026 07 10.5  20.4890  +1.8172 21.2 Updated July 12.25 UT            4   0.01 27.0  2.491
A11Evr9 100 2026 07 10.0  21.1837 -49.0388 18.0 Updated July 12.51 UT           11   2.35 24.2  0.571
TF26G22 100 2026 07 10.3  19.1234 +15.1899 20.1 Updated July 11.28 UT            2   0.94 25.8  1.721
ST26G18 100 2026 07 10.3   7.9526 +58.3991 25.5 Updated July 12.25 UT            4   0.02 26.1  2.627
ST26G17 100 2026 07 10.3   7.6844 -18.4827 28.1 Updated July 12.25 UT            2   0.00 28.8  2.669
CEQKE72  78 2026 07 10.3  16.3097 +10.9241 20.9 Updated July 12.90 UT           35   2.53 23.1  0.168
A11Evap  84 2026 07 09.9  19.8312 -35.2895 19.2 Updated July 12.65 UT           22   2.25 21.9  0.783
P12o0YY  99 2026 07 09.5  20.7190 -21.1423 20.9 Updated July 12.25 UT            6   0.08 18.9  3.414
CEQJF02  74 2026 07 09.3  23.1376 +13.4868 21.7 Updated July 12.54 UT           26   3.01 27.2  0.608
P12o0Y1 100 2026 07 08.5  20.1766 -29.3822 21.3 Updated July 12.25 UT           12  18.41 22.5  2.994
P12nXce  96 2026 07 08.5  21.7492 -34.8657 21.1 Updated July 12.31 UT           14   3.65 21.5  0.798
P12nXcA  68 2026 07 08.5  20.9507 -22.8576 19.4 Updated July 12.14 UT           21   3.51 22.8  0.943
A11EpSe  80 2026 07 08.2  19.6403 -29.5586 19.2 Updated July 11.89 UT           16   3.70 19.0  1.083
W2nCdO   79 2026 07 07.4  19.1614 -24.7998 24.0 Updated July 12.25 UT           11  19.01 26.6  3.534
ST26G01  98 2026 07 07.2  21.3300 -61.1272 22.2 Updated July 12.25 UT           14   0.10 27.0  5.607
P22nTNT  10 2026 07 06.5  18.2877 +17.1288 21.1 Updated July 12.14 UT           27   5.67 19.1  0.826
MAS0006  35 2026 06 19.3  18.3517 +23.9316 19.9 Updated July 12.38 UT          151  22.68  8.9  0.972
OMO0297  87 2026 06 25.8  23.7154  +3.9484 21.8 Updated July 12.25 UT           12  12.63 20.1  4.503
P22nJzF  35 2026 06 22.5  22.4848 +18.8090 21.5 Updated July 12.25 UT           23  25.46 14.1  2.950
