P12nfxd  98 2026 05 25.6  17.8375 +16.1626 21.8 Updated May 25.79 UT             6   1.15 22.5  0.404
P12nfwU  96 2026 05 25.5  16.9100 +14.4365 21.7 Updated May 25.97 UT             8   8.14 23.3  0.459
C1F32J5 100 2026 05 25.4  17.2106 +12.4654 22.0 Added May 25.48 UT               4   0.02 25.7  0.520
C1F3245  75 2026 05 25.4  17.0233 +10.6449 22.9 Added May 25.48 UT               4   0.02 16.9  0.522
SJA1250 100 2026 05 24.9  16.8988 +61.5875 20.3 Added May 25.42 UT               3   0.03 17.5  1.023
C1F2X35  91 2026 05 25.4  16.3461  +1.5818 21.9 Updated May 25.46 UT             8   0.09 21.4  0.532
C1F2HL5 100 2026 05 25.4  16.3409 -11.4913 22.4 Updated May 25.43 UT             8   0.07 25.5  0.567
C1F2HK5 100 2026 05 25.4  16.1918 -11.5692 21.8 Updated May 25.43 UT             8   0.07 22.8  0.569
C1F1TD5 100 2026 05 25.3  15.5999  +4.4475 21.9 Added May 25.33 UT               4   0.02 27.4  0.665
C03UYWZ 100 2026 05 23.4  16.7572 +10.7306 23.0 Added May 25.30 UT               4   0.02 25.5  2.527
A11CUyv  96 2026 05 24.1  17.5934 -57.1525 18.9 Updated May 25.44 UT            10   1.27 18.7  0.579
P12nfw2 100 2026 05 24.6  21.0361  -3.8962 21.4 Updated May 25.71 UT             5   1.00 19.3  0.398
NAOCLYL  85 2026 05 23.8  15.8990 -19.8371 21.6 Added May 24.59 UT               4   0.10 21.5  2.138
A11CQzo 100 2026 05 24.4  21.0742 -18.5530 19.7 Added May 24.51 UT               5   0.05 29.9  1.559
P12nfqd  94 2026 05 24.4  15.9357 -22.4542 20.5 Updated May 25.97 UT            12   1.55 21.5  0.036
oKr0080 100 2026 05 23.9  23.4865 +18.5404 20.2 Added May 24.47 UT               3   0.00 15.5  2.104
C1F1535  87 2026 05 24.4  16.7576  +6.4070 22.5 Updated May 25.30 UT            11   0.87 23.3  0.708
C1F0TQ5  89 2026 05 24.4  15.8747  -7.9065 21.7 Updated May 25.39 UT            15   2.93 24.3  0.729
C1F0EU5  87 2026 05 24.3  15.4190 -10.0864 22.1 Updated May 24.39 UT             8   0.07 14.8  1.603
C1F0295  90 2026 05 24.3  15.3234  -7.1702 22.1 Updated May 25.21 UT            17   0.88 22.2  0.797
6EN3D21 100 2026 05 24.2  16.5378 -79.5463 18.8 Updated May 25.35 UT             3   0.01 21.1  1.759
C1EYPU5 100 2026 05 23.4  15.8565  +3.2841 22.9 Updated May 25.26 UT            11   1.87 24.2  0.745
C1EYD55  69 2026 05 23.3  15.7550 -13.4511 22.1 Updated May 25.35 UT            12   0.95 20.1  1.715
NAOCBPP  99 2026 05 20.7  14.8965 -20.6657 22.2 Updated May 25.35 UT             4   0.13 22.4  5.144
C46CD31 100 2026 05 21.4   1.5282  -3.0266 27.4 Updated May 25.35 UT             7   0.05 28.6  4.551
ST26ED1  98 2026 05 21.2   1.7175 -14.5794 27.9 Updated May 25.35 UT            20   0.16 30.2  4.609
ST26EC8  98 2026 05 20.4  21.7517 -30.9702 23.1 Updated May 25.35 UT             6   0.14 28.6  5.557
ST26EC7  98 2026 05 20.4   2.4762  -8.3938 30.1 Updated May 25.35 UT             6   0.11 30.3  5.563
P12nfaz  43 2026 05 20.3  13.2181 -27.5690 21.9 Updated May 24.34 UT            12   2.87 18.3  2.802
NAOCAN7 100 2026 05 17.7  15.2831 -21.9017 21.0 Updated May 24.34 UT             4   0.10 19.9  8.142
KPMa1Ih  87 2026 05 18.1  11.1255 -28.1400 23.4 Updated May 24.34 UT             5   0.01 20.8  7.891
CEMVK32  53 2026 05 17.4  16.4673  +8.3156 21.7 Updated May 24.42 UT            50  11.97 20.1  1.589
P12neKs  35 2026 05 14.6  18.0142 +56.9300 19.9 Updated May 25.03 UT           167  10.45 15.1  0.974
