ST26E86  98 2026 05 15.4   3.4510 -19.9013 23.7 Updated May 15.58 UT             6   0.11 33.1  0.195
ZTF10Du 100 2026 05 15.3  14.6013 -22.5660 16.6 Added May 15.45 UT               4   0.03 26.1  0.354
ST26E84 100 2026 05 15.4  14.7217 +10.6990 19.9 Updated May 15.45 UT             4   0.03 24.4  0.208
TF26E97  98 2026 05 15.3  15.6053 -12.6544 19.0 Updated May 15.57 UT             4   0.12 27.4  0.200
ST26E76  98 2026 05 15.2  14.6189  +6.1746 20.5 Updated May 15.44 UT             6   0.20 30.7  0.214
ST26E75 100 2026 05 15.2  14.7312  -3.8567 18.6 Updated May 15.38 UT             4   0.01 25.6  0.417
6EE3C21 100 2026 05 15.2  15.5798 -22.6764 19.0 Updated May 15.44 UT            11   0.22 25.9  0.239
A11Cr0m 100 2026 05 15.0  16.0035 -52.2526 17.9 Updated May 15.37 UT            14   0.31 20.0  0.359
P12neKJ 100 2026 05 14.3  13.0175 -23.4346 20.9 Updated May 15.22 UT            10   0.88 20.3  0.438
P12neKs  97 2026 05 14.6  18.3430 +57.9589 20.4 Updated May 15.26 UT            10   0.48 15.2  0.599
P12nc1d 100 2026 05 14.5  16.9077  -5.1421 21.3 Updated May 15.33 UT            12   0.83 19.2  0.335
P12nc1c  96 2026 05 14.5  16.7925  -6.5328 21.8 Updated May 15.38 UT            21   0.90 20.1  0.272
RFD0300 100 2026 05 13.0  23.9646 -32.9538 25.0 Added May 14.52 UT               2   0.00 29.5  2.622
CEMAUH2 100 2026 05 14.4  16.3857  -0.1416 21.3 Updated May 14.46 UT             6   0.07 24.0  1.210
CEMAY32  79 2026 05 14.4  16.5360  +1.9814 20.4 Updated May 15.51 UT            37   1.08 23.8  0.181
ST26E61 100 2026 05 14.3  16.4565  +0.4607 21.8 Updated May 14.37 UT             6   0.05 28.7  1.286
ST26E57  98 2026 05 14.3  16.3032 -10.1319 19.3 Updated May 15.43 UT            12   1.14 28.0  0.235
ST26E52  76 2026 05 14.2  13.5390 +21.8474 20.4 Updated May 15.38 UT            28   1.01 26.1  0.396
MZ26075 100 2026 05 13.8  17.0804  +5.1958 20.0 Updated May 15.33 UT             3   0.01 25.5  1.830
A11CmCW 100 2026 05 13.3   5.6809 -73.9921 19.7 Updated May 15.33 UT             4   0.02 25.5  2.278
A11CmCS 100 2026 05 13.3  16.8382 -35.2253 19.6 Updated May 15.33 UT             4   0.04 25.5  2.336
OCA1642  84 2026 05 13.1  13.7446 -31.2463 19.4 Updated May 15.33 UT             3   0.02 13.1  2.525
A11Cmv6  84 2026 05 13.0   8.4282 -50.0073 19.0 Updated May 15.23 UT            19   2.04 19.1  0.562
CEM26R2  18 2026 05 12.4  16.5753 +15.3880 20.6 Updated May 15.33 UT            21   2.69 17.0  1.413
CEM1XD2  11 2026 05 12.3  14.4830 +17.3556 22.2 Updated May 15.17 UT            22   7.84 19.2  0.492
SO0005e 100 2026 05 11.7   0.1528  +6.1194 27.0 Updated May 14.35 UT             3   0.00 28.9  3.941
SO0005d 100 2026 05 11.7  19.1383 -24.4483 22.2 Updated May 14.34 UT             4   0.00 28.2  3.940
SO0005c 100 2026 05 11.7  22.7149 -29.4050 24.0 Updated May 14.34 UT             3   0.00 28.6  3.994
SO0005b 100 2026 05 11.6  22.9775  -8.1762 22.8 Updated May 14.34 UT             3   0.00 26.6  4.005
CELXZH2 100 2026 05 11.3  14.7335 +24.4057 22.2 Updated May 14.35 UT             3   0.01 25.0  4.304
6E94521  10 2026 05 10.4  19.7770 -66.1587 19.5 Updated May 15.42 UT            53   5.03 19.0  0.256
S001563  73 2026 05 07.0  12.9800 -27.1301 21.6 Updated May 14.34 UT             3   0.03 17.5  8.575
C1EUYV5  35 2026 04 27.5  17.2600 +18.8108 21.9 Updated May 15.51 UT            36 299.14 12.8  0.221
