CELY6P2  96 2026 05 11.4  17.0180 +17.8271 21.1 Updated May 11.47 UT             8   0.05 23.0  0.015
ST26E38 100 2026 05 11.3  17.0814  +7.6834 20.0 Updated May 11.43 UT             4   0.02 25.5  0.141
C469HY1 100 2026 05 11.4  16.7641  -1.8089 18.3 Updated May 11.46 UT            11   0.06 25.2  0.026
6EA3I21  62 2026 05 11.3  19.4297  -5.3671 17.0 Added May 11.37 UT               3   0.01 13.0  0.150
CELXZH2 100 2026 05 11.3  14.8132 +23.9629 22.7 Added May 11.37 UT               3   0.01 22.0  0.135
CELXRN2  98 2026 05 11.3  13.1831 +26.4494 20.9 Updated May 11.39 UT             7   0.11 18.4  0.100
TF26E51 100 2026 05 11.3  15.2255  +8.4228 19.2 Added May 11.28 UT               2   0.00 23.3  0.208
ST26E35 100 2026 05 11.2  13.3616  +2.2494 19.2 Updated May 11.26 UT            10   0.06 28.0  0.232
ST26E34 100 2026 05 10.5  14.7874 +20.8913 20.9 Added May 10.70 UT               2   0.00 26.4  1.022
ST26E31  84 2026 05 10.4  13.9216 -11.0984 19.0 Updated May 11.33 UT            34   0.85 26.2  0.188
ZTF10Dp 100 2026 05 10.2  11.7276  +6.4709 18.3 Added May 10.57 UT               4   0.03 21.9  1.240
6E94521 100 2026 05 10.4  19.3684 -56.4125 19.4 Updated May 11.30 UT            13   0.92 19.0  0.205
CELUGK2  93 2026 05 10.3  14.8087 +28.3098 21.6 Updated May 11.19 UT            21   0.85 24.4  0.297
ZTF10Do  98 2026 05 10.2  13.5035  +1.5694 18.2 Updated May 11.39 UT             9   0.74 26.8  0.511
CELU1Q2  98 2026 05 10.2  11.5854 +31.3164 21.5 Updated May 11.21 UT            13   0.99 26.1  0.289
ST26E24  98 2026 05 10.2   4.1163 -21.7976 23.7 Updated May 10.52 UT            13   0.29 29.1  1.007
ZTF10Dn 100 2026 05 09.3  16.7809 -12.7904 20.0 Updated May 11.31 UT             4   0.04 26.9  2.147
XA9ttXA  97 2026 05 08.8  15.1260  +1.8299 22.6 Updated May 11.23 UT            13   2.46 21.8  0.264
ST26E18 100 2026 05 09.4  15.4563 -14.0760 22.4 Updated May 11.31 UT             4   0.00 30.1  2.116
CELT0C2  79 2026 05 09.2  12.7298 +43.5707 20.9 Updated May 11.05 UT            26   1.80 22.8  0.433
CELRZD2 100 2026 05 09.2  12.5343 +35.6615 22.0 Updated May 11.31 UT             8   0.10 22.6  2.134
TF26E23 100 2026 05 09.2  13.0059  -4.1230 17.5 Updated May 11.47 UT             2   0.00 19.6  2.266
ZTF10Dl 100 2026 05 08.3  18.7315 -15.5290 20.8 Updated May 10.31 UT             4   0.03 27.0  3.114
ST26E14 100 2026 05 08.4  13.3676  -3.3940 17.9 Updated May 10.31 UT             2   0.00 21.3  3.058
P22n0vC  24 2026 05 08.3  14.8106  +9.8229 22.4 Updated May 11.21 UT            25   2.87 19.9  0.278
CELLEH2  86 2026 05 08.3  15.8616 -16.4152 23.3 Updated May 11.31 UT            13   1.86 32.7  1.326
P22n0fQ  97 2026 05 07.4  15.0848  +9.9695 22.5 Updated May 11.31 UT             3   0.04 24.4  4.075
ZTF10Di 100 2026 05 07.4  22.0721 -11.0561 22.7 Updated May 11.31 UT             4   0.02 27.4  4.090
S001563  73 2026 05 07.0  12.9965 -26.9277 21.5 Updated May 11.31 UT             3   0.03 17.9  4.406
P22mZLU  68 2026 05 06.3  11.7897 -16.5753 21.0 Updated May 11.47 UT            17   4.96 20.7  0.249
A11BRI6  51 2026 05 03.0  10.8561 -39.7210 18.8 Updated May 11.39 UT            55   7.13 19.8  1.340
ZTF10Df  98 2026 05 02.2  10.4246  +1.4310 23.7 Updated May 11.31 UT             9   0.68 26.6  8.639
C1EUYV5  35 2026 04 27.5  17.3168 +18.5862 21.7 Updated May 11.29 UT            30  13.80 12.6  0.214
