P12nf3G  89 2026 05 17.5  16.2630  -8.0228 21.6 Added May 17.58 UT               3   0.02 24.2  0.152
P22nf3F  66 2026 05 17.5  17.5998 +36.8734 21.5 Added May 17.57 UT               4   0.04 17.0  0.120
A11CvyY 100 2026 05 17.4  14.1942 -24.2010 19.5 Updated May 17.61 UT            13   0.23 23.3  0.056
CEMVK32  98 2026 05 17.4  17.1228 +12.3092 21.7 Updated May 17.51 UT            14   0.11 19.4  0.178
CEMVGV2 100 2026 05 17.3  16.1273 +11.7849 20.0 Updated May 17.55 UT            21   0.20 25.9  0.113
CEMV1Q2  98 2026 05 17.3  15.1993  +7.6438 20.9 Updated May 17.44 UT            16   0.13 26.3  0.221
CEMUUC2 100 2026 05 17.3  14.4742  +9.9173 20.5 Updated May 17.39 UT            14   0.10 25.6  0.268
A11Cvk7 100 2026 05 16.9  13.9924 -73.1730 19.6 Added May 16.99 UT               4   0.03 21.5  0.724
CEMRK82  84 2026 05 16.5  21.5480  -9.9412 21.6 Added May 16.49 UT               3   0.01 17.7  1.189
ST26E98  86 2026 05 16.3  19.3341 +32.4638 21.6 Updated May 17.34 UT            17   1.63 29.0  0.680
CEMK452  77 2026 05 16.3  14.2969  -4.5005 21.5 Updated May 17.33 UT            24   1.03 22.1  0.340
A11Cswo 100 2026 05 16.0  17.2335 -23.5232 18.6 Updated May 17.33 UT             4   0.02 22.1  1.651
ZTF10Du 100 2026 05 15.3  16.6918 -35.7119 18.9 Updated May 17.33 UT             4   0.03 26.4  2.354
ST26E84  98 2026 05 15.4  15.2675 +10.7639 20.5 Updated May 17.33 UT             6   0.47 26.4  1.763
ST26E76  74 2026 05 15.2  14.2205  +8.7167 23.2 Updated May 17.28 UT            17   2.00 30.8  0.416
ST26E75  98 2026 05 15.2   2.4722 -26.5559 25.2 Updated May 16.82 UT             7   0.09 28.6  2.333
P12neKs  91 2026 05 14.6  18.2839 +57.8268 20.3 Updated May 17.36 UT            48   2.50 15.4  0.581
P12nc1c  82 2026 05 14.5  16.7380  -5.9318 21.7 Updated May 17.45 UT            31   2.96 20.2  0.205
RFD0300 100 2026 05 13.0  19.5706 -44.7032 24.8 Updated May 16.38 UT             2   0.00 29.8  4.622
CEMAUH2 100 2026 05 14.4  16.1302  -8.4446 21.2 Updated May 16.38 UT             6   0.07 23.9  3.210
ST26E61 100 2026 05 14.3  16.6646  +0.7036 23.5 Updated May 16.38 UT             6   0.05 29.0  3.286
MZ26075 100 2026 05 13.8  16.8014  -1.0213 22.5 Updated May 16.37 UT             3   0.01 27.4  3.830
A11CmCW 100 2026 05 13.3   6.2330 -71.9401 20.8 Updated May 16.38 UT             4   0.02 24.8  4.278
A11CmCS 100 2026 05 13.3  17.1743 -31.1416 20.4 Updated May 16.38 UT             4   0.04 25.4  4.336
OCA1642  84 2026 05 13.1  13.7126 -31.3559 19.4 Updated May 16.37 UT             3   0.02 14.0  4.525
CEM26R2  10 2026 05 12.4  16.5375 +15.2571 20.5 Updated May 17.49 UT            38   5.52 17.0  0.582
CEM1XD2  11 2026 05 12.3  14.4425 +17.0461 22.3 Updated May 17.20 UT            25   9.86 19.3  0.467
S001563  73 2026 05 07.0  12.9802 -27.2094 21.7 Updated May 16.37 UT             3   0.03 18.3 10.575
C1EUYV5  35 2026 04 27.5  17.2321 +18.9091 21.9 Updated May 16.81 UT            36 300.17 12.8  1.191
