A11Cswo 100 2026 05 16.0  17.3040 -23.8181 18.9 Added May 16.13 UT               4   0.02 20.7  0.234
ZTF10Du 100 2026 05 15.3  15.5440 -29.9362 17.3 Added May 15.45 UT               4   0.03 26.1  0.938
ST26E84  98 2026 05 15.4  14.9162 +10.7765 20.1 Updated May 16.23 UT             6   0.47 26.4  0.347
ST26E76  86 2026 05 15.2  14.4020  +7.5691 21.6 Updated May 16.22 UT            17   0.93 30.7  0.070
ST26E75 100 2026 05 15.2  14.7934 -14.8209 18.2 Updated May 15.38 UT             4   0.01 25.6  1.000
6EE3C21  86 2026 05 15.2  15.7336 -20.7306 19.2 Updated May 16.19 UT            17   0.98 25.9  0.063
A11Cr0m  96 2026 05 15.0  16.0400 -51.1271 17.9 Updated May 16.15 UT            17   1.17 20.1  0.089
P12neKJ 100 2026 05 14.3  13.0103 -23.3859 20.9 Updated May 15.88 UT            13   1.51 20.1  0.391
P12neKs  55 2026 05 14.6  18.3260 +57.9234 20.3 Updated May 16.15 UT            21   1.57 15.3  0.093
P12nc1c  96 2026 05 14.5  16.7770  -6.3588 21.7 Updated May 15.38 UT            21   0.90 20.1  0.855
RFD0300 100 2026 05 13.0   0.1598 -31.2536 25.6 Added May 14.52 UT               2   0.00 29.5  3.206
CEMAUH2 100 2026 05 14.4  16.3072  -2.7191 21.3 Updated May 14.46 UT             6   0.07 24.0  1.793
ST26E61 100 2026 05 14.3  16.5515  +0.5813 22.4 Updated May 14.37 UT             6   0.05 28.7  1.870
ST26E57  98 2026 05 14.3  16.9617 -13.4721 19.6 Updated May 15.95 UT            15   1.67 28.0  0.292
MZ26075 100 2026 05 13.8  17.2911  +9.3165 20.3 Updated May 15.33 UT             3   0.01 25.5  2.413
A11CmCW 100 2026 05 13.3   5.9473 -72.7571 20.1 Updated May 15.33 UT             4   0.02 25.5  2.861
A11CmCS 100 2026 05 13.3  16.9584 -33.8559 19.9 Updated May 15.33 UT             4   0.04 25.5  2.920
OCA1642  84 2026 05 13.1  13.7352 -31.2792 19.4 Updated May 15.33 UT             3   0.02 13.1  3.108
CEM26R2  10 2026 05 12.4  16.5644 +15.3526 20.9 Updated May 16.19 UT            27   4.64 17.3  0.053
CEM1XD2  16 2026 05 12.3  14.4710 +17.2681 22.2 Updated May 15.17 UT            22   7.84 19.2  1.075
SO0005e 100 2026 05 11.7   0.1847  +6.4756 27.3 Updated May 14.35 UT             3   0.00 28.9  4.524
SO0005d 100 2026 05 11.7  19.1942 -24.0914 22.5 Updated May 14.34 UT             4   0.00 28.2  4.523
SO0005c 100 2026 05 11.7  22.8174 -28.8254 24.3 Updated May 14.34 UT             3   0.00 28.6  4.577
SO0005b 100 2026 05 11.6  23.0185  -7.7462 23.1 Updated May 14.34 UT             3   0.00 26.6  4.588
CELXZH2 100 2026 05 11.3  14.7196 +24.4505 22.1 Updated May 14.35 UT             3   0.01 25.0  4.887
S001563  73 2026 05 07.0  12.9782 -27.1568 21.6 Updated May 14.34 UT             3   0.03 17.5  9.158
C1EUYV5  35 2026 04 27.5  17.2519 +18.8401 21.9 Updated May 15.51 UT            36 299.14 12.8  0.805
