RFD0300 100 2026 05 13.0  23.0984 -39.0069 23.2 Added May 14.52 UT               2   0.00 29.5  1.538
P12nc08 100 2026 05 14.4  15.9980 -18.5939 21.0 Added May 14.52 UT               3   0.02 17.5  0.099
CEMAUH2 100 2026 05 14.4  16.5408  +4.9526 21.4 Updated May 14.46 UT             6   0.07 24.0  0.125
CEMAY32 100 2026 05 14.4  16.7637  +4.5327 20.3 Updated May 14.47 UT             9   0.07 23.8  0.103
C46A061  98 2026 05 14.4  14.9826  -7.0455 18.6 Updated May 14.56 UT            15   0.16 30.5  0.027
CEMANR2 100 2026 05 14.4  16.3742  +3.8801 19.8 Updated May 14.46 UT            10   0.09 20.9  0.109
C469ZZ1  98 2026 05 14.4  14.1521 +10.9712 17.7 Updated May 14.50 UT            21   0.13 26.9  0.079
ST26E67 100 2026 05 14.3  16.0127  -0.0411 19.4 Updated May 14.38 UT             6   0.06 30.0  0.190
CEMA5R2 100 2026 05 14.3  15.5203  +6.4530 20.1 Updated May 14.48 UT            14   0.08 23.8  0.154
ST26E61 100 2026 05 14.3  15.9581  -0.2009 20.0 Updated May 14.37 UT             6   0.05 28.7  0.201
CEM9MQ2  98 2026 05 14.3  14.8210  +2.7713 20.5 Updated May 14.41 UT             8   0.09 28.6  0.164
CEM9DH2 100 2026 05 14.3  14.9685  +0.8744 20.7 Updated May 14.42 UT            10   0.10 24.3  0.157
CEM9AR2  98 2026 05 14.3  14.8799  +1.6363 21.5 Updated May 14.40 UT             8   0.09 26.1  0.172
ST26E59 100 2026 05 14.3  15.2187  -0.7024 20.0 Updated May 14.38 UT            14   0.07 26.8  0.194
ST26E57 100 2026 05 14.3  14.9695  -2.4569 19.2 Updated May 14.33 UT             8   0.05 27.0  0.240
CEM83E2 100 2026 05 14.3  14.0066  +1.1012 20.6 Updated May 14.36 UT             6   0.09 24.4  0.215
CEM7YT2 100 2026 05 14.3  13.3063  +2.8453 20.0 Updated May 14.36 UT             8   0.09 21.7  0.212
ST26E52 100 2026 05 14.2  13.6154  +4.3909 19.9 Updated May 14.38 UT             9   0.09 25.9  0.228
MZ26075 100 2026 05 13.8  16.6563  -3.2178 19.5 Added May 14.13 UT               3   0.01 25.1  0.745
A11CmCW 100 2026 05 13.3   4.4120 -77.9397 18.9 Added May 13.75 UT               4   0.02 24.5  1.193
A11CmCS 100 2026 05 13.3  16.5018 -38.6435 19.1 Added May 13.75 UT               4   0.04 25.4  1.252
OCA1642  84 2026 05 13.1  13.7624 -31.1782 19.4 Added May 13.56 UT               3   0.02 13.4  1.440
P22nay8  42 2026 05 13.4  15.7539  -2.0001 21.8 Updated May 14.53 UT            13  18.97 20.1  0.078
P22nawA  78 2026 05 13.4  15.1827  -3.1503 21.2 Updated May 14.51 UT            30  16.14 24.7  0.118
A11Cmv6 100 2026 05 13.0   8.5692 -50.4800 18.8 Updated May 14.10 UT            10   0.91 18.6  0.603
P22n4V7  84 2026 05 12.4  14.3645 -19.5047 22.0 Updated May 14.51 UT            29   2.05 21.3  0.128
P22n4V6  79 2026 05 12.4  13.9178 -22.9906 21.7 Updated May 14.50 UT            37   2.01 23.6  0.170
CEM28F2  81 2026 05 12.4  18.2602 +20.5026 20.6 Updated May 14.32 UT            30   1.90 24.7  0.259
P22n4PC  55 2026 05 12.4  13.9678 -13.3924 20.6 Updated May 14.21 UT            17   1.83 21.0  0.375
CEM26R2  13 2026 05 12.4  16.5952 +15.4481 20.6 Updated May 14.25 UT            21   2.69 17.0  0.328
CEM1XD2  13 2026 05 12.3  14.5056 +17.5123 22.2 Updated May 14.22 UT            20   6.88 19.2  0.358
SO0005e 100 2026 05 11.7   0.0572  +5.0343 26.3 Updated May 14.35 UT             3   0.00 28.9  2.856
SO0005d 100 2026 05 11.7  18.9758 -25.4366 21.5 Updated May 14.34 UT             4   0.00 28.2  2.855
SO0005c 100 2026 05 11.7  22.4049 -31.0129 23.1 Updated May 14.34 UT             3   0.00 28.6  2.909
SO0005b 100 2026 05 11.6  22.8577  -9.4230 22.1 Updated May 14.34 UT             3   0.00 26.6  2.920
CELXZH2 100 2026 05 11.3  14.7574 +24.3104 22.3 Updated May 14.35 UT             3   0.01 25.0  3.219
ST26E34 100 2026 05 10.5  14.8653 +18.4728 24.3 Updated May 14.35 UT             2   0.00 28.6  4.106
6E94521  10 2026 05 10.4  19.6475 -63.6428 19.5 Updated May 14.42 UT            44   4.03 19.0  0.171
CELRZD2 100 2026 05 09.2  12.3975 +36.9801 22.7 Updated May 14.34 UT             8   0.10 23.0  5.219
ST26E14 100 2026 05 08.4  13.3159  -2.8017 18.2 Updated May 14.35 UT             2   0.00 17.3  6.142
P22n0fQ  97 2026 05 07.4  15.0167 +10.8390 21.7 Updated May 13.34 UT             3   0.04 23.4  7.160
S001563  73 2026 05 07.0  12.9836 -27.0796 21.5 Updated May 14.34 UT             3   0.03 17.5  7.490
C1EUYV5  35 2026 04 27.5  17.2750 +18.7549 21.9 Updated May 14.43 UT            36 297.21 12.8  1.069
