A11EQfd 100 2026 07 16.4  19.6519 -16.9741 19.0 Added July 16.79 UT              4   0.04 26.0  0.472
ZTF10Er 100 2026 07 16.3  23.2028 -45.2569 17.9 Added July 16.64 UT              4   0.04 26.6  0.580
P12ooQQ  96 2026 07 16.6  20.9642  +2.1443 21.3 Added July 16.64 UT              3   0.03 19.4  0.378
ZTF10Eq 100 2026 07 16.3  20.4705 -11.8217 20.1 Added July 16.64 UT              6   0.05 26.5  0.580
P22ooQq 100 2026 07 16.6   1.9288 +10.0006 21.1 Added July 16.64 UT              4   0.02 21.2  0.357
P22ooPS 100 2026 07 16.5  23.2855 +20.6796 21.1 Added July 16.57 UT              3   0.02 23.2  0.436
P22ooOY 100 2026 07 16.5  22.9115 +15.2468 21.2 Updated July 16.70 UT            5   0.08 23.8  0.422
P22ooOw  97 2026 07 16.3  17.7181 +55.3063 22.2 Added July 16.44 UT              4   0.04 19.4  0.593
P12ooOz 100 2026 07 16.3  15.9417 +20.4230 21.3 Updated July 16.70 UT            5   0.09 21.9  0.517
P12ooOy 100 2026 07 16.3  15.1701 +18.1023 22.3 Updated July 16.43 UT            4   0.04 21.7  0.578
P22ooOt  85 2026 07 16.4  20.9152 +15.5401 22.2 Updated July 16.70 UT            5   0.07 20.4  0.512
P22ooOs 100 2026 07 16.4  20.5820 +10.3250 21.9 Updated July 16.70 UT            5   0.07 22.5  0.514
ST26G49  98 2026 07 16.4  19.0648  -6.6123 18.5 Updated July 16.86 UT            7   0.49 28.8  0.100
ST26G48  98 2026 07 16.4  17.8275 +17.0958 19.9 Updated July 16.96 UT           13   0.59 26.7  0.018
ST26G46  86 2026 07 16.3  21.5249  +1.5564 19.4 Updated July 16.94 UT           19   0.64 26.6  0.030
orA4471 100 2026 07 15.9  16.2630 -18.1520 19.8 Added July 16.21 UT              3   0.01 20.0  1.066
X89848   77 2026 07 14.8  22.0964 -13.0652 19.7 Added July 16.07 UT              3   0.03 15.4  2.173
P12onSk  87 2026 07 15.5  22.3132 -32.3267 21.2 Updated July 16.58 UT            6   1.06 20.8  0.393
P12onSi  79 2026 07 15.5  22.0060 -23.8331 20.8 Updated July 15.64 UT            6   0.09 18.4  1.362
P12onSj 100 2026 07 15.5  22.7807 -28.7754 20.9 Updated July 15.64 UT            6   0.08 18.9  1.363
ZTF10Ep 100 2026 07 15.3   3.1559  -5.3481 21.2 Added July 15.58 UT              4   0.04 26.9  1.580
P12onRT 100 2026 07 15.4  20.4362 -39.7173 19.9 Updated July 16.67 UT           10   0.70 20.9  0.816
W2onRQ  100 2026 07 15.4  19.9874 -23.5734 19.9 Added July 15.55 UT              4   0.00 26.5  1.533
P12onRm  96 2026 07 15.4  19.6894 -25.0649 20.9 Updated July 15.63 UT            5   0.13 20.5  1.444
ST26G39  91 2026 07 15.2  18.0725 +36.0133 21.1 Updated July 16.40 UT           21   0.95 25.9  0.779
P12onNw  35 2026 07 14.3  17.5122  -1.7276 20.6 Updated July 15.87 UT           17   3.16 12.1  1.538
P12omkc  71 2026 07 14.4  19.6405 -37.8146 21.0 Updated July 16.54 UT            7   2.02 20.6  0.521
P12o4vO 100 2026 07 11.6   9.9084 -10.0394 27.0 Updated July 15.23 UT            3   0.01 26.0  5.358
ZTF10El 100 2026 07 11.3   0.8365  -3.1044 23.4 Updated July 15.23 UT            4   0.02 27.8  5.619
ZTF10En 100 2026 07 11.4   9.9189 -25.9630 29.3 Updated July 15.23 UT            2   0.00 29.7  5.555
TF26G22 100 2026 07 10.3   7.7556 -18.2367 29.5 Updated July 16.23 UT            2   0.00 28.2  6.653
ST26G01  98 2026 07 07.2  22.2546 -62.5240 23.4 Updated July 15.23 UT           14   0.10 27.0  9.607
P22nJzF  35 2026 06 22.5  22.4151 +18.5139 21.5 Updated July 16.01 UT           26 300.05 14.1  1.518
