P22ooQf  10 2026 07 16.5  23.3248 +22.7080 21.0 Updated July 16.60 UT           35 4764.03 18.1  0.102
P22ooPS 100 2026 07 16.5  23.2337 +21.1865 21.2 Added July 16.57 UT              3   0.02 23.2  0.103
P22ooQe  10 2026 07 16.5  23.9325 +23.7630 21.8 Updated July 16.60 UT           32 4689.26 18.2  0.086
P22ooOY 100 2026 07 16.5  22.8554 +14.4119 20.9 Added July 16.53 UT              3   0.03 23.6  0.136
P22ooOw  97 2026 07 16.3  17.7252 +55.2407 22.2 Added July 16.44 UT              4   0.04 19.4  0.260
P12ooOz 100 2026 07 16.3  15.8993 +20.5364 21.3 Updated July 16.43 UT            3   0.02 23.9  0.250
P12ooOy 100 2026 07 16.3  15.1779 +18.0531 22.3 Updated July 16.43 UT            4   0.04 21.7  0.244
P22ooOt  85 2026 07 16.4  20.9115 +15.6409 22.2 Added July 16.43 UT              3   0.02 21.8  0.228
P22ooOs 100 2026 07 16.4  20.5912 +10.4260 21.6 Added July 16.43 UT              3   0.02 16.8  0.230
ST26G49  98 2026 07 16.4  18.4757  -0.3209 18.3 Updated July 16.51 UT            4   0.10 28.5  0.148
ST26G48 100 2026 07 16.4  17.7436 +12.4166 19.1 Updated July 16.42 UT            4   0.01 25.5  0.257
ST26G46 100 2026 07 16.3  21.6459  -0.1788 18.5 Updated July 16.32 UT            4   0.02 23.4  0.316
orA4471 100 2026 07 15.9  16.2482 -18.1693 19.8 Added July 16.21 UT              3   0.01 20.0  0.733
X89848   77 2026 07 14.8  22.0968 -13.0569 19.7 Added July 16.07 UT              3   0.03 15.4  1.840
A11EJqb  68 2026 07 15.1   3.3183 -20.5175 18.5 Updated July 16.56 UT           10   1.36 13.1  0.138
P12onSk  77 2026 07 15.5  22.3097 -32.2692 21.3 Updated July 16.58 UT            6   1.06 20.8  0.059
P12onSi  79 2026 07 15.5  22.0068 -23.8916 20.8 Updated July 15.64 UT            6   0.09 18.4  1.028
P12onSj 100 2026 07 15.5  22.7756 -28.6972 21.0 Updated July 15.64 UT            6   0.08 18.9  1.030
ZTF10Ep 100 2026 07 15.3   2.4418  -8.6469 20.1 Added July 15.58 UT              4   0.04 26.9  1.246
P12onRT 100 2026 07 15.4  20.4329 -39.7973 19.8 Updated July 16.23 UT            8   0.68 20.8  0.504
W2onRQ  100 2026 07 15.4  19.9713 -25.2770 19.8 Added July 15.55 UT              4   0.00 26.5  1.200
P12onRm  96 2026 07 15.4  19.6860 -24.8758 20.9 Updated July 15.63 UT            5   0.13 20.5  1.111
ST26G39  91 2026 07 15.2  18.1304 +34.1230 20.9 Updated July 16.40 UT           21   0.95 25.9  0.445
XA9yiXA  10 2026 07 14.7  19.6312  -5.3044 20.0 Updated July 16.21 UT           46 2459.97 19.4  0.418
P12onNw  35 2026 07 14.3  17.5153  -1.7474 20.6 Updated July 15.87 UT           17   3.16 12.1  1.205
P12onNt 100 2026 07 14.4  19.9865 -29.7233 20.0 Updated July 16.44 UT           10   1.85 25.2  0.361
P12omkz 100 2026 07 14.4  20.5896 -34.6971 21.3 Updated July 15.56 UT           13   6.97 23.9  1.191
P12omkc  71 2026 07 14.4  19.6437 -37.8689 21.0 Updated July 16.54 UT            7   2.02 20.6  0.188
P12o4vO 100 2026 07 11.6   9.8997 -10.0748 26.9 Updated July 15.23 UT            3   0.01 26.0  5.025
ZTF10El 100 2026 07 11.3   0.8181  -3.1038 23.3 Updated July 15.23 UT            4   0.02 27.8  5.286
ZTF10En 100 2026 07 11.4   9.9198 -25.9744 29.2 Updated July 15.23 UT            2   0.00 29.7  5.222
TF26G22 100 2026 07 10.3   7.7525 -18.2779 29.4 Updated July 16.23 UT            2   0.00 28.2  6.320
ST26G01  98 2026 07 07.2  22.2060 -62.4948 23.3 Updated July 15.23 UT           14   0.10 27.0  9.274
P22nJzF  35 2026 06 22.5  22.4211 +18.5403 21.5 Updated July 16.01 UT           26 300.05 14.1  1.185
