C1F32J5 100 2026 05 25.4  17.2130 +11.5857 21.9 Added May 25.48 UT               4   0.02 25.7  0.061
C1F3245  75 2026 05 25.4  17.0334 +10.6798 22.9 Added May 25.48 UT               4   0.02 16.9  0.064
SJA1250 100 2026 05 24.9  16.9291 +61.7643 20.3 Added May 25.42 UT               3   0.03 17.5  0.565
C1F2X35  91 2026 05 25.4  16.3597  +2.1350 21.9 Updated May 25.46 UT             8   0.09 21.4  0.073
C1F2HL5 100 2026 05 25.4  16.2839 -11.3678 22.4 Updated May 25.43 UT             8   0.07 25.5  0.109
C1F2HK5 100 2026 05 25.4  16.2149 -11.1502 21.8 Updated May 25.43 UT             8   0.07 22.8  0.111
C1F1TD5 100 2026 05 25.3  15.5186  +4.8039 22.1 Added May 25.33 UT               4   0.02 27.4  0.207
C03UYWZ 100 2026 05 23.4  16.7598 +10.1430 22.9 Added May 25.30 UT               4   0.02 25.5  2.069
6EO3221 100 2026 05 25.0  11.2399 -40.3792 17.4 Updated May 25.37 UT            22   0.35 23.5  0.194
A11CUyv  96 2026 05 24.1  17.6043 -57.5754 19.0 Updated May 25.44 UT            10   1.27 18.7  0.120
A11CUyu  96 2026 05 24.4  18.5903  +7.2387 18.3 Updated May 25.50 UT            43   0.88 20.3  0.202
P12nfw2 100 2026 05 24.6  21.0179  -4.0510 21.1 Added May 24.67 UT               3   0.02 22.3  0.924
NAOCLYL  85 2026 05 23.8  15.8971 -20.2971 21.6 Added May 24.59 UT               4   0.10 21.5  1.679
A11CQzo 100 2026 05 24.4  20.3860 -19.1131 18.8 Added May 24.51 UT               5   0.05 29.9  1.101
P12nfqd 100 2026 05 24.4  15.9471 -22.9711 20.5 Updated May 25.14 UT             7   0.71 21.4  0.413
oKr0080 100 2026 05 23.9  23.4848 +18.5269 20.2 Added May 24.47 UT               3   0.00 15.5  1.646
C1F1535  87 2026 05 24.4  16.7574  +6.2790 22.5 Updated May 25.30 UT            11   0.87 23.3  0.250
C1F0TQ5  89 2026 05 24.4  15.9033  -7.2818 21.7 Updated May 25.39 UT            15   2.93 24.3  0.270
C1F0EU5  87 2026 05 24.3  15.4286 -10.0885 22.1 Updated May 24.39 UT             8   0.07 14.8  1.145
C1F0295  90 2026 05 24.3  15.3320  -7.2639 22.1 Updated May 25.21 UT            17   0.88 22.2  0.339
6EN3D21 100 2026 05 24.2  16.6011 -79.3135 18.8 Updated May 25.35 UT             3   0.01 21.1  1.301
C1EYPU5 100 2026 05 23.4  15.8487  +3.2140 22.9 Updated May 25.26 UT            11   1.87 24.2  0.287
C1EYD55  69 2026 05 23.3  15.7686 -13.3439 22.1 Updated May 25.35 UT            12   0.95 20.1  1.256
NAOCBPP  99 2026 05 20.7  14.8897 -20.3795 22.2 Updated May 25.35 UT             4   0.13 22.4  4.686
C46CD31 100 2026 05 21.4   1.4759  -3.1013 27.2 Updated May 25.35 UT             7   0.05 28.6  4.093
ST26ED1  98 2026 05 21.2   1.6940 -14.6729 27.7 Updated May 25.35 UT            20   0.16 30.2  4.151
TF26EE0 100 2026 05 20.5  16.3552  +8.8066 24.6 Updated May 24.34 UT             4   0.02 28.8  5.052
ST26EC8  98 2026 05 20.4  21.5957 -30.8839 22.9 Updated May 25.35 UT             6   0.14 28.6  5.099
ST26EC7  98 2026 05 20.4   2.4685  -8.4023 30.0 Updated May 25.35 UT             6   0.11 30.3  5.105
ST26EC5 100 2026 05 20.3  15.2004 -18.8420 20.9 Updated May 25.35 UT             4   0.03 24.6  5.197
P12nfaz  43 2026 05 20.3  13.2212 -27.6554 21.9 Updated May 24.34 UT            12   2.87 18.3  2.344
NAOCAN7 100 2026 05 17.7  15.2821 -21.8905 21.0 Updated May 24.34 UT             4   0.10 19.9  7.683
KPMa1Ih  87 2026 05 18.1  11.1248 -27.9480 23.4 Updated May 24.34 UT             5   0.01 20.8  7.433
CEMVK32  53 2026 05 17.4  16.4995  +8.5336 21.7 Updated May 24.42 UT            50  11.97 20.1  1.131
P12neKs  35 2026 05 14.6  18.0298 +56.9950 19.9 Updated May 25.03 UT           167  10.45 15.1  0.516
