P12os9C  92 2026 07 19.5  21.7414 -31.9579 21.0 Added July 19.59 UT              3   0.02 20.9  0.092
P12os4L  88 2026 07 19.4  19.9944 -30.9215 21.7 Added July 19.53 UT              3   0.02 23.0  0.154
P12os34  98 2026 07 19.5  20.3733 -23.8229 21.3 Added July 19.53 UT              3   0.03 23.7  0.142
P12os33 100 2026 07 19.5  20.6511 -28.4948 20.9 Added July 19.53 UT              3   0.03 24.6  0.139
P12os2P 100 2026 07 19.5  20.0793 -30.2872 20.0 Added July 19.53 UT              3   0.02 25.2  0.144
P22orYG 100 2026 07 19.5  21.8724 -20.8723 21.2 Added July 19.52 UT              4   0.03 25.1  0.127
P22orYF 100 2026 07 19.5  20.9369 -21.5424 21.6 Added July 19.52 UT              4   0.03 22.5  0.137
P22orYE 100 2026 07 19.5  21.2065 -17.1188 21.7 Added July 19.52 UT              4   0.03 23.6  0.133
P22orSB 100 2026 07 19.4  19.6613 -29.8469 21.8 Added July 19.50 UT              3   0.01 22.6  0.221
P22orV4  77 2026 07 19.4  20.9345  -2.1700 21.7 Added July 19.50 UT              3   0.03 19.4  0.174
P22orV3 100 2026 07 19.4  20.5102  +0.3554 21.6 Added July 19.50 UT              3   0.02 24.6  0.179
P22orV1 100 2026 07 19.4  20.2566  -4.4116 21.7 Added July 19.50 UT              4   0.03 22.1  0.181
P22orSE 100 2026 07 19.4  19.8854 -25.0483 21.2 Added July 19.50 UT              3   0.01 25.6  0.223
P22orSD 100 2026 07 19.4  19.8646 -25.4404 21.6 Added July 19.50 UT              3   0.01 22.1  0.217
P22orSC  98 2026 07 19.4  19.9066 -28.4265 21.2 Updated July 19.60 UT            8   0.19 26.6  0.036
P22orOr 100 2026 07 19.3  16.0708 +14.4788 22.1 Added July 19.49 UT              3   0.03 22.4  0.256
ST26G80 100 2026 07 19.4  23.1625  -2.7969 19.3 Updated July 19.50 UT            6   0.05 26.5  0.139
P22orOo  98 2026 07 19.4  19.6288 -21.9401 21.3 Updated July 19.54 UT           12   4.14 20.4  0.102
ST26G77 100 2026 07 19.4  21.2778  -1.5657 16.8 Added July 19.38 UT              2   0.00 14.6  0.251
ST26G73 100 2026 07 19.2  20.2148 -14.9614 19.4 Updated July 19.45 UT            8   0.21 24.6  0.190
ST26G72  98 2026 07 19.2  19.8314  -4.4323 19.6 Updated July 19.59 UT           14   0.35 27.5  0.051
P12orqV  83 2026 07 18.5  21.3538  -3.4392 20.9 Updated July 18.90 UT            6   0.07 19.4  1.079
P12orqU  64 2026 07 18.5  21.3009  -3.2705 21.2 Updated July 19.57 UT            9   1.08 20.5  0.067
P12orpW  98 2026 07 18.5  21.6705  -4.3291 20.6 Updated July 19.58 UT            6   1.08 21.8  0.059
P12orbt  72 2026 07 18.4  17.2252 +28.4690 19.7 Updated July 19.61 UT           29   1.15 22.9  0.058
P12orbb  99 2026 07 18.4  19.1938 +43.2618 21.8 Updated July 19.54 UT            8   1.15 22.5  0.089
ST26G68 100 2026 07 18.4  17.9861 +25.6071 17.3 Added July 18.38 UT              2   0.00 17.0  1.260
TF26G47 100 2026 07 18.2  17.4951 +24.5656 21.2 Added July 18.31 UT              2   0.00 24.5  1.385
ST26G65 100 2026 07 18.2  17.1214 +26.6749 21.0 Added July 18.30 UT              2   0.00 24.0  1.400
orA4607 100 2026 07 17.9  16.9349 +67.8314 20.4 Updated July 19.24 UT            3   0.01 20.3  1.674
ZTF10Ev 100 2026 07 17.4   9.6620 -58.2186 26.3 Updated July 19.24 UT            4   0.00 30.0  2.228
RMM2026  35 2026 07 06.3  19.8224 -22.3636 21.8 Updated July 18.48 UT           31  26.84 19.0  1.289
ST26G54  95 2026 07 17.3  18.3143 +14.1705 19.5 Updated July 19.30 UT            5   1.97 14.8  0.328
oNj0343 100 2026 07 15.8  23.4554  +2.8160 21.6 Updated July 19.25 UT            3   0.07 18.4  3.764
A11EQsq 100 2026 07 15.9  17.0132 -65.9686 22.5 Updated July 19.24 UT            4   0.02 28.4  3.733
A11EQfd  10 2026 07 16.4  20.6826  -0.3792 20.0 Updated July 19.62 UT           63   3.15 26.8  0.178
ZTF10Er  98 2026 07 16.3   5.2690 -36.9720 24.7 Updated July 18.51 UT            8   0.11 30.3  3.247
P12ooQQ  87 2026 07 16.6  20.9791  +2.3303 21.1 Updated July 18.26 UT           11   1.91 21.2  1.377
P22ooQq  98 2026 07 16.6   2.0206 +12.4045 21.7 Updated July 19.59 UT           10   2.99 19.2  0.051
P22ooPS 100 2026 07 16.5  10.4081 -28.0842 22.5 Updated July 19.25 UT            3   0.02 25.0  3.103
P22ooOw 100 2026 07 16.3  17.6655 +55.8053 22.2 Updated July 18.52 UT           15   2.03 21.0  1.269
P12ooOy  10 2026 07 16.3  15.1082 +18.5079 22.4 Updated July 19.02 UT           21 4795.84 22.4  1.253
ST26G49 100 2026 07 16.4   1.7654 -34.4423 21.7 Updated July 19.24 UT            4   0.04 27.5  3.216
X89848   77 2026 07 14.8  22.0928 -13.1399 19.6 Updated July 19.24 UT            3   0.03 15.0  4.840
P12onSk 100 2026 07 15.5  22.3394 -32.8078 21.1 Updated July 19.24 UT            9   2.00 20.7  2.113
P12onSj  93 2026 07 15.5  22.8172 -29.3814 21.1 Updated July 19.25 UT            9   2.00 19.0  2.110
ZTF10Ep 100 2026 07 15.3   4.6407  +2.0670 24.9 Updated July 19.24 UT            4   0.04 26.9  4.246
P12onRT  91 2026 07 15.4  20.4607 -39.0469 19.7 Updated July 19.24 UT           16   2.48 20.9  1.709
W2onRQ  100 2026 07 15.4  20.1437  -0.8088 19.9 Updated July 19.38 UT            8   3.95 25.6  0.251
ST26G39  10 2026 07 15.2  17.7649 +44.6074 22.5 Updated July 18.52 UT           28   3.12 26.0  1.282
P12onNw  35 2026 07 14.3  17.4881  -1.5737 20.7 Updated July 19.28 UT           32   6.62 12.3  0.748
TF26G22 100 2026 07 10.3   7.7065 -18.5041 29.4 Updated July 19.25 UT            2   0.00 27.4  9.320
P22nJzF  35 2026 06 22.5  22.3664 +18.2904 21.5 Updated July 19.24 UT           28 300.05 14.2  4.185
