CEMRK82  79 2026 05 16.5  21.5198  -9.7539 21.6 Added May 16.49 UT               3   0.01 17.7  0.189
ST26EA1  98 2026 05 16.4  13.6310 +20.5278 19.0 Updated May 16.57 UT            12   0.15 26.9  0.091
6EF1B21  99 2026 05 16.2  15.2758 -17.9448 20.0 Added May 16.40 UT               3   0.01 21.4  0.465
ST26E98  98 2026 05 16.3  18.0622 +17.3446 20.0 Updated May 16.45 UT            13   0.11 28.6  0.213
CEMK452  91 2026 05 16.3  14.2817  -4.6622 21.4 Updated May 16.34 UT             8   0.05 20.4  0.324
ST26E93  96 2026 05 16.2  15.2777 +10.8791 19.4 Updated May 16.59 UT            24   0.32 27.1  0.083
ST26E89  98 2026 05 16.2  13.7162  +7.7424 18.7 Updated May 16.53 UT            13   0.31 28.8  0.133
CEMEEG2 100 2026 05 16.2  12.3689  -7.8979 21.0 Updated May 16.29 UT            12   0.06 24.5  0.368
A11Cswo 100 2026 05 16.0  17.2844 -23.7435 18.8 Added May 16.13 UT               4   0.02 20.7  0.651
ZTF10Du 100 2026 05 15.3  15.9610 -32.4613 17.9 Added May 15.45 UT               4   0.03 26.1  1.354
ST26E84  98 2026 05 15.4  15.0336 +10.7871 20.2 Updated May 16.23 UT             6   0.47 26.4  0.763
ST26E76  86 2026 05 15.2  14.3228  +8.0771 22.1 Updated May 16.22 UT            17   0.93 30.7  0.486
ST26E75 100 2026 05 15.2  14.8458 -23.2787 18.2 Updated May 15.38 UT             4   0.01 25.6  1.417
6EE3C21  74 2026 05 15.2  15.8233 -19.5563 19.4 Updated May 16.62 UT            22   1.41 25.9  0.047
A11Cr0m  86 2026 05 15.0  16.0661 -50.2788 17.8 Updated May 16.31 UT            19   1.17 20.0  0.505
P12neKJ  83 2026 05 14.3  13.0053 -23.3502 20.9 Updated May 16.45 UT            25   2.06 20.3  0.256
P12neKs  93 2026 05 14.6  18.3137 +57.8965 20.3 Updated May 16.46 UT            30   1.68 15.4  0.400
P12nc1c  84 2026 05 14.5  16.7657  -6.2340 21.7 Updated May 16.36 UT            28   1.87 20.1  0.296
RFD0300 100 2026 05 13.0  19.4302 -44.3918 24.3 Updated May 16.38 UT             2   0.00 29.8  3.622
CEMAUH2 100 2026 05 14.4  16.2531  -4.4756 21.3 Updated May 16.38 UT             6   0.07 23.9  2.210
ST26E61 100 2026 05 14.3  16.5960  +0.6310 22.8 Updated May 16.38 UT             6   0.05 29.0  2.286
ST26E57  74 2026 05 14.3  17.3838 -15.3761 19.8 Updated May 16.57 UT            21   2.12 27.9  0.254
MZ26075 100 2026 05 13.8  16.7608  -1.7776 22.0 Updated May 16.37 UT             3   0.01 27.4  2.830
A11CmCW 100 2026 05 13.3   6.0223 -73.0859 20.4 Updated May 16.38 UT             4   0.02 24.8  3.278
A11CmCS 100 2026 05 13.3  17.0441 -32.7916 20.0 Updated May 16.38 UT             4   0.04 25.4  3.336
OCA1642  84 2026 05 13.1  13.7285 -31.3015 19.4 Updated May 16.37 UT             3   0.02 14.0  3.525
CEM26R2  10 2026 05 12.4  16.5566 +15.3259 20.6 Updated May 16.46 UT            32   4.64 17.0  0.469
CEM1XD2  16 2026 05 12.3  14.4625 +17.2041 22.2 Updated May 16.38 UT            22   7.84 19.2  1.492
SO0005e 100 2026 05 11.7   0.2685  +7.4135 27.7 Updated May 16.38 UT             3   0.00 29.4  4.941
SO0005d 100 2026 05 11.7  19.2122 -23.9600 22.6 Updated May 16.38 UT             4   0.00 28.1  4.940
SO0005c 100 2026 05 11.7  23.0277 -27.5420 24.7 Updated May 16.38 UT             3   0.00 28.4  4.994
SO0005b 100 2026 05 11.6  23.0010  -7.9091 23.3 Updated May 16.37 UT             3   0.00 26.6  5.005
S001563  73 2026 05 07.0  12.9818 -27.1661 21.6 Updated May 16.37 UT             3   0.03 18.3  9.575
C1EUYV5  35 2026 04 27.5  17.2461 +18.8607 21.9 Updated May 15.51 UT            36 299.14 12.8  1.221
