CELY6P2 100 2026 05 11.4  17.0171 +17.8994 21.0 Updated May 11.47 UT             8   0.05 23.0  0.098
ST26E38 100 2026 05 11.3  17.1400  +7.5366 20.0 Updated May 11.43 UT             4   0.02 25.5  0.225
C469HY1 100 2026 05 11.4  16.8487  +0.1003 18.3 Updated May 11.46 UT            11   0.06 25.2  0.109
6EA3I21  62 2026 05 11.3  19.4298  -5.3499 17.0 Added May 11.37 UT               3   0.01 13.0  0.233
CELXZH2 100 2026 05 11.3  14.8115 +23.9726 22.7 Added May 11.37 UT               3   0.01 22.0  0.218
CELXRN2  98 2026 05 11.3  13.1772 +26.4963 20.9 Updated May 11.39 UT             7   0.11 18.4  0.183
TF26E51 100 2026 05 11.3  15.2426  +8.5055 19.2 Added May 11.28 UT               2   0.00 23.3  0.292
ST26E35  98 2026 05 11.2  13.4254  +0.6528 19.1 Updated May 11.51 UT            13   0.30 27.9  0.075
ST26E34 100 2026 05 10.5  14.7681 +21.6958 20.9 Added May 10.70 UT               2   0.00 26.4  1.105
ST26E31  84 2026 05 10.4  13.8468 -12.7161 19.1 Updated May 11.33 UT            34   0.85 26.2  0.272
ZTF10Dp 100 2026 05 10.2  11.7491  +5.8674 18.4 Added May 10.57 UT               4   0.03 21.9  1.323
6E94521 100 2026 05 10.4  19.3746 -56.6072 19.4 Updated May 11.30 UT            13   0.92 19.0  0.288
CELUGK2  93 2026 05 10.3  14.8095 +28.1676 21.6 Updated May 11.19 UT            21   0.85 24.4  0.380
ZTF10Do  96 2026 05 10.2  13.5875  +3.4663 18.2 Updated May 11.56 UT            11   1.27 27.1  0.061
CELU1Q2  98 2026 05 10.2  11.5856 +31.3085 21.4 Updated May 11.21 UT            13   0.99 26.1  0.372
ST26E24  98 2026 05 10.2   3.8180 -20.2325 24.3 Updated May 10.52 UT            13   0.29 29.1  1.090
ZTF10Dn 100 2026 05 09.3  16.7991 -12.8192 20.0 Updated May 11.31 UT             4   0.04 26.9  2.230
XA9ttXA  97 2026 05 08.8  15.1243  +1.8339 22.6 Updated May 11.23 UT            13   2.46 21.8  0.348
ST26E18 100 2026 05 09.4  15.4604 -14.1182 22.4 Updated May 11.31 UT             4   0.00 30.1  2.200
CELT0C2  79 2026 05 09.2  12.7129 +43.8485 20.9 Updated May 11.05 UT            26   1.80 22.8  0.516
CELRZD2 100 2026 05 09.2  12.5294 +35.7099 22.0 Updated May 11.31 UT             8   0.10 22.6  2.218
TF26E23 100 2026 05 09.2  12.9987  -4.0760 17.5 Updated May 11.56 UT             2   0.00 19.6  2.349
ZTF10Dl 100 2026 05 08.3  18.7512 -15.5295 20.9 Updated May 10.31 UT             4   0.03 27.0  3.197
ST26E14 100 2026 05 08.4  13.3654  -3.3710 17.9 Updated May 10.31 UT             2   0.00 21.3  3.141
P22n0vC  24 2026 05 08.3  14.8085  +9.8107 22.4 Updated May 11.21 UT            25   2.87 19.9  0.361
CELLEH2  86 2026 05 08.3  15.8639 -16.4505 23.3 Updated May 11.31 UT            13   1.86 32.7  1.409
P22n0fQ  97 2026 05 07.4  15.0842  +9.9771 22.5 Updated May 11.31 UT             3   0.04 24.4  4.158
ZTF10Di 100 2026 05 07.4  22.0871 -11.0098 22.7 Updated May 11.31 UT             4   0.02 27.4  4.173
S001563  73 2026 05 07.0  12.9961 -26.9319 21.5 Updated May 11.31 UT             3   0.03 17.9  4.489
P22mZLU  68 2026 05 06.3  11.7929 -16.5075 21.0 Updated May 11.56 UT            17   4.96 20.7  0.333
A11BRI6  51 2026 05 03.0  10.8739 -39.6777 18.8 Updated May 11.39 UT            55   7.13 19.8  1.423
ZTF10Df  98 2026 05 02.2  10.4252  +1.4297 23.7 Updated May 11.31 UT             9   0.68 26.6  8.722
C1EUYV5  35 2026 04 27.5  17.3157 +18.5910 21.7 Updated May 11.29 UT            30  13.80 12.6  0.297
