ZTF10Du 100 2026 05 15.3  15.2674 -28.0157 17.0 Added May 15.45 UT               4   0.03 26.1  0.729
ST26E84 100 2026 05 15.4  14.8487 +10.7280 20.0 Updated May 15.45 UT             4   0.03 24.4  0.583
TF26E97  98 2026 05 15.3  16.0320 -20.3458 18.8 Updated May 15.57 UT             4   0.12 27.4  0.575
ST26E76  98 2026 05 15.2  14.4589  +7.1999 21.2 Updated May 15.92 UT            11   0.67 30.6  0.114
ST26E75 100 2026 05 15.2  14.7698 -10.7566 18.4 Updated May 15.38 UT             4   0.01 25.6  0.792
6EE3C21 100 2026 05 15.2  15.6829 -21.3815 19.1 Updated May 15.97 UT            14   0.76 25.9  0.071
A11Cr0m 100 2026 05 15.0  16.0271 -51.5333 17.9 Updated May 15.37 UT            14   0.31 20.0  0.734
P12neKJ 100 2026 05 14.3  13.0128 -23.4034 20.9 Updated May 15.88 UT            13   1.51 20.1  0.182
P12neKs  67 2026 05 14.6  18.3321 +57.9363 20.2 Updated May 15.94 UT            13   1.36 15.3  0.092
P12nc1c  96 2026 05 14.5  16.7826  -6.4211 21.7 Updated May 15.38 UT            21   0.90 20.1  0.647
RFD0300 100 2026 05 13.0   0.1001 -31.7878 25.4 Added May 14.52 UT               2   0.00 29.5  2.997
CEMAUH2 100 2026 05 14.4  16.3349  -1.8123 21.3 Updated May 14.46 UT             6   0.07 24.0  1.585
ST26E61 100 2026 05 14.3  16.5230  +0.5456 22.2 Updated May 14.37 UT             6   0.05 28.7  1.661
ST26E57  98 2026 05 14.3  16.7348 -12.3688 19.5 Updated May 15.95 UT            15   1.67 28.0  0.084
MZ26075 100 2026 05 13.8  17.2178  +7.8948 20.2 Updated May 15.33 UT             3   0.01 25.5  2.205
A11CmCW 100 2026 05 13.3   5.8660 -73.1608 19.9 Updated May 15.33 UT             4   0.02 25.5  2.653
A11CmCS 100 2026 05 13.3  16.9190 -34.3132 19.8 Updated May 15.33 UT             4   0.04 25.5  2.711
OCA1642  84 2026 05 13.1  13.7386 -31.2675 19.4 Updated May 15.33 UT             3   0.02 13.1  2.900
CEM26R2  18 2026 05 12.4  16.5683 +15.3655 20.6 Updated May 15.33 UT            21   2.69 17.0  1.788
CEM1XD2  11 2026 05 12.3  14.4753 +17.2996 22.2 Updated May 15.17 UT            22   7.84 19.2  0.867
SO0005e 100 2026 05 11.7   0.1743  +6.3600 27.2 Updated May 14.35 UT             3   0.00 28.9  4.316
SO0005d 100 2026 05 11.7  19.1760 -24.2090 22.4 Updated May 14.34 UT             4   0.00 28.2  4.315
SO0005c 100 2026 05 11.7  22.7841 -29.0161 24.2 Updated May 14.34 UT             3   0.00 28.6  4.369
SO0005b 100 2026 05 11.6  23.0051  -7.8869 23.0 Updated May 14.34 UT             3   0.00 26.6  4.380
CELXZH2 100 2026 05 11.3  14.7247 +24.4350 22.2 Updated May 14.35 UT             3   0.01 25.0  4.679
S001563  73 2026 05 07.0  12.9789 -27.1473 21.6 Updated May 14.34 UT             3   0.03 17.5  8.950
C1EUYV5  35 2026 04 27.5  17.2548 +18.8297 21.9 Updated May 15.51 UT            36 299.14 12.8  0.596
