CEP5YT2 100 2026 05 27.2  14.3324 +38.0903 21.3 Updated May 28.19 UT            11   0.93 25.0  0.651
A11CWPw 100 2026 05 26.6   1.6741 +11.8278 21.0 Updated May 28.36 UT             4   0.02 28.8  2.250
C1F4195 100 2026 05 26.4  16.1511 +10.7502 22.8 Updated May 28.36 UT             7   0.07 27.7  2.377
P12nfxd 100 2026 05 25.6  17.7911 +17.3685 21.9 Updated May 28.36 UT            14   2.00 22.6  2.392
C1F32J5 100 2026 05 25.4  17.1748 +18.2036 22.1 Updated May 27.70 UT            11   1.88 23.6  1.492
C1F3245  48 2026 05 25.4  16.9616 +10.3848 22.6 Updated May 28.36 UT            11   1.00 20.3  2.381
SJA1250 100 2026 05 24.9  16.7213 +60.4150 20.2 Updated May 27.36 UT             3   0.03 17.1  3.859
C1F2HL5 100 2026 05 25.4  16.6962 -12.2325 22.4 Updated May 28.36 UT             8   0.07 25.5  3.403
C1F1TD5 100 2026 05 25.3  15.8319  +4.5257 25.6 Updated May 28.36 UT             4   0.02 33.9  3.501
C03UYWZ  98 2026 05 23.4  16.7147 +16.4997 22.2 Updated May 27.70 UT            13   5.98 23.1  2.403
P12nfw2 100 2026 05 24.6  21.1975  -2.7251 21.6 Updated May 27.69 UT            14   3.01 20.3  1.224
NAOCLYL  85 2026 05 23.8  15.9112 -17.1783 21.9 Updated May 28.36 UT             4   0.10 21.5  4.974
A11CQzo 100 2026 05 24.4  22.3440 -16.0661 22.2 Updated May 28.36 UT             5   0.05 29.8  4.395
oKr0080 100 2026 05 23.9  23.4965 +18.6191 20.4 Updated May 28.36 UT             3   0.00 17.8  4.940
C1F1535  97 2026 05 24.4  16.7579  +7.2022 22.3 Updated May 28.36 UT            11   0.87 23.3  3.544
6EN3D21 100 2026 05 24.2  16.0656 -80.6065 18.9 Updated May 28.36 UT             3   0.01 18.8  4.595
C1EYPU5 100 2026 05 23.4  15.9057  +3.6597 22.9 Updated May 28.37 UT            11   1.87 24.1  3.581
NAOCBPP  99 2026 05 20.7  14.9398 -22.3691 22.4 Updated May 28.36 UT             4   0.13 22.4  7.980
ST26EC8  98 2026 05 20.4  22.3077 -30.9245 24.2 Updated May 28.36 UT             6   0.14 28.6  8.393
P12nfaz  43 2026 05 20.3  13.2015 -27.0374 22.1 Updated May 28.36 UT            12   2.87 18.4  5.638
NAOCAN7 100 2026 05 17.7  15.2914 -21.9738 21.3 Updated May 28.37 UT             4   0.10 20.1 10.978
KPMa1Ih  87 2026 05 18.1  11.1331 -29.3095 23.6 Updated May 28.36 UT             5   0.01 20.8 10.727
CEMVK32  51 2026 05 17.4  16.2783  +6.9850 21.8 Updated May 27.66 UT            59  13.11 20.1  3.288
