A11CmCW 100 2026 05 13.3   2.7751 -79.1302 18.3 Added May 13.75 UT               4   0.02 24.5  0.651
A11CmCS 100 2026 05 13.3  16.2230 -41.1051 18.8 Added May 13.75 UT               4   0.04 25.4  0.710
OCA1642  79 2026 05 13.1  13.7712 -31.1482 19.4 Added May 13.56 UT               3   0.02 13.4  0.898
P22nay8  81 2026 05 13.4  15.7702  -1.9001 21.3 Added May 13.52 UT               3   0.02 22.9  0.569
P22nawA 100 2026 05 13.4  15.1594  -3.1958 21.1 Updated May 13.90 UT             7   0.45 24.7  0.139
A11Cmv6 100 2026 05 13.0   8.6399 -50.6989 18.7 Updated May 13.51 UT             7   0.43 17.7  0.545
ST26E47  79 2026 05 12.4  14.9329 -25.0201 19.3 Updated May 13.91 UT            22   1.48 24.9  0.122
P22n4V7 100 2026 05 12.4  14.3811 -19.6980 21.8 Updated May 13.34 UT            12   0.95 21.1  0.688
P22n4V6  91 2026 05 12.4  13.9508 -22.9470 21.6 Updated May 13.32 UT            16   0.93 23.5  0.711
CEM28F2  93 2026 05 12.4  17.9999 +18.9800 20.6 Updated May 13.96 UT            23   1.54 24.7  0.078
P22n4PC  67 2026 05 12.4  13.9691 -13.8126 20.6 Updated May 13.93 UT            11   1.55 21.0  0.112
CEM26R2  30 2026 05 12.4  16.6051 +15.4751 20.6 Updated May 13.26 UT            16   1.45 17.0  1.031
CEM1XD2  23 2026 05 12.3  14.5170 +17.5875 22.2 Updated May 13.86 UT            18   6.19 19.2  0.509
CEM1R02  10 2026 05 12.3  13.5517 +16.9533 21.7 Updated May 14.02 UT            30  20.60 22.1  0.054
SO0005e 100 2026 05 11.7  23.8561  +2.7146 25.5 Updated May 13.34 UT             3   0.00 28.9  2.315
SO0005d 100 2026 05 11.7  18.7576 -26.6442 21.1 Updated May 13.34 UT             4   0.00 28.3  2.313
SO0005c 100 2026 05 11.7  22.3740 -31.1680 22.8 Updated May 13.34 UT             3   0.00 28.3  2.367
SO0005b 100 2026 05 11.6  22.6105 -11.9250 21.5 Updated May 13.33 UT             3   0.00 26.7  2.378
CELXZH2 100 2026 05 11.3  14.7647 +24.2213 22.6 Updated May 13.34 UT             3   0.01 22.1  2.678
ST26E34 100 2026 05 10.5  14.8560 +18.6782 23.9 Updated May 13.34 UT             2   0.00 28.1  3.565
6E94521  10 2026 05 10.4  19.5901 -62.3767 19.6 Updated May 13.71 UT            34   3.04 19.1  0.625
XA9ttXA  75 2026 05 08.8  15.0727  +1.9333 22.5 Updated May 13.17 UT            19   4.39 21.8  0.875
ST26E18 100 2026 05 09.4  15.5040 -14.4868 24.0 Updated May 13.34 UT             4   0.00 30.3  4.660
CELRZD2 100 2026 05 09.2  12.4064 +36.8939 22.5 Updated May 13.33 UT             8   0.10 22.9  4.677
ST26E14 100 2026 05 08.4  13.3179  -2.8454 18.6 Updated May 13.34 UT             2   0.00 17.6  5.601
P22n0fQ  97 2026 05 07.4  15.0247 +10.7468 21.7 Updated May 13.34 UT             3   0.04 23.4  6.618
S001563  73 2026 05 07.0  12.9890 -27.0400 21.5 Updated May 13.34 UT             3   0.03 18.4  6.949
A11BRI6  10 2026 05 03.0  11.3233 -38.3670 19.2 Updated May 13.96 UT            86  10.91 19.9  0.099
C1EUYV5  35 2026 04 27.5  17.2824 +18.7263 21.9 Updated May 13.76 UT            36 297.21 12.8  0.528
