P12nf3G  89 2026 05 17.5  16.2618  -8.0510 21.6 Added May 17.58 UT               3   0.02 24.2  0.194
P22nf3F  66 2026 05 17.5  17.5998 +36.8808 21.5 Added May 17.57 UT               4   0.04 17.0  0.162
A11CvyY 100 2026 05 17.4  14.1986 -24.0733 19.5 Updated May 17.61 UT            13   0.23 23.3  0.098
CEMVK32  98 2026 05 17.4  17.1192 +12.2895 21.7 Updated May 17.51 UT            14   0.11 19.4  0.220
CEMVGV2 100 2026 05 17.3  16.1188 +11.9763 20.0 Updated May 17.55 UT            21   0.20 25.9  0.154
CEMV1Q2  98 2026 05 17.3  15.2087  +7.6187 21.0 Updated May 17.44 UT            16   0.13 26.3  0.263
CEMUUC2 100 2026 05 17.3  14.4730 +10.1198 20.5 Updated May 17.39 UT            14   0.10 25.6  0.309
A11Cvk7 100 2026 05 16.9  13.9764 -73.1429 19.6 Added May 16.99 UT               4   0.03 21.5  0.766
CEMRK82  84 2026 05 16.5  21.5492  -9.9491 21.6 Added May 16.49 UT               3   0.01 17.7  1.230
ST26E98  86 2026 05 16.3  19.3792 +32.8859 21.6 Updated May 17.34 UT            17   1.63 29.0  0.722
CEMK452  77 2026 05 16.3  14.2976  -4.4940 21.5 Updated May 17.33 UT            24   1.03 22.1  0.381
A11Cswo 100 2026 05 16.0  17.2311 -23.5134 18.6 Updated May 17.33 UT             4   0.02 22.1  1.693
ZTF10Du 100 2026 05 15.3  16.7097 -35.7794 19.0 Updated May 17.33 UT             4   0.03 26.4  2.396
ST26E84  98 2026 05 15.4  15.2759 +10.7618 20.5 Updated May 17.33 UT             6   0.47 26.4  1.805
ST26E76  74 2026 05 15.2  14.2177  +8.7339 23.2 Updated May 17.28 UT            17   2.00 30.8  0.458
ST26E75  98 2026 05 15.2   2.4746 -26.3251 25.3 Updated May 16.82 UT             7   0.09 28.6  2.375
P12neKs  91 2026 05 14.6  18.2826 +57.8238 20.3 Updated May 17.36 UT            48   2.50 15.4  0.623
P12nc1c  82 2026 05 14.5  16.7369  -5.9191 21.7 Updated May 17.45 UT            31   2.96 20.2  0.247
RFD0300 100 2026 05 13.0  19.5752 -44.7127 24.8 Updated May 16.38 UT             2   0.00 29.8  4.664
CEMAUH2 100 2026 05 14.4  16.1253  -8.6018 21.2 Updated May 16.38 UT             6   0.07 23.9  3.252
ST26E61 100 2026 05 14.3  16.6667  +0.7055 23.5 Updated May 16.38 UT             6   0.05 29.0  3.328
MZ26075 100 2026 05 13.8  16.8028  -0.9963 22.5 Updated May 16.37 UT             3   0.01 27.4  3.872
A11CmCW 100 2026 05 13.3   6.2396 -71.9011 20.8 Updated May 16.38 UT             4   0.02 24.8  4.320
A11CmCS 100 2026 05 13.3  17.1787 -31.0827 20.4 Updated May 16.38 UT             4   0.04 25.4  4.378
OCA1642  84 2026 05 13.1  13.7119 -31.3581 19.4 Updated May 16.37 UT             3   0.02 14.0  4.566
CEM26R2  10 2026 05 12.4  16.5367 +15.2541 20.5 Updated May 17.49 UT            38   5.52 17.0  0.624
CEM1XD2  11 2026 05 12.3  14.4416 +17.0393 22.3 Updated May 17.20 UT            25   9.86 19.3  0.509
S001563  73 2026 05 07.0  12.9802 -27.2111 21.7 Updated May 16.37 UT             3   0.03 18.3 10.617
C1EUYV5  35 2026 04 27.5  17.2315 +18.9111 21.9 Updated May 16.81 UT            36 300.17 12.8  1.233
