P12nfxd  95 2026 05 25.6  17.8409 +16.0427 21.6 Added May 25.70 UT               4   0.03 17.5  0.153
P12nfwU  93 2026 05 25.5  16.9072 +14.3513 21.6 Added May 25.64 UT               3   0.02 21.2  0.209
C1F32J5 100 2026 05 25.4  17.2119 +11.9967 22.0 Added May 25.48 UT               4   0.02 25.7  0.270
C1F3245  75 2026 05 25.4  17.0288 +10.6640 22.9 Added May 25.48 UT               4   0.02 16.9  0.272
SJA1250 100 2026 05 24.9  16.9153 +61.6843 20.3 Added May 25.42 UT               3   0.03 17.5  0.773
C1F2X35  91 2026 05 25.4  16.3535  +1.8839 21.9 Updated May 25.46 UT             8   0.09 21.4  0.282
C1F2HL5 100 2026 05 25.4  16.3098 -11.4239 22.4 Updated May 25.43 UT             8   0.07 25.5  0.317
C1F2HK5 100 2026 05 25.4  16.2043 -11.3421 21.8 Updated May 25.43 UT             8   0.07 22.8  0.319
C1F1TD5 100 2026 05 25.3  15.5545  +4.6473 22.0 Added May 25.33 UT               4   0.02 27.4  0.415
C03UYWZ 100 2026 05 23.4  16.7586 +10.4146 22.9 Added May 25.30 UT               4   0.02 25.5  2.277
6EO3221 100 2026 05 25.0  11.3015 -39.6090 17.2 Updated May 25.37 UT            22   0.35 23.5  0.402
A11CUyv  96 2026 05 24.1  17.5993 -57.3837 19.0 Updated May 25.44 UT            10   1.27 18.7  0.329
P12nfw2 100 2026 05 24.6  21.0219  -3.9985 21.4 Updated May 25.71 UT             5   1.00 19.3  0.148
NAOCLYL  85 2026 05 23.8  15.8979 -20.0879 21.6 Added May 24.59 UT               4   0.10 21.5  1.888
A11CQzo 100 2026 05 24.4  20.7429 -18.8943 19.2 Added May 24.51 UT               5   0.05 29.9  1.309
P12nfqd 100 2026 05 24.4  15.9419 -22.7369 20.5 Updated May 25.69 UT             9   1.06 21.5  0.270
oKr0080 100 2026 05 23.9  23.4856 +18.5330 20.2 Added May 24.47 UT               3   0.00 15.5  1.854
C1F1535  87 2026 05 24.4  16.7575  +6.3372 22.5 Updated May 25.30 UT            11   0.87 23.3  0.458
C1F0TQ5  89 2026 05 24.4  15.8904  -7.5648 21.7 Updated May 25.39 UT            15   2.93 24.3  0.479
C1F0EU5  87 2026 05 24.3  15.4242 -10.0875 22.1 Updated May 24.39 UT             8   0.07 14.8  1.353
C1F0295  90 2026 05 24.3  15.3281  -7.2213 22.1 Updated May 25.21 UT            17   0.88 22.2  0.547
6EN3D21 100 2026 05 24.2  16.5733 -79.4180 18.8 Updated May 25.35 UT             3   0.01 21.1  1.509
C1EYPU5 100 2026 05 23.4  15.8523  +3.2461 22.9 Updated May 25.26 UT            11   1.87 24.2  0.495
C1EYD55  69 2026 05 23.3  15.7624 -13.3926 22.1 Updated May 25.35 UT            12   0.95 20.1  1.465
NAOCBPP  99 2026 05 20.7  14.8927 -20.5099 22.2 Updated May 25.35 UT             4   0.13 22.4  4.894
C46CD31 100 2026 05 21.4   1.5012  -3.0655 27.3 Updated May 25.35 UT             7   0.05 28.6  4.301
ST26ED1  98 2026 05 21.2   1.7054 -14.6281 27.8 Updated May 25.35 UT            20   0.16 30.2  4.359
TF26EE0 100 2026 05 20.5  16.3537  +8.8018 24.7 Updated May 24.34 UT             4   0.02 28.8  5.260
ST26EC8  98 2026 05 20.4  21.6701 -30.9303 23.0 Updated May 25.35 UT             6   0.14 28.6  5.307
ST26EC7  98 2026 05 20.4   2.4721  -8.3988 30.1 Updated May 25.35 UT             6   0.11 30.3  5.313
P12nfaz  43 2026 05 20.3  13.2198 -27.6161 21.9 Updated May 24.34 UT            12   2.87 18.3  2.552
NAOCAN7 100 2026 05 17.7  15.2826 -21.8956 21.0 Updated May 24.34 UT             4   0.10 19.9  7.892
KPMa1Ih  87 2026 05 18.1  11.1251 -28.0355 23.4 Updated May 24.34 UT             5   0.01 20.8  7.641
CEMVK32  53 2026 05 17.4  16.4848  +8.4344 21.7 Updated May 24.42 UT            50  11.97 20.1  1.339
P12neKs  35 2026 05 14.6  18.0227 +56.9657 19.9 Updated May 25.03 UT           167  10.45 15.1  0.724
