MZ26075 100 2026 05 13.8  16.4978  -6.3655 19.4 Added May 14.13 UT               3   0.01 25.1  0.412
A11CmCW 100 2026 05 13.3   3.5570 -78.8448 18.6 Added May 13.75 UT               4   0.02 24.5  0.860
A11CmCS 100 2026 05 13.3  16.3421 -40.0939 18.9 Added May 13.75 UT               4   0.04 25.4  0.918
OCA1642  84 2026 05 13.1  13.7678 -31.1598 19.4 Added May 13.56 UT               3   0.02 13.4  1.106
P22nay8  74 2026 05 13.4  15.7630  -1.9385 21.5 Updated May 14.14 UT             6   0.69 16.5  0.107
P22nawA 100 2026 05 13.4  15.1683  -3.1785 21.2 Updated May 14.19 UT            13   0.74 24.7  0.053
A11Cmv6 100 2026 05 13.0   8.6121 -50.6143 18.8 Updated May 14.10 UT            10   0.91 18.6  0.270
P22n4V7  96 2026 05 12.4  14.3747 -19.6239 21.8 Updated May 14.13 UT            15   1.72 21.1  0.118
P22n4V6  81 2026 05 12.4  13.9382 -22.9638 21.6 Updated May 14.09 UT            19   1.59 23.5  0.253
CEM28F2  91 2026 05 12.4  18.0961 +19.5561 20.6 Updated May 14.05 UT            25   1.61 24.7  0.222
P22n4PC  55 2026 05 12.4  13.9686 -13.6508 20.6 Updated May 14.21 UT            17   1.83 21.0  0.042
CEM26R2  30 2026 05 12.4  16.6013 +15.4649 20.6 Updated May 13.26 UT            16   1.45 17.0  1.239
CEM1XD2  13 2026 05 12.3  14.5126 +17.5588 22.2 Updated May 14.22 UT            20   6.88 19.2  0.025
SO0005e 100 2026 05 11.7  23.8958  +3.1737 25.7 Updated May 13.34 UT             3   0.00 28.9  2.523
SO0005d 100 2026 05 11.7  18.8138 -26.3365 21.2 Updated May 13.34 UT             4   0.00 28.3  2.522
SO0005c 100 2026 05 11.7  22.4897 -30.6006 23.0 Updated May 13.34 UT             3   0.00 28.3  2.576
SO0005b 100 2026 05 11.6  22.6545 -11.4828 21.7 Updated May 13.33 UT             3   0.00 26.7  2.587
CELXZH2 100 2026 05 11.3  14.7608 +24.2380 22.6 Updated May 13.34 UT             3   0.01 22.1  2.886
ST26E34 100 2026 05 10.5  14.8534 +18.7894 24.0 Updated May 13.34 UT             2   0.00 28.1  3.773
6E94521  10 2026 05 10.4  19.6117 -62.8642 19.5 Updated May 14.20 UT            41   3.81 19.0  0.059
ST26E18 100 2026 05 09.4  15.5063 -14.5124 24.1 Updated May 13.34 UT             4   0.00 30.3  4.868
CELRZD2 100 2026 05 09.2  12.3986 +36.9656 22.6 Updated May 13.33 UT             8   0.10 22.9  4.886
ST26E14 100 2026 05 08.4  13.3143  -2.8053 18.6 Updated May 13.34 UT             2   0.00 17.6  5.809
P22n0fQ  97 2026 05 07.4  15.0216 +10.7828 21.7 Updated May 13.34 UT             3   0.04 23.4  6.826
S001563  73 2026 05 07.0  12.9884 -27.0495 21.5 Updated May 13.34 UT             3   0.03 18.4  7.157
A11BRI6  10 2026 05 03.0  11.3557 -38.2568 19.2 Updated May 13.96 UT            86  10.91 19.9  0.307
C1EUYV5  35 2026 04 27.5  17.2795 +18.7373 21.9 Updated May 13.76 UT            36 297.21 12.8  0.736
