ST26EC8 100 2026 05 20.4  15.6413  +2.9369 19.5 Added May 20.60 UT               2   0.00 27.5  0.197
ST26EC7 100 2026 05 20.4  16.3110  +8.8138 17.5 Updated May 20.60 UT             4   0.01 29.5  0.185
ST26EC5 100 2026 05 20.3  17.4610  -2.5964 19.0 Updated May 20.59 UT             4   0.03 24.6  0.278
P12nfgD  88 2026 05 20.4  16.0044  -7.1798 21.7 Added May 20.55 UT               4   0.04 20.7  0.137
P12nffX  11 2026 05 20.5  16.4023 -20.6843 21.5 Added May 20.55 UT               3   0.01 20.2  0.105
P12nfdO 100 2026 05 20.5  16.2592 -22.8146 21.1 Added May 20.54 UT               3   0.02 24.2  0.113
P12nffV  71 2026 05 20.5  16.5095 -19.5322 20.5 Added May 20.54 UT               4   0.03 19.8  0.104
P12nfdQ 100 2026 05 20.4  15.6913 -16.1642 19.9 Added May 20.54 UT               3   0.03 26.4  0.141
P22nfcp 100 2026 05 20.4  16.9368  +3.5206 20.8 Added May 20.48 UT               3   0.03 21.4  0.160
P22nfcS  85 2026 05 20.4  16.9200  +2.2482 20.5 Added May 20.48 UT               3   0.03 17.5  0.160
P12nfck 100 2026 05 20.4  14.1972 -26.3850 19.3 Updated May 20.50 UT             4   0.03 26.4  0.208
P12nfaz  92 2026 05 20.3  13.2613 -28.5840 21.7 Added May 20.44 UT               3   0.03 18.8  0.260
P22nfat  86 2026 05 20.4  16.2131 +21.3200 21.6 Added May 20.44 UT               3   0.04 19.3  0.220
P22nfau  68 2026 05 20.4  16.7758 +17.0262 21.3 Updated May 20.48 UT             8   7.83 19.0  0.215
P22nfad 100 2026 05 20.4  16.9693 +20.3802 21.0 Updated May 20.43 UT             3   0.03 23.5  0.226
CEN5QX2  91 2026 05 19.4  16.1894 -14.9349 20.6 Updated May 20.52 UT            21   1.02 25.4  0.199
A11CGDH 100 2026 05 19.2  16.3756 -71.7876 19.1 Updated May 20.02 UT             7   0.76 22.0  0.635
A11CGDI  96 2026 05 19.2  17.2200 -44.7151 18.8 Updated May 20.26 UT            21   0.88 21.5  0.549
NAOCAN7 100 2026 05 17.7  15.2749 -21.7549 20.7 Updated May 20.34 UT             4   0.10 20.1  2.764
KPMa1Ih  87 2026 05 18.1  11.1290 -25.7492 23.2 Updated May 20.34 UT             5   0.01 20.8  2.513
A11CDyX  83 2026 05 18.0  10.9086 -31.8509 19.6 Updated May 20.30 UT            19   1.92 20.6  0.643
CEMVK32  35 2026 05 17.4  16.8738 +10.8972 21.6 Updated May 20.52 UT            41   7.48 20.1  0.703
A11Cvk7 100 2026 05 16.9  13.1560 -70.8611 19.8 Updated May 20.34 UT             4   0.03 22.4  3.687
CEMRK82  84 2026 05 16.5  21.6318 -10.5351 21.5 Updated May 20.34 UT             3   0.01 17.4  4.151
A11Cswo 100 2026 05 16.0  17.0877 -22.9065 18.5 Updated May 20.34 UT             4   0.02 21.9  4.614
ST26E75  98 2026 05 15.2   2.5324 -20.7271 27.8 Updated May 20.34 UT             7   0.09 28.6  5.295
P12neKs  35 2026 05 14.6  18.1919 +57.5751 20.0 Updated May 20.37 UT           101   5.47 15.2  0.570
CEMAUH2 100 2026 05 14.4  15.8024 -18.4794 21.1 Updated May 20.34 UT             6   0.07 23.9  6.172
