A11EvW3 100 2026 07 12.2  18.0872 -14.1366 20.0 Added July 12.18 UT              3   0.00 23.2  0.123
P12o4vO 100 2026 07 11.6  23.8713  +3.3252 18.0 Updated July 12.08 UT            3   0.01 26.3  0.691
P12o4vF  88 2026 07 11.5  22.6969 -18.3357 21.8 Added July 11.86 UT              4   0.03 20.3  0.715
P12o4vm  86 2026 07 11.5  22.4541 -18.1396 20.6 Added July 11.80 UT              4   0.03 18.4  0.716
P12o4vl  99 2026 07 11.5  22.4106 -19.1546 20.8 Added July 11.79 UT              4   0.03 19.1  0.716
P12o4vk  96 2026 07 11.5  22.3453 -20.7241 20.8 Updated July 12.06 UT            7  21.01 19.2  0.719
P12o4v9 100 2026 07 11.6  22.9429 -19.0257 20.7 Added July 11.79 UT              3   0.02 21.9  0.713
ZTF10El 100 2026 07 11.3  23.5924  -3.0999 19.7 Added July 11.69 UT              4   0.02 27.9  0.952
ZTF10En 100 2026 07 11.4  20.9845 +19.2597 19.2 Added July 11.69 UT              2   0.00 23.7  0.889
S001621 100 2026 07 11.2  21.9864 -32.7461 20.1 Added July 11.59 UT              3   0.04 20.3  1.024
P12o2DL 100 2026 07 11.5  21.7482  +6.5618 21.2 Updated July 12.04 UT           10   0.53 21.9  0.278
P12o2DM  98 2026 07 11.5  21.6828  +3.3403 21.7 Updated July 12.04 UT            5   0.10 26.6  0.709
CEQM6J2  79 2026 07 11.3  21.4691 -15.5208 19.1 Updated July 12.29 UT           45   1.76 25.7  0.178
A11EvW0 100 2026 07 11.3  19.5893 -26.9010 19.1 Added July 11.32 UT              4   0.02 24.9  1.015
ST26G26 100 2026 07 10.5  20.4795  +3.0751 20.8 Updated July 12.25 UT            4   0.01 27.0  1.824
A11Evr9 100 2026 07 10.0  21.3738 -50.3400 17.7 Updated July 12.25 UT            7   0.03 23.7  2.219
TF26G22 100 2026 07 10.3  18.7834 +13.8160 19.7 Updated July 11.28 UT            2   0.94 25.8  1.054
ST26G18 100 2026 07 10.3   6.4014 +75.6393 22.8 Updated July 12.25 UT            4   0.02 26.1  1.960
ST26G17 100 2026 07 10.3   7.6259 -18.9402 27.3 Updated July 12.25 UT            2   0.00 28.8  2.003
CEQKE72  78 2026 07 10.3  16.2832 +11.1381 20.9 Updated July 12.28 UT           33   1.86 23.1  0.171
A11Evap  86 2026 07 09.9  19.8217 -36.5115 19.2 Updated July 11.90 UT           17   1.97 21.9  0.400
P12o0YY  99 2026 07 09.5  20.7479 -21.4785 20.9 Updated July 12.25 UT            6   0.08 18.9  2.748
CEQJF02  86 2026 07 09.3  22.9541 +13.8234 21.3 Updated July 11.42 UT           19   1.83 27.1  1.124
P12o0Y1 100 2026 07 08.5  20.2235 -29.5746 21.3 Updated July 12.25 UT           12  18.41 22.5  2.327
P12nXce 100 2026 07 08.5  21.7963 -34.0992 21.1 Updated July 11.49 UT           11   2.75 21.5  1.029
P12nXcA  68 2026 07 08.5  21.0054 -24.3188 19.6 Updated July 12.14 UT           21   3.51 22.8  0.276
A11EpSe  75 2026 07 08.2  19.6476 -29.6725 19.2 Updated July 11.89 UT           16   3.70 19.0  0.416
W2nCdO   79 2026 07 07.4  19.1496 -24.7082 23.9 Updated July 12.25 UT           11  19.01 26.6  2.867
ST26G01  98 2026 07 07.2  21.0639 -60.3952 21.9 Updated July 12.25 UT           14   0.10 27.0  4.941
P22nTNT  10 2026 07 06.5  18.2938 +17.3309 21.1 Updated July 12.14 UT           27   5.67 19.1  0.159
MAS0006  35 2026 06 19.3  18.3559 +23.9211 20.0 Updated July 12.20 UT          151  22.68  9.0  0.305
OMO0297  87 2026 06 25.8  23.6938  +3.9089 21.9 Updated July 12.25 UT           12  12.63 20.1  3.837
P22nJzF  35 2026 06 22.5  22.4960 +18.8536 21.5 Updated July 12.25 UT           23  25.46 14.1  2.283
