P22nf7J 100 2026 05 17.6  16.4128 +32.5771 21.3 Added May 17.77 UT               3   0.04 19.5  0.299
P22nf7G 100 2026 05 17.6  16.1927 +34.3833 22.1 Added May 17.77 UT               4   0.04 22.8  0.300
P12nf3G  75 2026 05 17.5  16.2557  -8.1908 21.7 Updated May 17.87 UT            13  20.08 24.5  0.404
P22nf3F  64 2026 05 17.5  17.5996 +36.9179 21.6 Updated May 17.78 UT             6   0.12 17.1  0.290
A11CvyY 100 2026 05 17.4  14.2206 -23.4288 19.5 Updated May 17.61 UT            13   0.23 23.3  0.308
CEMVK32  98 2026 05 17.4  17.1007 +12.1897 21.7 Updated May 17.51 UT            14   0.11 19.4  0.430
CEMV1Q2  88 2026 05 17.3  15.2558  +7.4909 21.0 Updated May 17.89 UT            18   0.58 26.3  0.023
A11Cvk7 100 2026 05 16.9  13.8967 -72.9867 19.6 Added May 16.99 UT               4   0.03 21.5  0.975
CEMRK82  84 2026 05 16.5  21.5551  -9.9891 21.6 Added May 16.49 UT               3   0.01 17.7  1.440
A11Cswo 100 2026 05 16.0  17.2189 -23.4626 18.5 Updated May 17.33 UT             4   0.02 22.1  1.902
ZTF10Du 100 2026 05 15.3  16.7933 -36.0850 19.1 Updated May 17.33 UT             4   0.03 26.4  2.606
ST26E84  98 2026 05 15.4  15.3173 +10.7506 20.5 Updated May 17.33 UT             6   0.47 26.4  2.015
ST26E75  98 2026 05 15.2   2.4852 -25.3244 25.6 Updated May 16.82 UT             7   0.09 28.6  2.584
P12neKs  91 2026 05 14.6  18.2763 +57.8081 20.3 Updated May 17.36 UT            48   2.50 15.4  0.832
RFD0300 100 2026 05 13.0  19.5974 -44.7581 24.9 Updated May 16.38 UT             2   0.00 29.8  4.874
CEMAUH2 100 2026 05 14.4  16.1008  -9.3837 21.2 Updated May 16.38 UT             6   0.07 23.9  3.461
ST26E61 100 2026 05 14.3  16.6766  +0.7143 23.6 Updated May 16.38 UT             6   0.05 29.0  3.538
MZ26075 100 2026 05 13.8  16.8092  -0.8770 22.6 Updated May 16.37 UT             3   0.01 27.4  4.082
A11CmCW 100 2026 05 13.3   6.2710 -71.7133 20.9 Updated May 16.38 UT             4   0.02 24.8  4.529
A11CmCS 100 2026 05 13.3  17.2004 -30.7960 20.4 Updated May 16.38 UT             4   0.04 25.4  4.588
OCA1642  84 2026 05 13.1  13.7086 -31.3693 19.4 Updated May 16.37 UT             3   0.02 14.0  4.776
S001563  73 2026 05 07.0  12.9799 -27.2201 21.7 Updated May 16.37 UT             3   0.03 18.3 10.827
C1EUYV5  35 2026 04 27.5  17.2286 +18.9210 21.9 Updated May 16.81 UT            36 300.17 12.8  1.443
