ST26E86  98 2026 05 15.4   3.3654 -17.9699 27.2 Updated May 15.58 UT             6   0.11 33.1  0.445
ZTF10Du 100 2026 05 15.3  15.0725 -26.5418 16.9 Added May 15.45 UT               4   0.03 26.1  0.604
ST26E84 100 2026 05 15.4  14.8075 +10.7202 20.0 Updated May 15.45 UT             4   0.03 24.4  0.458
TF26E97  98 2026 05 15.3  15.8765 -17.6371 18.8 Updated May 15.57 UT             4   0.12 27.4  0.450
ST26E76  98 2026 05 15.2  14.5052  +6.9282 21.0 Updated May 15.44 UT             6   0.20 30.7  0.464
ST26E75 100 2026 05 15.2  14.7564  -8.3921 18.5 Updated May 15.38 UT             4   0.01 25.6  0.667
6EE3C21 100 2026 05 15.2  15.6505 -21.7924 19.1 Updated May 15.44 UT            11   0.22 25.9  0.489
A11Cr0m 100 2026 05 15.0  16.0192 -51.7763 17.9 Updated May 15.37 UT            14   0.31 20.0  0.609
P12neKJ  95 2026 05 14.3  13.0144 -23.4139 20.9 Updated May 15.88 UT            13   1.51 20.1  0.057
P12neKs  97 2026 05 14.6  18.3358 +57.9440 20.4 Updated May 15.26 UT            10   0.48 15.2  0.849
P12nc1c  96 2026 05 14.5  16.7859  -6.4584 21.7 Updated May 15.38 UT            21   0.90 20.1  0.522
RFD0300 100 2026 05 13.0   0.0594 -32.1441 25.2 Added May 14.52 UT               2   0.00 29.5  2.872
CEMAUH2 100 2026 05 14.4  16.3517  -1.2609 21.3 Updated May 14.46 UT             6   0.07 24.0  1.460
CEMAY32  79 2026 05 14.4  16.4903  +1.4662 20.4 Updated May 15.87 UT            37   1.08 23.8  0.431
ST26E61 100 2026 05 14.3  16.5033  +0.5208 22.1 Updated May 14.37 UT             6   0.05 28.7  1.536
ST26E57  98 2026 05 14.3  16.5938 -11.6575 19.4 Updated May 15.43 UT            12   1.14 28.0  0.485
ST26E52  76 2026 05 14.2  13.5182 +26.1279 20.4 Updated May 15.38 UT            28   1.01 26.1  0.646
MZ26075 100 2026 05 13.8  17.1728  +7.0150 20.1 Updated May 15.33 UT             3   0.01 25.5  2.080
A11CmCW 100 2026 05 13.3   5.8105 -73.4220 19.9 Updated May 15.33 UT             4   0.02 25.5  2.528
A11CmCS 100 2026 05 13.3  16.8936 -34.6038 19.7 Updated May 15.33 UT             4   0.04 25.5  2.586
OCA1642  84 2026 05 13.1  13.7406 -31.2605 19.4 Updated May 15.33 UT             3   0.02 13.1  2.775
CEM26R2  18 2026 05 12.4  16.5706 +15.3731 20.6 Updated May 15.33 UT            21   2.69 17.0  1.663
CEM1XD2  11 2026 05 12.3  14.4778 +17.3183 22.2 Updated May 15.17 UT            22   7.84 19.2  0.742
SO0005e 100 2026 05 11.7   0.1676  +6.2848 27.2 Updated May 14.35 UT             3   0.00 28.9  4.191
SO0005d 100 2026 05 11.7  19.1642 -24.2845 22.3 Updated May 14.34 UT             4   0.00 28.2  4.190
SO0005c 100 2026 05 11.7  22.7625 -29.1388 24.1 Updated May 14.34 UT             3   0.00 28.6  4.244
SO0005b 100 2026 05 11.6  22.9964  -7.9778 22.9 Updated May 14.34 UT             3   0.00 26.6  4.255
CELXZH2 100 2026 05 11.3  14.7276 +24.4254 22.2 Updated May 14.35 UT             3   0.01 25.0  4.554
S001563  73 2026 05 07.0  12.9792 -27.1416 21.6 Updated May 14.34 UT             3   0.03 17.5  8.825
C1EUYV5  35 2026 04 27.5  17.2565 +18.8234 21.9 Updated May 15.51 UT            36 299.14 12.8  0.471
