KPMa1Ih  82 2026 05 18.1  11.1365 -24.8431 23.2 Added May 18.68 UT               5   0.01 21.2  0.636
A11CDyX 100 2026 05 18.0  10.8002 -33.2368 19.6 Added May 18.22 UT               4   0.02 21.1  0.671
P22nf7G 100 2026 05 17.6  16.2133 +35.1243 22.1 Added May 17.77 UT               4   0.04 22.8  1.133
P22nf3F  32 2026 05 17.5  17.5991 +37.0611 21.4 Updated May 18.35 UT            12   0.81 19.0  0.436
CEMVK32 100 2026 05 17.4  17.0299 +11.7960 21.7 Updated May 18.33 UT            30   5.77 20.2  0.532
A11Cvk7 100 2026 05 16.9  13.6127 -72.3111 19.6 Updated May 18.37 UT             4   0.03 22.7  1.809
CEMRK82  84 2026 05 16.5  21.5787 -10.1514 21.5 Updated May 18.37 UT             3   0.01 17.3  2.273
A11Cswo 100 2026 05 16.0  17.1733 -23.2830 18.5 Updated May 18.37 UT             4   0.02 20.9  2.736
ZTF10Du 100 2026 05 15.3  16.9444 -36.6055 19.7 Updated May 18.37 UT             4   0.03 26.4  3.439
ST26E84  98 2026 05 15.4  15.4608 +10.6934 20.7 Updated May 18.37 UT             6   0.47 26.4  2.848
ST26E75  98 2026 05 15.2   2.5094 -22.9252 26.6 Updated May 18.37 UT             7   0.09 28.6  3.418
P12neKs  35 2026 05 14.6  18.2508 +57.7427 20.2 Updated May 18.33 UT            58   3.67 15.3  0.498
RFD0300 100 2026 05 13.0  19.2805 -44.0136 25.2 Updated May 18.38 UT             2   0.00 29.8  5.707
CEMAUH2 100 2026 05 14.4  15.9975 -12.6334 21.2 Updated May 18.39 UT             6   0.07 23.9  4.295
ST26E61 100 2026 05 14.3  16.7086  +0.7377 24.0 Updated May 18.39 UT             6   0.05 28.9  4.371
A11CmCW 100 2026 05 13.3   6.4410 -69.5710 21.2 Updated May 18.39 UT             4   0.02 25.6  5.363
C1EUYV5  35 2026 04 27.5  17.2168 +18.9598 21.9 Updated May 16.81 UT            36 300.17 12.8  2.276
