CELXRN2 100 2026 05 11.3  13.1951 +26.3561 21.0 Added May 11.30 UT               3   0.02 22.5  0.026
TF26E51 100 2026 05 11.3  15.1909  +8.2545 19.2 Added May 11.28 UT               2   0.00 23.3  0.042
ST26E35 100 2026 05 11.2  13.2295  +5.5342 19.3 Updated May 11.26 UT            10   0.06 28.0  0.065
ST26E34 100 2026 05 10.5  14.8286 +19.1436 20.7 Added May 10.70 UT               2   0.00 26.4  0.855
ST26E31  84 2026 05 10.4  14.0710  -7.8061 18.9 Updated May 11.30 UT            30   0.85 26.1  0.022
ZTF10Dp 100 2026 05 10.2  11.6830  +7.7239 18.3 Added May 10.57 UT               4   0.03 21.9  1.073
6E94521  98 2026 05 10.4  19.3560 -56.0235 19.4 Updated May 11.30 UT            13   0.92 19.0  0.038
CELUGK2  93 2026 05 10.3  14.8071 +28.5937 21.6 Updated May 11.19 UT            21   0.85 24.4  0.130
ZTF10Do  98 2026 05 10.2  13.3183  -2.6570 18.3 Updated May 10.48 UT             6   0.23 26.6  0.855
CELU1Q2  98 2026 05 10.2  11.5851 +31.3314 21.5 Updated May 11.21 UT            13   0.99 26.1  0.122
ST26E24  98 2026 05 10.2   5.0732 -25.7880 22.0 Updated May 10.52 UT            13   0.29 29.1  0.840
ZTF10Dn 100 2026 05 09.3  16.7407 -12.7257 19.8 Updated May 11.31 UT             4   0.04 26.9  1.980
XA9ttXA  97 2026 05 08.8  15.1294  +1.8217 22.6 Updated May 11.23 UT            13   2.46 21.8  0.098
ST26E18 100 2026 05 09.4  15.4473 -13.9827 22.2 Updated May 11.31 UT             4   0.00 30.1  1.950
CELT0C2  79 2026 05 09.2  12.7628 +43.0176 20.9 Updated May 11.05 UT            26   1.80 22.8  0.266
CELRZD2 100 2026 05 09.2  12.5444 +35.5615 22.0 Updated May 11.31 UT             8   0.10 22.6  1.968
TF26E23 100 2026 05 09.2  13.0209  -4.2209 17.4 Updated May 11.31 UT             2   0.00 19.6  2.099
ZTF10Dl 100 2026 05 08.3  18.6890 -15.5268 20.7 Updated May 10.31 UT             4   0.03 27.0  2.947
ST26E14 100 2026 05 08.4  13.3719  -3.4399 17.9 Updated May 10.31 UT             2   0.00 21.3  2.891
P22n0vC  24 2026 05 08.3  14.8147  +9.8471 22.4 Updated May 11.21 UT            25   2.87 19.9  0.111
CELLEH2  86 2026 05 08.3  15.8567 -16.3401 23.2 Updated May 11.31 UT            13   1.86 32.7  1.159
P22n0fQ  97 2026 05 07.4  15.0837  +9.9845 22.3 Updated May 9.34 UT              3   0.04 24.3  3.908
ZTF10Di 100 2026 05 07.4  22.0401 -11.1542 22.6 Updated May 11.31 UT             4   0.02 27.4  3.923
S001563  73 2026 05 07.0  12.9973 -26.9193 21.5 Updated May 11.31 UT             3   0.03 17.9  4.239
P22mZLU  68 2026 05 06.3  11.7832 -16.7107 21.0 Updated May 11.31 UT            17   4.96 20.7  0.083
A11BRI6  51 2026 05 03.0  10.8200 -39.8071 18.8 Updated May 10.91 UT            52   7.13 19.8  1.173
ZTF10Df  98 2026 05 02.2  10.4235  +1.4336 23.7 Updated May 11.31 UT             9   0.68 26.6  8.472
C1EUYV5  35 2026 04 27.5  17.3190 +18.5768 21.7 Updated May 11.29 UT            30  13.80 12.6  0.047
