C1F4195 100 2026 05 26.4  16.1052  +7.4245 22.2 Added May 26.41 UT               3   0.01 27.5  0.012
C1F4075 100 2026 05 26.4  16.0473 +27.9096 22.2 Added May 26.39 UT               4   0.02 25.3  0.030
P12nfxd  98 2026 05 25.6  17.8308 +16.3533 21.9 Updated May 26.25 UT             9   1.79 22.6  0.178
P12nfwU  94 2026 05 25.5  16.9134 +14.5741 21.7 Updated May 26.28 UT            11   8.88 23.4  0.137
C1F32J5 100 2026 05 25.4  17.2028 +13.3607 21.9 Updated May 26.31 UT             7   0.85 23.5  0.109
C1F3245  75 2026 05 25.4  17.0141 +10.6126 22.9 Added May 25.48 UT               4   0.02 16.9  0.939
SJA1250 100 2026 05 24.9  16.8716 +61.4241 20.3 Added May 25.42 UT               3   0.03 17.5  1.440
C1F2X35  96 2026 05 25.4  16.3342  +1.0583 21.8 Updated May 26.18 UT            12   0.79 22.7  0.248
C1F2HL5 100 2026 05 25.4  16.3931 -11.6033 22.4 Updated May 25.43 UT             8   0.07 25.5  0.984
C1F2HK5  86 2026 05 25.4  16.1699 -11.9655 21.7 Updated May 26.35 UT            17   1.99 22.7  0.070
C1F1TD5 100 2026 05 25.3  15.7342  +4.7696 23.6 Updated May 26.35 UT             4   0.02 33.6  1.082
C03UYWZ 100 2026 05 23.4  16.7423 +12.1913 22.4 Updated May 26.16 UT             7   2.00 23.1  0.966
A11CUyv  94 2026 05 24.1  17.5834 -56.7660 19.2 Updated May 26.35 UT            17   1.97 19.1  0.298
P12nfw2 100 2026 05 24.6  21.0595  -3.7273 21.7 Updated May 26.34 UT             8   1.73 20.3  0.088
NAOCLYL  85 2026 05 23.8  15.9010 -19.4506 21.7 Updated May 26.35 UT             4   0.10 21.7  2.554
A11CQzo 100 2026 05 24.4  21.4730 -17.9776 20.2 Updated May 26.35 UT             5   0.05 29.8  1.976
oKr0080 100 2026 05 23.9  23.4888 +18.5496 20.2 Updated May 26.34 UT             3   0.00 17.1  2.521
C1F1535  97 2026 05 24.4  16.7577  +6.5235 22.4 Updated May 26.35 UT            11   0.87 23.3  1.125
C1F0TQ5  77 2026 05 24.4  15.8484  -8.4811 21.8 Updated May 26.20 UT            18   3.85 24.4  0.225
C1F0EU5  80 2026 05 24.3  15.4115 -10.0888 22.0 Updated May 26.33 UT            13   1.97 20.0  0.123
C1F0295  80 2026 05 24.3  15.3156  -7.0859 22.1 Updated May 26.10 UT            20   1.78 22.2  0.319
6EN3D21 100 2026 05 24.2  16.4731 -79.7675 18.7 Updated May 25.35 UT             3   0.01 21.1  2.176
C1EYPU5 100 2026 05 23.4  15.8637  +3.3455 22.8 Updated May 26.35 UT            11   1.87 24.1  1.162
C1EYD55  34 2026 05 23.3  15.7418 -13.5555 22.2 Updated May 26.39 UT            15   3.04 20.5  0.035
NAOCBPP  99 2026 05 20.7  14.9027 -20.9234 22.3 Updated May 25.35 UT             4   0.13 22.4  5.561
C46CD31 100 2026 05 21.4   1.5666  -2.9694 27.6 Updated May 25.35 UT             7   0.05 28.6  4.968
ST26ED1  98 2026 05 21.2   1.7348 -14.5076 28.1 Updated May 25.35 UT            20   0.16 30.2  5.026
ST26EC8  98 2026 05 20.4  21.8718 -31.0081 23.3 Updated May 25.35 UT             6   0.14 28.6  5.974
ST26EC7  98 2026 05 20.4   2.4822  -8.3840 30.3 Updated May 25.35 UT             6   0.11 30.3  5.980
P12nfaz  43 2026 05 20.3  13.2154 -27.4906 22.0 Updated May 26.35 UT            12   2.87 18.3  3.219
NAOCAN7 100 2026 05 17.7  15.2859 -21.9174 20.9 Updated May 26.35 UT             4   0.10 19.7  8.558
KPMa1Ih  87 2026 05 18.1  11.1262 -28.3791 23.5 Updated May 26.35 UT             5   0.01 20.9  8.308
CEMVK32  53 2026 05 17.4  16.4384  +8.1180 21.7 Updated May 26.27 UT            52  11.97 20.1  2.006
P12neKs  35 2026 05 14.6  18.0000 +56.8692 19.9 Updated May 26.32 UT           173  11.53 15.1  0.308
