ST26G55 100 2026 07 17.3  18.2811  +9.7760 19.0 Added July 17.35 UT              2   0.00 16.2  0.290
ST26G54 100 2026 07 17.3  18.3358 +14.8202 19.9 Added July 17.35 UT              2   0.00 18.8  0.290
oNj0343 100 2026 07 15.8  23.5163  +3.4511 21.8 Added July 17.29 UT              3   0.07 19.1  1.764
A11EQsq 100 2026 07 15.9  16.9727 -65.8100 21.4 Added July 17.27 UT              4   0.02 28.3  1.733
A11EQfd  98 2026 07 16.4  19.9916 -11.8779 19.5 Updated July 17.29 UT            7   0.62 27.3  0.563
ZTF10Er 100 2026 07 16.3   3.2981 -50.9318 20.2 Added July 16.64 UT              4   0.04 26.6  1.247
P12ooQQ 100 2026 07 16.6  20.9674  +2.1972 21.3 Added July 16.64 UT              3   0.03 19.4  1.045
ZTF10Eq  98 2026 07 16.3  20.3272 -10.6776 20.5 Updated July 17.02 UT            9   0.69 27.4  0.608
P22ooQq 100 2026 07 16.6   1.9511 +10.5887 21.7 Updated July 17.54 UT            7   0.94 19.8  0.102
P22ooPS 100 2026 07 16.5  23.4164 +19.3601 20.7 Added July 16.57 UT              3   0.02 23.2  1.103
P22ooOY 100 2026 07 16.5  23.0255 +16.8801 21.3 Updated July 17.51 UT            8   0.98 24.3  0.194
P22ooOw 100 2026 07 16.3  17.7056 +55.4338 22.1 Updated July 17.50 UT            7   0.95 20.7  0.344
P12ooOz 100 2026 07 16.3  16.0250 +20.2197 21.6 Updated July 17.50 UT            8   0.93 22.9  0.349
P12ooOy 100 2026 07 16.3  15.1541 +18.2112 22.2 Updated July 17.50 UT            7   0.93 22.0  0.353
P22ooOt  90 2026 07 16.4  20.9223 +15.3356 22.2 Updated July 16.70 UT            5   0.07 20.4  1.179
P22ooOs 100 2026 07 16.4  20.5632 +10.1203 21.9 Updated July 16.70 UT            5   0.07 22.5  1.180
ST26G49 100 2026 07 16.4  22.4334 -32.3641 18.3 Updated July 17.01 UT            4   0.04 27.5  1.216
orA4471 100 2026 07 15.9  16.2907 -18.1272 19.9 Updated July 17.23 UT            3   0.01 19.1  1.733
X89848   77 2026 07 14.8  22.0959 -13.0836 19.7 Updated July 17.24 UT            3   0.03 15.6  2.840
P12onSk  87 2026 07 15.5  22.3201 -32.4433 21.2 Updated July 17.53 UT            9   2.00 20.6  0.113
P12onSi  72 2026 07 15.5  22.0054 -23.7163 20.9 Updated July 17.52 UT           13  23.89 20.4  0.189
P12onSj  88 2026 07 15.5  22.7898 -28.9213 21.0 Updated July 17.53 UT            9   2.00 18.8  0.110
ZTF10Ep 100 2026 07 15.3   3.8113  -2.1071 22.6 Updated July 17.24 UT            4   0.04 27.0  2.246
P12onRT 100 2026 07 15.4  20.4427 -39.5526 19.9 Updated July 16.67 UT           10   0.70 20.9  1.483
W2onRQ  100 2026 07 15.4  20.0058 -22.1375 20.3 Updated July 17.23 UT            4   0.00 26.7  2.200
P12onRm  91 2026 07 15.4  19.6986 -25.4264 21.0 Updated July 17.50 UT            8   2.04 22.1  0.198
ST26G39  79 2026 07 15.2  17.9732 +39.0441 21.5 Updated July 17.06 UT           23   1.77 25.9  0.631
P12onNw  35 2026 07 14.3  17.5061  -1.6884 20.6 Updated July 17.24 UT           17   3.16 12.1  2.205
P12omkc  76 2026 07 14.4  19.6340 -37.7033 21.0 Updated July 16.54 UT            7   2.02 20.6  1.188
TF26G22 100 2026 07 10.3   2.2101 -34.1140 22.1 Updated July 17.24 UT            2   0.00 25.3  7.320
P22nJzF  35 2026 06 22.5  22.4031 +18.4601 21.5 Updated July 17.24 UT           28 300.05 14.2  2.185
