6EO3221 100 2026 05 25.0  11.1334 -41.6418 17.5 Updated May 25.10 UT             6   0.08 22.9  0.046
A11CUyv  96 2026 05 24.1  17.6144 -57.9572 18.8 Updated May 25.10 UT             7   0.92 17.9  0.052
A11CUyu  98 2026 05 24.4  18.7027  +8.5863 18.1 Updated May 25.06 UT            33   0.58 20.1  0.091
P12nfw2 100 2026 05 24.6  20.9896  -4.2407 21.2 Added May 24.67 UT               3   0.02 22.3  0.507
NAOCLYL  85 2026 05 23.8  15.8953 -20.7160 21.6 Added May 24.59 UT               4   0.10 21.5  1.263
A11CQzo 100 2026 05 24.4  19.3441 -18.8645 17.9 Added May 24.51 UT               5   0.05 29.9  0.684
P12nfqd 100 2026 05 24.4  15.9574 -23.4443 20.2 Added May 24.49 UT               4   0.03 21.2  0.677
oKr0080 100 2026 05 23.9  23.4833 +18.5145 20.3 Added May 24.47 UT               3   0.00 15.5  1.229
C1F15H5 100 2026 05 24.4  16.7500 +24.3088 21.5 Updated May 24.48 UT             8   0.03 24.6  0.642
C1F1535  84 2026 05 24.4  16.7560  +6.1579 22.6 Updated May 24.48 UT             8   0.05 20.2  0.644
C1F0TQ5 100 2026 05 24.4  15.9285  -6.7055 21.6 Updated May 24.48 UT            10   0.09 22.8  0.649
C1F0L35 100 2026 05 24.3  15.0658  +2.6213 22.4 Updated May 24.42 UT             8   0.08 21.9  0.702
C1F0EU5  82 2026 05 24.3  15.4373 -10.0904 22.1 Updated May 24.39 UT             8   0.07 14.8  0.728
C1F0295  97 2026 05 24.3  15.3398  -7.3493 22.0 Updated May 25.08 UT            15   0.76 22.1  0.044
6EN3D21 100 2026 05 24.2  16.6351 -79.1136 19.1 Added May 24.29 UT               3   0.01 19.2  0.884
C1EYRR5  91 2026 05 23.4  15.8794  +1.3957 22.4 Updated May 24.68 UT            18   1.10 25.0  0.639
C1EYQL5 100 2026 05 23.4  15.8182  +0.4512 22.1 Updated May 24.68 UT            12   1.10 24.3  0.639
C1EYPU5 100 2026 05 23.4  15.8418  +3.1493 22.8 Updated May 24.37 UT             9   0.64 24.0  1.101
C1EYPT5  89 2026 05 23.4  15.8119  +1.0535 21.8 Updated May 24.68 UT            19   1.10 24.2  0.639
C1EYD55  64 2026 05 23.3  15.7811 -13.2460 22.1 Updated May 24.30 UT            12   0.95 20.1  0.840
NAOCBPP 100 2026 05 20.7  14.8820 -20.0410 22.3 Updated May 24.34 UT             4   0.13 22.4  4.269
C46CD31 100 2026 05 21.4   1.4120  -3.1887 26.9 Updated May 23.35 UT             7   0.05 28.6  3.676
ST26ED1  98 2026 05 21.2   1.6671 -14.7770 27.4 Updated May 23.35 UT            20   0.16 30.2  3.734
TF26EE0 100 2026 05 20.5  16.3586  +8.8148 24.4 Updated May 24.34 UT             4   0.02 28.8  4.635
ST26EC8  98 2026 05 20.4  21.4220 -30.7356 22.7 Updated May 23.35 UT             6   0.14 28.6  4.682
ST26EC7  98 2026 05 20.4   2.4609  -8.4072 29.9 Updated May 23.35 UT             6   0.11 30.3  4.688
ST26EC5 100 2026 05 20.3  15.2682 -18.4433 20.7 Updated May 24.34 UT             4   0.03 24.8  4.781
P12nfaz  43 2026 05 20.3  13.2241 -27.7340 21.9 Updated May 24.34 UT            12   2.87 18.3  1.927
NAOCAN7 100 2026 05 17.7  15.2813 -21.8802 21.0 Updated May 24.34 UT             4   0.10 19.9  7.267
KPMa1Ih  87 2026 05 18.1  11.1243 -27.7717 23.4 Updated May 24.34 UT             5   0.01 20.8  7.016
CEMVK32  35 2026 05 17.4  16.5292  +8.7323 21.7 Updated May 24.42 UT            50  11.97 20.1  0.714
P12neKs  35 2026 05 14.6  18.0439 +57.0525 19.9 Updated May 25.03 UT           167  10.45 15.1  0.099
