C1EYRR5 100 2026 05 23.4  15.8654  +2.6610 22.6 Updated May 23.48 UT            10   0.09 25.3  0.569
C1EYQL5 100 2026 05 23.4  15.8834  +1.4980 22.3 Updated May 23.48 UT             7   0.09 24.2  0.566
C1EYPU5  97 2026 05 23.4  15.8223  +2.9643 22.9 Updated May 23.49 UT             6   0.07 22.4  0.584
C1EYPT5 100 2026 05 23.4  15.8284  +2.3032 21.8 Updated May 23.79 UT            14   0.08 24.3  0.573
C1EYD55  66 2026 05 23.3  15.8133 -12.9926 22.1 Updated May 23.41 UT            10   0.06 19.4  0.644
C1EXH55 100 2026 05 23.3  13.9800  +5.2554 22.3 Updated May 23.37 UT            10   0.08 23.3  0.672
6EM3521  91 2026 05 23.1  13.1808 -12.3356 20.0 Updated May 23.93 UT            22   0.86 22.3  0.119
NAOCBPP  99 2026 05 20.7  14.8678 -19.4167 22.1 Updated May 22.70 UT             4   0.13 22.4  3.184
CZYNHKZ 100 2026 05 14.4  16.3676  +2.2984 21.8 Updated May 23.35 UT             4   0.02 22.7  9.648
C46CD31 100 2026 05 21.4   1.1404  -3.5381 25.8 Updated May 23.35 UT             7   0.05 28.6  2.592
ST26ED1  98 2026 05 21.2   1.5485 -15.2095 26.5 Updated May 23.35 UT            20   0.16 30.2  2.650
TF26EE0 100 2026 05 20.5  16.3761  +8.8168 23.9 Updated May 22.38 UT             4   0.02 28.7  3.551
ST26EC8  98 2026 05 20.4  20.8011 -29.7868 21.9 Updated May 23.35 UT             6   0.14 28.6  3.597
ST26EC7  98 2026 05 20.4   2.4306  -8.4072 29.4 Updated May 23.35 UT             6   0.11 30.3  3.603
ST26EC5 100 2026 05 20.3  15.4823 -17.1542 20.1 Updated May 22.38 UT             4   0.03 24.9  3.696
P12nffX  10 2026 05 20.5  16.3407 -21.0094 21.7 Updated May 22.44 UT            15   7.94 19.3  1.638
P12nfaz  38 2026 05 20.3  13.2321 -27.9389 22.0 Updated May 23.25 UT            12   2.87 18.4  0.842
NAOCAN7 100 2026 05 17.7  15.2788 -21.8462 20.8 Updated May 22.38 UT             4   0.10 19.7  6.182
KPMa1Ih  87 2026 05 18.1  11.1237 -27.3135 23.4 Updated May 22.38 UT             5   0.01 20.8  5.931
CEMVK32  55 2026 05 17.4  16.6083  +9.2518 21.6 Updated May 23.35 UT            47   9.02 20.1  2.576
P12neKs  35 2026 05 14.6  18.0803 +57.1946 19.9 Updated May 23.97 UT           154   9.38 15.1  0.080
