CEQKE72  99 2026 07 10.3  16.2110 +11.7004 21.3 Added July 10.29 UT              4   0.02 20.3  0.015
A11Evap 100 2026 07 09.9  19.7943 -39.8166 19.7 Added July 9.97 UT               4   0.02 22.7  0.344
P12o0YY  94 2026 07 09.5  20.8315 -22.4495 21.0 Updated July 9.68 UT             6   0.08 18.4  0.748
CEQJF02 100 2026 07 09.3  22.1006 +14.9055 20.7 Updated July 9.43 UT             7   0.08 26.9  0.870
ST26G11  86 2026 07 09.3  21.6130 +11.7154 19.9 Updated July 10.28 UT           31   0.97 26.1  0.023
P12o0Y2  95 2026 07 08.5  20.8521 -32.8349 21.1 Updated July 9.49 UT             6   0.95 22.0  0.860
P12o0Y1 100 2026 07 08.5  20.3660 -30.1281 21.3 Updated July 10.28 UT            8   1.50 22.5  0.327
P12nXcB  70 2026 07 08.5  21.3478 -31.2441 21.6 Updated July 9.64 UT             7   1.02 20.6  0.768
P12nXce 100 2026 07 08.5  21.9322 -31.7252 21.2 Updated July 9.54 UT             9   1.02 21.5  0.764
P12nXcA  90 2026 07 08.5  21.1280 -27.5194 20.3 Updated July 9.53 UT            13   1.02 22.9  0.771
P12nXcf 100 2026 07 08.5  20.9846 -19.9922 21.3 Updated July 9.49 UT            11   0.92 24.0  0.855
A11Eq8v 100 2026 07 07.9  21.3826 -45.7606 18.6 Updated July 10.15 UT           10   2.05 25.4  0.321
A11EpSe 100 2026 07 08.2  19.6687 -29.9993 19.4 Updated July 10.23 UT           10   0.83 19.2  1.282
W2nCdO   79 2026 07 07.4  19.1102 -24.3939 23.6 Updated July 9.49 UT            14  19.01 26.6  0.867
ST26G01  98 2026 07 07.2  19.9067 -55.0178 20.8 Updated July 9.23 UT            14   0.10 27.0  2.941
P22nTNT  10 2026 07 06.5  18.3130 +17.9131 21.0 Updated July 9.42 UT            24   2.71 19.0  1.118
P22nTLB  21 2026 07 06.3  17.7104  +8.0691 22.2 Updated July 9.42 UT            20   2.87 19.6  1.111
8N8R001 100 2026 07 05.9   5.2927  -2.5485 29.3 Updated July 9.23 UT             3   0.01 29.3  4.375
MAS0006  35 2026 06 19.3  18.3688 +23.8853 20.0 Updated July 10.26 UT          134  20.66  9.0  0.328
OMO0297  87 2026 06 25.8  23.6277  +3.7762 21.9 Updated July 10.23 UT           12  12.63 20.1  1.837
P22nJzF  35 2026 06 22.5  22.5288 +18.9798 21.6 Updated July 10.23 UT           21  24.01 14.1  1.734
