A11CQzo 100 2026 05 24.4  17.1597 -14.1531 16.6 Added May 24.51 UT               5   0.05 29.9  0.141
P12nfqd 100 2026 05 24.4  15.9705 -24.0231 20.2 Added May 24.49 UT               4   0.03 21.2  0.133
oKr0080 100 2026 05 23.9  23.4811 +18.4981 20.3 Added May 24.47 UT               3   0.00 15.5  0.686
C1F15H5 100 2026 05 24.4  16.8636 +23.4713 21.4 Updated May 24.48 UT             8   0.03 24.6  0.099
P22nfp8 100 2026 05 24.4  15.8966  +1.7831 20.3 Added May 24.46 UT               4   0.03 23.2  0.161
C1F1535  84 2026 05 24.4  16.7564  +6.0089 22.6 Updated May 24.48 UT             8   0.05 20.2  0.101
C1F0TQ5 100 2026 05 24.4  15.9616  -6.0022 21.6 Updated May 24.48 UT            10   0.09 22.8  0.106
CEP5GZ2 100 2026 05 24.4  15.8640  +2.1165 20.4 Updated May 24.45 UT            12   0.05 25.7  0.134
C1F0L35 100 2026 05 24.3  15.0742  +2.5474 22.3 Updated May 24.42 UT             8   0.08 21.9  0.159
ST26EG3  98 2026 05 24.3  17.4607  -2.3097 19.7 Updated May 24.57 UT            14   0.21 27.5  0.026
C1F0EU5  82 2026 05 24.3  15.4487 -10.0931 22.0 Updated May 24.39 UT             8   0.07 14.8  0.185
C1F0295 100 2026 05 24.3  15.3500  -7.4618 22.1 Updated May 24.43 UT            12   0.12 21.6  0.141
CEP1CX2 100 2026 05 24.3  15.0414  +2.0645 20.8 Updated May 24.43 UT            20   0.14 24.9  0.149
6EN3D21 100 2026 05 24.2  16.7036 -78.8704 19.1 Added May 24.29 UT               3   0.01 19.2  0.341
CEP0PP2  98 2026 05 24.2  14.8378  -6.1482 20.6 Updated May 24.40 UT            15   0.16 28.5  0.174
ST26EF6  98 2026 05 24.2  13.5445  -5.1377 19.2 Updated May 24.53 UT            22   0.32 26.1  0.060
C1EYRR5  91 2026 05 23.4  15.8723  +2.0276 22.5 Updated May 24.45 UT            17   1.07 25.1  0.130
C1EYQL5 100 2026 05 23.4  15.8498  +0.9584 22.1 Updated May 24.28 UT            10   0.89 24.4  0.313
C1EYPU5 100 2026 05 23.4  15.8325  +3.0591 22.8 Updated May 24.37 UT             9   0.64 24.0  0.558
C1EYPT5  89 2026 05 23.4  15.8199  +1.6628 21.7 Updated May 24.24 UT            18   0.86 24.2  0.335
C1EYD55  64 2026 05 23.3  15.7973 -13.1191 22.1 Updated May 24.30 UT            12   0.95 20.1  0.296
C1EXH55  93 2026 05 23.3  14.0140  +5.7794 22.4 Updated May 24.21 UT            20   0.91 23.7  0.384
6EM3521  79 2026 05 23.1  13.1527 -11.3371 20.2 Updated May 24.29 UT            29   1.14 22.4  0.382
NAOCBPP 100 2026 05 20.7  14.8745 -19.7117 22.3 Updated May 24.34 UT             4   0.13 22.4  3.726
CZYNHKZ 100 2026 05 14.4  16.2511  +2.1177 21.0 Updated May 24.46 UT             7  10.05 18.6  0.150
C46CD31 100 2026 05 21.4   1.3041  -3.3314 26.5 Updated May 23.35 UT             7   0.05 28.6  3.133
ST26ED1  98 2026 05 21.2   1.6197 -14.9538 27.0 Updated May 23.35 UT            20   0.16 30.2  3.191
TF26EE0 100 2026 05 20.5  16.3639  +8.8223 24.2 Updated May 24.34 UT             4   0.02 28.8  4.092
ST26EC8  98 2026 05 20.4  21.1502 -30.4032 22.3 Updated May 23.35 UT             6   0.14 28.6  4.139
ST26EC7  98 2026 05 20.4   2.4478  -8.4101 29.6 Updated May 23.35 UT             6   0.11 30.3  4.145
ST26EC5 100 2026 05 20.3  15.3737 -17.8140 20.4 Updated May 24.34 UT             4   0.03 24.8  4.237
P12nffX  10 2026 05 20.5  16.3307 -21.0605 21.6 Updated May 24.38 UT            18   9.84 19.3  0.281
P12nfaz  43 2026 05 20.3  13.2280 -27.8365 21.9 Updated May 24.34 UT            12   2.87 18.3  1.384
NAOCAN7 100 2026 05 17.7  15.2803 -21.8666 20.9 Updated May 24.34 UT             4   0.10 19.9  6.724
KPMa1Ih  87 2026 05 18.1  11.1239 -27.5395 23.4 Updated May 24.34 UT             5   0.01 20.8  6.473
CEMVK32  35 2026 05 17.4  16.5685  +8.9921 21.7 Updated May 24.42 UT            50  11.97 20.1  0.171
P12neKs  35 2026 05 14.6  18.0622 +57.1250 19.9 Updated May 24.37 UT           161   9.46 15.1  0.544
