TF26EC4 100 2026 05 17.2  13.5537 +16.9638 18.5 Added May 17.21 UT               2   0.00 21.8  0.070
ST26EA2 100 2026 05 17.2  13.4492 +18.0370 19.4 Added May 17.20 UT               2   0.00 17.7  0.088
A11Cvk7 100 2026 05 16.9  14.1385 -73.4284 19.6 Added May 16.99 UT               4   0.03 21.5  0.349
CEMRK82  79 2026 05 16.5  21.5375  -9.8703 21.6 Added May 16.49 UT               3   0.01 17.7  0.814
6EF1B21 100 2026 05 16.2  15.3308 -17.7756 20.2 Updated May 17.26 UT             4   0.69 24.0  0.409
ST26E98  88 2026 05 16.3  18.8970 +27.9728 21.1 Updated May 16.79 UT            17   1.12 29.0  0.814
CEMK452  84 2026 05 16.3  14.2912  -4.5607 21.5 Updated May 17.04 UT            16   0.75 22.2  0.247
A11Cswo 100 2026 05 16.0  17.2534 -23.6252 18.7 Added May 16.13 UT               4   0.02 20.7  1.276
ZTF10Du 100 2026 05 15.3  16.3718 -34.5282 18.6 Added May 15.45 UT               4   0.03 26.1  1.979
ST26E84  98 2026 05 15.4  15.1861 +10.7795 20.4 Updated May 16.23 UT             6   0.47 26.4  1.388
ST26E76  76 2026 05 15.2  14.2498  +8.5361 22.9 Updated May 17.24 UT            16   2.00 30.8  0.041
ST26E75  98 2026 05 15.2   2.4414 -29.3625 24.3 Updated May 16.82 UT             7   0.09 28.6  1.958
P12neKs  91 2026 05 14.6  18.2951 +57.8539 20.2 Updated May 17.12 UT            42   2.46 15.3  0.248
P12nc1c  84 2026 05 14.5  16.7485  -6.0455 21.7 Updated May 16.36 UT            28   1.87 20.1  0.921
RFD0300 100 2026 05 13.0  19.5251 -44.6066 24.6 Updated May 16.38 UT             2   0.00 29.8  4.247
CEMAUH2 100 2026 05 14.4  16.1752  -6.9999 21.3 Updated May 16.38 UT             6   0.07 23.9  2.835
ST26E61 100 2026 05 14.3  16.6434  +0.6829 23.2 Updated May 16.38 UT             6   0.05 29.0  2.911
MZ26075 100 2026 05 13.8  16.7883  -1.2664 22.3 Updated May 16.37 UT             3   0.01 27.4  3.455
A11CmCW 100 2026 05 13.3   6.1670 -72.3190 20.7 Updated May 16.38 UT             4   0.02 24.8  3.903
A11CmCS 100 2026 05 13.3  17.1309 -31.7044 20.2 Updated May 16.38 UT             4   0.04 25.4  3.961
OCA1642  84 2026 05 13.1  13.7185 -31.3356 19.4 Updated May 16.37 UT             3   0.02 14.0  4.150
CEM26R2  10 2026 05 12.4  16.5447 +15.2837 20.7 Updated May 16.91 UT            35   5.35 17.1  0.375
CEM1XD2  11 2026 05 12.3  14.4499 +17.1061 22.3 Updated May 17.20 UT            25   9.86 19.3  0.092
S001563  73 2026 05 07.0  12.9808 -27.1932 21.7 Updated May 16.37 UT             3   0.03 18.3 10.200
C1EUYV5  35 2026 04 27.5  17.2374 +18.8911 21.9 Updated May 16.81 UT            36 300.17 12.8  0.816
