ST26G55 100 2026 07 17.3  18.2856  +9.7766 19.0 Added July 17.35 UT              2   0.00 16.2  0.123
ST26G54 100 2026 07 17.3  18.3392 +14.9164 19.8 Added July 17.35 UT              2   0.00 18.8  0.123
oNj0343 100 2026 07 15.8  23.5209  +3.4988 21.8 Added July 17.29 UT              3   0.07 19.1  1.597
A11EQsq 100 2026 07 15.9  16.9699 -65.7884 21.2 Added July 17.27 UT              4   0.02 28.3  1.566
A11EQfd  98 2026 07 16.4  19.9133 -13.1228 19.4 Updated July 17.29 UT            7   0.62 27.3  0.396
ZTF10Er 100 2026 07 16.3   2.6253 -52.3589 19.7 Added July 16.64 UT              4   0.04 26.6  1.080
P12ooQQ  96 2026 07 16.6  20.9666  +2.1842 21.3 Added July 16.64 UT              3   0.03 19.4  0.878
ZTF10Eq  98 2026 07 16.3  20.3580 -10.9078 20.4 Updated July 17.02 UT            9   0.69 27.4  0.441
P22ooQq 100 2026 07 16.6   1.9478 +10.4654 21.0 Added July 16.64 UT              4   0.02 21.2  0.857
P22ooPS 100 2026 07 16.5  23.3795 +19.7371 20.8 Added July 16.57 UT              3   0.02 23.2  0.936
P22ooOY 100 2026 07 16.5  22.9967 +16.4974 21.2 Updated July 16.70 UT            5   0.08 23.8  0.922
P22ooOw 100 2026 07 16.3  17.7075 +55.4025 22.2 Added July 16.44 UT              4   0.04 19.4  1.093
P12ooOz 100 2026 07 16.3  16.0048 +20.2608 21.3 Updated July 16.70 UT            5   0.09 21.9  1.017
P12ooOy 100 2026 07 16.3  15.1590 +18.1712 22.4 Updated July 16.43 UT            4   0.04 21.7  1.078
P22ooOt  90 2026 07 16.4  20.9206 +15.3874 22.2 Updated July 16.70 UT            5   0.07 20.4  1.012
P22ooOs 100 2026 07 16.4  20.5679 +10.1718 21.9 Updated July 16.70 UT            5   0.07 22.5  1.014
ST26G49 100 2026 07 16.4  21.7386 -29.1442 17.9 Updated July 17.01 UT            4   0.04 27.5  1.049
orA4471 100 2026 07 15.9  16.2837 -18.1347 19.9 Updated July 17.23 UT            3   0.01 19.1  1.566
X89848   77 2026 07 14.8  22.0961 -13.0791 19.7 Updated July 17.24 UT            3   0.03 15.6  2.673
P12onSk  87 2026 07 15.5  22.3184 -32.4143 21.2 Updated July 16.58 UT            6   1.06 20.8  0.893
P12onSi  79 2026 07 15.5  22.0048 -23.7462 20.7 Updated July 17.24 UT            6   0.09 18.6  1.862
P12onSj 100 2026 07 15.5  22.7884 -28.8950 20.9 Updated July 17.24 UT            6   0.08 18.9  1.863
ZTF10Ep 100 2026 07 15.3   3.6673  -2.8260 22.2 Updated July 17.24 UT            4   0.04 27.0  2.080
P12onRT 100 2026 07 15.4  20.4411 -39.5944 19.9 Updated July 16.67 UT           10   0.70 20.9  1.316
W2onRQ  100 2026 07 15.4  20.0006 -22.6767 20.2 Updated July 17.23 UT            4   0.00 26.7  2.033
P12onRm  96 2026 07 15.4  19.6945 -25.3472 21.0 Updated July 17.24 UT            5   0.13 20.6  1.944
ST26G39  79 2026 07 15.2  17.9962 +38.3647 21.4 Updated July 17.06 UT           23   1.77 25.9  0.464
P12onNw  35 2026 07 14.3  17.5077  -1.6981 20.6 Updated July 17.24 UT           17   3.16 12.1  2.038
P12omkc  76 2026 07 14.4  19.6356 -37.7315 21.0 Updated July 16.54 UT            7   2.02 20.6  1.021
TF26G22 100 2026 07 10.3   2.1472 -33.9372 22.1 Updated July 17.24 UT            2   0.00 25.3  7.153
ST26G01  98 2026 07 07.2  22.3183 -62.5523 23.5 Updated July 17.23 UT           14   0.10 27.0 10.107
P22nJzF  35 2026 06 22.5  22.4061 +18.4737 21.5 Updated July 17.24 UT           28 300.05 14.2  2.018
