ST26E47 100 2026 05 12.4  15.2203 -16.1856 18.7 Updated May 12.99 UT            11   0.57 24.7  0.075
P22n55t  38 2026 05 12.4  15.0361 -13.4874 21.4 Updated May 12.82 UT             8   4.22 19.5  0.523
P22n52K 100 2026 05 12.4  15.2009 -11.5348 21.1 Updated May 12.69 UT             6   0.10 24.1  0.522
P22n4V7  98 2026 05 12.4  14.4107 -20.0367 21.8 Updated May 13.05 UT             8   0.65 21.1  0.026
P22n4V6  98 2026 05 12.4  14.0073 -22.8680 21.6 Updated May 13.02 UT             9   0.61 23.4  0.066
P22n4V9  90 2026 05 12.4  14.4127 -16.1062 21.8 Updated May 13.03 UT            11   0.63 24.7  0.043
P22n4V8 100 2026 05 12.4  14.3446 -17.1399 21.2 Updated May 12.68 UT             6   0.09 25.7  0.571
CEM28F2 100 2026 05 12.4  17.6138 +16.5076 21.0 Updated May 12.47 UT             9   0.06 25.2  0.604
P22n4PD 100 2026 05 12.4  13.8560 -10.0870 20.9 Updated May 12.68 UT             5   0.08 27.2  0.626
P22n4PC  67 2026 05 12.4  13.9719 -14.5600 20.7 Updated May 13.03 UT             8   0.65 21.2  0.053
P22n4PB  94 2026 05 12.3  13.6578  -9.9167 21.2 Updated May 13.03 UT            13   4.79 24.1  0.089
CEM26R2  67 2026 05 12.4  16.6222 +15.5188 20.6 Updated May 12.65 UT            10   0.22 16.9  0.455
CEM20F2  98 2026 05 12.3  14.8371 +16.9747 22.1 Updated May 12.43 UT            12   0.10 27.0  0.638
CEM1XD2  75 2026 05 12.3  14.5372 +17.7157 22.0 Updated May 12.41 UT            11   0.11 17.1  0.652
CEM1R02 100 2026 05 12.3  13.6248 +16.9186 21.7 Updated May 12.42 UT            12   0.14 21.2  0.647
ST26E39  98 2026 05 12.2  12.6875 -22.7890 19.5 Updated May 13.04 UT            13   0.83 23.6  0.041
6EB3121 100 2026 05 12.0  10.3263 -11.5828 19.9 Updated May 13.02 UT            13   0.99 23.8  0.097
SO0005e 100 2026 05 11.7  22.4785 -12.9138 22.3 Added May 12.10 UT               3   0.00 28.8  1.355
SO0005d 100 2026 05 11.7  18.3835 -28.4664 19.9 Added May 12.10 UT               4   0.00 27.8  1.354
SO0005c 100 2026 05 11.7  20.9515 -35.8246 21.1 Added May 12.05 UT               3   0.00 28.5  1.408
SO0005b 100 2026 05 11.6  22.4384 -13.6743 20.3 Added May 12.04 UT               3   0.00 26.6  1.418
CELXZH2 100 2026 05 11.3  14.7811 +24.1302 22.7 Added May 11.37 UT               3   0.01 22.0  1.718
ST26E34 100 2026 05 10.5  14.8634 +18.3363 23.2 Updated May 12.32 UT             2   0.00 28.1  2.605
6E94521  84 2026 05 10.4  19.4982 -60.1252 19.5 Updated May 12.49 UT            28   2.04 19.0  0.663
XA9ttXA  77 2026 05 08.8  15.0930  +1.8991 22.5 Updated May 12.19 UT            16   3.41 21.8  0.897
ST26E18 100 2026 05 09.4  15.5055 -14.5899 23.4 Updated May 11.31 UT             4   0.00 30.1  3.700
CELRZD2 100 2026 05 09.2  12.4492 +36.4892 22.4 Updated May 12.32 UT             8   0.10 22.7  3.718
ZTF10Dl 100 2026 05 08.3  18.9728 -15.5171 21.7 Updated May 12.32 UT             4   0.03 26.9  4.697
ST26E14 100 2026 05 08.4  13.3353  -3.0563 18.2 Updated May 12.32 UT             2   0.00 19.8  4.641
P22n0fQ  97 2026 05 07.4  15.0757 +10.0833 22.8 Updated May 11.31 UT             3   0.04 24.4  5.658
S001563  73 2026 05 07.0  12.9918 -27.0022 21.6 Updated May 12.31 UT             3   0.03 18.9  5.989
A11BRI6  35 2026 05 03.0  11.1638 -38.8796 19.0 Updated May 12.68 UT            76   9.17 19.9  0.883
C1EUYV5  35 2026 04 27.5  17.2955 +18.6746 21.8 Updated May 12.54 UT            33  15.04 12.7  0.558
