C46D641 100 2026 05 27.3  14.5481 +22.5239 20.4 Added May 27.47 UT               4   0.01 20.7  0.533
C1F44U5 100 2026 05 27.3  16.1036 +42.6251 21.7 Updated May 27.45 UT             8   0.11 25.0  0.431
CEP5YT2 100 2026 05 27.2  14.2291 +38.2467 21.8 Updated May 27.32 UT             7   0.05 21.5  0.569
A11CWPw 100 2026 05 26.6  22.5412 -13.2986 18.2 Added May 26.81 UT               4   0.02 28.7  1.291
P12nfxy 100 2026 05 26.6  17.4413  +3.6420 20.8 Updated May 27.30 UT             9   0.90 24.5  0.577
C1F4195 100 2026 05 26.4  16.1353  +9.6459 22.5 Updated May 26.45 UT             7   0.07 27.6  1.418
P12nfxd 100 2026 05 25.6  17.8070 +16.9859 21.9 Updated May 26.45 UT            14   2.00 22.6  1.432
C1F32J5 100 2026 05 25.4  17.1863 +16.3001 22.0 Updated May 27.70 UT            11   1.88 23.6  0.532
C1F3245  48 2026 05 25.4  16.9828 +10.4800 22.6 Updated May 26.78 UT            11   1.00 20.2  1.421
SJA1250 100 2026 05 24.9  16.7798 +60.8236 20.2 Updated May 27.36 UT             3   0.03 17.1  2.900
C1F2HL5 100 2026 05 25.4  16.5724 -11.9778 22.4 Updated May 27.35 UT             8   0.07 26.0  2.443
C1F1TD5 100 2026 05 25.3  15.8350  +4.5176 24.7 Updated May 26.35 UT             4   0.02 33.6  2.542
C03UYWZ  98 2026 05 23.4  16.7259 +14.7957 22.2 Updated May 27.70 UT            13   5.98 23.1  1.444
P12nfw2  95 2026 05 24.6  21.1426  -3.1258 21.7 Updated May 27.69 UT            14   3.01 20.3  0.265
NAOCLYL  85 2026 05 23.8  15.9072 -18.0534 21.8 Updated May 26.35 UT             4   0.10 21.7  4.014
A11CQzo 100 2026 05 24.4  22.1467 -16.5582 21.6 Updated May 26.35 UT             5   0.05 29.8  3.436
oKr0080 100 2026 05 23.9  23.4938 +18.5968 20.4 Updated May 27.35 UT             3   0.00 18.0  3.980
C1F1535  97 2026 05 24.4  16.7580  +6.9325 22.3 Updated May 26.35 UT            11   0.87 23.3  2.585
C1F0EU5  63 2026 05 24.3  15.3819 -10.0924 22.0 Updated May 27.70 UT            17  13.83 20.0  1.582
6EN3D21 100 2026 05 24.2  16.2033 -80.3740 18.7 Updated May 27.35 UT             3   0.01 20.4  3.635
C1EYPU5 100 2026 05 23.4  15.8889  +3.5439 22.8 Updated May 26.35 UT            11   1.87 24.1  2.621
NAOCBPP  99 2026 05 20.7  14.9251 -21.8038 22.3 Updated May 27.35 UT             4   0.13 22.3  7.020
ST26EC8  98 2026 05 20.4  22.1724 -30.9884 23.9 Updated May 27.35 UT             6   0.14 28.6  7.434
P12nfaz  43 2026 05 20.3  13.2066 -27.2166 22.0 Updated May 26.35 UT            12   2.87 18.3  4.678
NAOCAN7 100 2026 05 17.7  15.2897 -21.9537 21.0 Updated May 26.35 UT             4   0.10 19.7 10.018
KPMa1Ih  87 2026 05 18.1  11.1301 -28.9927 23.5 Updated May 26.35 UT             5   0.01 20.9  9.768
CEMVK32  51 2026 05 17.4  16.3403  +7.4312 21.8 Updated May 27.66 UT            59  13.11 20.1  2.329
