ST26EB8  98 2026 05 19.4  16.6373  +7.3473 19.4 Updated May 19.95 UT            11   0.49 25.4  0.047
LA0C0VD 100 2026 05 17.5  22.5593 -67.8246 22.7 Added May 19.61 UT               6   0.07 30.8  2.365
CEN5QX2 100 2026 05 19.4  16.1269 -15.1636 20.4 Updated May 19.91 UT            12   0.51 25.1  0.083
A11CGDH 100 2026 05 19.2  16.2613 -72.3118 19.3 Added May 19.28 UT               4   0.02 19.2  0.750
A11CGDI 100 2026 05 19.2  17.1359 -45.5294 18.8 Updated May 19.48 UT             8   0.17 20.7  0.629
NAOCAN7 100 2026 05 17.7  15.2740 -21.7382 20.6 Added May 19.07 UT               4   0.10 19.6  2.139
KPMa1Ih  87 2026 05 18.1  11.1314 -25.4524 23.2 Added May 18.68 UT               5   0.01 21.2  1.888
A11CDyX 100 2026 05 18.0  10.8715 -32.3178 19.8 Updated May 19.96 UT            12   1.78 20.7  0.164
P22nf7G 100 2026 05 17.6  16.2486 +36.3269 22.1 Updated May 19.41 UT            11   1.78 23.1  0.642
P22nf3F  10 2026 05 17.5  17.5975 +37.2638 21.6 Updated May 19.89 UT            21  53.02 19.2  0.536
CEMVK32  35 2026 05 17.4  16.9250 +11.1973 21.5 Updated May 19.63 UT            38   7.00 20.1  0.556
A11Cvk7 100 2026 05 16.9  13.2054 -71.0602 19.5 Updated May 18.37 UT             4   0.03 22.7  3.062
CEMRK82  84 2026 05 16.5  21.6142 -10.4017 21.5 Updated May 18.37 UT             3   0.01 17.3  3.526
A11Cswo 100 2026 05 16.0  17.0949 -22.9563 18.3 Updated May 18.37 UT             4   0.02 20.9  3.989
ST26E75  98 2026 05 15.2   2.5267 -21.2324 27.4 Updated May 18.37 UT             7   0.09 28.6  4.670
P12neKs  35 2026 05 14.6  18.2117 +57.6339 20.1 Updated May 19.97 UT            86   5.34 15.2  0.073
CEMAUH2 100 2026 05 14.4  15.8624 -16.7425 21.1 Updated May 18.39 UT             6   0.07 23.9  5.547
