C1EYRR5 100 2026 05 23.4  15.8659  +2.6121 22.6 Updated May 23.48 UT            10   0.09 25.3  0.611
C1EYQL5 100 2026 05 23.4  15.8808  +1.4580 22.3 Updated May 23.48 UT             7   0.09 24.2  0.607
C1EYPU5  97 2026 05 23.4  15.8230  +2.9715 22.9 Updated May 23.49 UT             6   0.07 22.4  0.626
C1EYPT5 100 2026 05 23.4  15.8277  +2.2524 21.8 Updated May 23.79 UT            14   0.08 24.3  0.614
C1EYD55  66 2026 05 23.3  15.8120 -13.0024 22.1 Updated May 23.41 UT            10   0.06 19.4  0.685
C1EXH55 100 2026 05 23.3  13.9825  +5.2940 22.3 Updated May 23.37 UT            10   0.08 23.3  0.713
6EM3521  91 2026 05 23.1  13.1786 -12.2596 20.0 Updated May 23.93 UT            22   0.86 22.3  0.161
NAOCBPP  99 2026 05 20.7  14.8684 -19.4436 22.1 Updated May 22.70 UT             4   0.13 22.4  3.226
CZYNHKZ 100 2026 05 14.4  16.3666  +2.2911 21.8 Updated May 23.35 UT             4   0.02 22.7  9.689
C46CD31 100 2026 05 21.4   1.1560  -3.5188 25.9 Updated May 23.35 UT             7   0.05 28.6  2.633
ST26ED1  98 2026 05 21.2   1.5552 -15.1857 26.5 Updated May 23.35 UT            20   0.16 30.2  2.691
TF26EE0 100 2026 05 20.5  16.3755  +8.8168 24.0 Updated May 22.38 UT             4   0.02 28.7  3.592
ST26EC8  98 2026 05 20.4  20.8314 -29.8487 21.9 Updated May 23.35 UT             6   0.14 28.6  3.639
ST26EC7  98 2026 05 20.4   2.4321  -8.4077 29.4 Updated May 23.35 UT             6   0.11 30.3  3.645
ST26EC5 100 2026 05 20.3  15.4716 -17.2202 20.1 Updated May 22.38 UT             4   0.03 24.9  3.737
P12nffX  10 2026 05 20.5  16.3399 -21.0133 21.7 Updated May 22.44 UT            15   7.94 19.3  1.679
P12nfaz  38 2026 05 20.3  13.2317 -27.9310 22.0 Updated May 23.25 UT            12   2.87 18.4  0.884
NAOCAN7 100 2026 05 17.7  15.2788 -21.8472 20.8 Updated May 22.38 UT             4   0.10 19.7  6.224
KPMa1Ih  87 2026 05 18.1  11.1237 -27.3319 23.4 Updated May 22.38 UT             5   0.01 20.8  5.973
CEMVK32  55 2026 05 17.4  16.6052  +9.2318 21.6 Updated May 23.35 UT            47   9.02 20.1  2.618
P12neKs  35 2026 05 14.6  18.0789 +57.1894 19.9 Updated May 23.97 UT           154   9.38 15.1  0.121
