C1F32J5 100 2026 05 25.4  17.2126 +11.7524 21.9 Added May 25.48 UT               4   0.02 25.7  0.145
C1F3245  75 2026 05 25.4  17.0316 +10.6735 22.9 Added May 25.48 UT               4   0.02 16.9  0.147
SJA1250 100 2026 05 24.9  16.9236 +61.7324 20.3 Added May 25.42 UT               3   0.03 17.5  0.648
C1F2X35  91 2026 05 25.4  16.3572  +2.0346 21.9 Updated May 25.46 UT             8   0.09 21.4  0.157
C1F2HL5 100 2026 05 25.4  16.2943 -11.3902 22.4 Updated May 25.43 UT             8   0.07 25.5  0.192
C1F2HK5 100 2026 05 25.4  16.2106 -11.2273 21.8 Updated May 25.43 UT             8   0.07 22.8  0.194
C1F1TD5 100 2026 05 25.3  15.5328  +4.7423 22.0 Added May 25.33 UT               4   0.02 27.4  0.290
C03UYWZ 100 2026 05 23.4  16.7593 +10.2525 22.9 Added May 25.30 UT               4   0.02 25.5  2.152
6EO3221 100 2026 05 25.0  11.2637 -40.0842 17.3 Updated May 25.37 UT            22   0.35 23.5  0.277
A11CUyv  96 2026 05 24.1  17.6023 -57.4988 19.0 Updated May 25.44 UT            10   1.27 18.7  0.204
P12nfw2 100 2026 05 24.6  21.0239  -4.0110 21.1 Added May 24.67 UT               3   0.02 22.3  1.007
NAOCLYL  85 2026 05 23.8  15.8974 -20.2135 21.6 Added May 24.59 UT               4   0.10 21.5  1.763
A11CQzo 100 2026 05 24.4  20.5392 -19.0382 19.0 Added May 24.51 UT               5   0.05 29.9  1.184
P12nfqd 100 2026 05 24.4  15.9451 -22.8782 20.5 Updated May 25.14 UT             7   0.71 21.4  0.496
oKr0080 100 2026 05 23.9  23.4851 +18.5294 20.2 Added May 24.47 UT               3   0.00 15.5  1.729
C1F1535  87 2026 05 24.4  16.7574  +6.3023 22.5 Updated May 25.30 UT            11   0.87 23.3  0.333
C1F0TQ5  89 2026 05 24.4  15.8981  -7.3948 21.7 Updated May 25.39 UT            15   2.93 24.3  0.354
C1F0EU5  87 2026 05 24.3  15.4268 -10.0881 22.1 Updated May 24.39 UT             8   0.07 14.8  1.228
C1F0295  90 2026 05 24.3  15.3304  -7.2468 22.1 Updated May 25.21 UT            17   0.88 22.2  0.422
6EN3D21 100 2026 05 24.2  16.5902 -79.3551 18.8 Updated May 25.35 UT             3   0.01 21.1  1.384
C1EYPU5 100 2026 05 23.4  15.8501  +3.2269 22.9 Updated May 25.26 UT            11   1.87 24.2  0.370
C1EYD55  69 2026 05 23.3  15.7661 -13.3634 22.1 Updated May 25.35 UT            12   0.95 20.1  1.339
NAOCBPP  99 2026 05 20.7  14.8909 -20.4317 22.2 Updated May 25.35 UT             4   0.13 22.4  4.769
C46CD31 100 2026 05 21.4   1.4864  -3.0866 27.2 Updated May 25.35 UT             7   0.05 28.6  4.176
ST26ED1  98 2026 05 21.2   1.6987 -14.6545 27.7 Updated May 25.35 UT            20   0.16 30.2  4.234
TF26EE0 100 2026 05 20.5  16.3546  +8.8047 24.6 Updated May 24.34 UT             4   0.02 28.8  5.135
ST26EC8  98 2026 05 20.4  21.6262 -30.9041 23.0 Updated May 25.35 UT             6   0.14 28.6  5.182
ST26EC7  98 2026 05 20.4   2.4700  -8.4010 30.0 Updated May 25.35 UT             6   0.11 30.3  5.188
P12nfaz  43 2026 05 20.3  13.2206 -27.6397 21.9 Updated May 24.34 UT            12   2.87 18.3  2.427
NAOCAN7 100 2026 05 17.7  15.2823 -21.8926 21.0 Updated May 24.34 UT             4   0.10 19.9  7.767
KPMa1Ih  87 2026 05 18.1  11.1249 -27.9830 23.4 Updated May 24.34 UT             5   0.01 20.8  7.516
CEMVK32  53 2026 05 17.4  16.4936  +8.4939 21.7 Updated May 24.42 UT            50  11.97 20.1  1.214
P12neKs  35 2026 05 14.6  18.0270 +56.9833 19.9 Updated May 25.03 UT           167  10.45 15.1  0.599
