P12o4vO 100 2026 07 11.6  23.1486  +6.0273 18.8 Updated July 12.08 UT            3   0.01 26.3  0.525
P12o4vF  88 2026 07 11.5  22.6943 -18.3372 21.8 Added July 11.86 UT              4   0.03 20.3  0.548
P12o4vm  86 2026 07 11.5  22.4523 -18.1181 20.6 Added July 11.80 UT              4   0.03 18.4  0.549
P12o4vl  99 2026 07 11.5  22.4087 -19.1706 20.8 Added July 11.79 UT              4   0.03 19.1  0.549
P12o4vk  96 2026 07 11.5  22.3430 -20.7017 20.9 Updated July 12.06 UT            7  21.01 19.2  0.552
P12o4v9 100 2026 07 11.6  22.9302 -19.1215 20.7 Added July 11.79 UT              3   0.02 21.9  0.546
ZTF10El 100 2026 07 11.3  23.3483  -3.0683 19.3 Added July 11.69 UT              4   0.02 27.9  0.786
ZTF10En 100 2026 07 11.4  21.1261 +20.3511 19.2 Added July 11.69 UT              2   0.00 23.7  0.722
S001621 100 2026 07 11.2  21.9764 -32.6951 20.1 Added July 11.59 UT              3   0.04 20.3  0.857
P12o2DL 100 2026 07 11.5  21.7451  +6.3465 21.2 Updated July 12.04 UT           10   0.53 21.9  0.112
P12o2DM  98 2026 07 11.5  21.6727  +3.5476 21.7 Updated July 12.04 UT            5   0.10 26.6  0.543
CEQM6J2  81 2026 07 11.3  21.4403 -14.5392 19.0 Updated July 12.01 UT           31   1.64 25.7  0.124
A11EvW0 100 2026 07 11.3  19.5145 -26.9751 19.1 Added July 11.32 UT              4   0.02 24.9  0.848
ST26G26 100 2026 07 10.5  20.4795  +2.6153 20.5 Updated July 10.83 UT            4   0.01 26.8  1.658
A11Evr9 100 2026 07 10.0  21.5128 -51.2347 17.9 Added July 10.39 UT              7   0.03 23.3  2.052
TF26G22 100 2026 07 10.3  18.6820 +13.3799 19.6 Updated July 11.28 UT            2   0.94 25.8  0.888
ST26G18 100 2026 07 10.3  22.9507 +72.6699 21.3 Updated July 10.38 UT            4   0.02 25.7  1.793
ST26G17 100 2026 07 10.3  21.9219  -3.0921 20.1 Added July 10.37 UT              2   0.00 26.3  1.836
CEQKE72  80 2026 07 10.3  16.2768 +11.1895 20.9 Updated July 11.96 UT           27   1.68 23.1  0.186
A11Evap  86 2026 07 09.9  19.8193 -36.8069 19.3 Updated July 11.90 UT           17   1.97 21.9  0.233
P12o0YY  99 2026 07 09.5  20.7554 -21.5643 20.9 Updated July 11.23 UT            6   0.08 19.1  2.581
CEQJF02  86 2026 07 09.3  22.9029 +13.9107 21.3 Updated July 11.42 UT           19   1.83 27.1  0.957
P12o0Y1 100 2026 07 08.5  20.2353 -29.6222 21.3 Updated July 10.65 UT           12  18.41 22.4  2.161
P12nXce 100 2026 07 08.5  21.8079 -33.9055 21.1 Updated July 11.49 UT           11   2.75 21.5  0.862
P12nXcA  78 2026 07 08.5  21.0178 -24.6465 19.7 Updated July 11.45 UT           18   2.62 22.8  1.003
A11EpSe  75 2026 07 08.2  19.6494 -29.7005 19.2 Updated July 11.89 UT           16   3.70 19.0  0.249
W2nCdO   79 2026 07 07.4  19.1465 -24.6843 23.8 Updated July 11.23 UT           11  19.01 26.6  2.700
ST26G01  98 2026 07 07.2  20.9895 -60.1626 21.8 Updated July 11.23 UT           14   0.10 27.0  4.774
P22nTNT  10 2026 07 06.5  18.2954 +17.3806 21.0 Updated July 11.23 UT           24   2.71 19.0  2.952
P22nTLB  21 2026 07 06.3  17.6805  +7.5329 22.2 Updated July 11.23 UT           20   2.87 19.6  2.944
MAS0006  35 2026 06 19.3  18.3570 +23.9180 20.0 Updated July 12.01 UT          144  22.65  9.0  0.177
OMO0297  87 2026 06 25.8  23.6883  +3.8987 21.9 Updated July 10.23 UT           12  12.63 20.1  3.670
P22nJzF  35 2026 06 22.5  22.4987 +18.8646 21.5 Updated July 10.42 UT           23  25.46 14.1  2.116
