A11CDyX 100 2026 05 18.0  10.7831 -33.4457 19.6 Added May 18.22 UT               4   0.02 21.1  0.338
P22nf7J 100 2026 05 17.6  16.4013 +33.1691 21.0 Updated May 18.37 UT             9  20.57 23.1  0.424
P22nf7G 100 2026 05 17.6  16.2051 +34.8287 22.1 Added May 17.77 UT               4   0.04 22.8  0.800
P22nf3F  32 2026 05 17.5  17.5994 +37.0045 21.4 Updated May 18.35 UT            12   0.81 19.0  0.103
CEMVK32 100 2026 05 17.4  17.0583 +11.9544 21.6 Updated May 18.33 UT            30   5.77 20.2  0.198
A11Cvk7 100 2026 05 16.9  13.7290 -72.6000 19.6 Updated May 18.37 UT             4   0.03 22.7  1.475
CEMRK82  84 2026 05 16.5  21.5693 -10.0862 21.5 Updated May 18.37 UT             3   0.01 17.3  1.940
A11Cswo 100 2026 05 16.0  17.1926 -23.3625 18.6 Updated May 18.37 UT             4   0.02 20.9  2.402
ZTF10Du 100 2026 05 15.3  16.8609 -36.3296 19.5 Updated May 18.37 UT             4   0.03 26.4  3.106
ST26E84  98 2026 05 15.4  15.4063 +10.7187 20.7 Updated May 18.37 UT             6   0.47 26.4  2.515
ST26E75  98 2026 05 15.2   2.5017 -23.6807 26.2 Updated May 18.37 UT             7   0.09 28.6  3.084
P12neKs  35 2026 05 14.6  18.2610 +57.7695 20.2 Updated May 18.33 UT            58   3.67 15.3  0.165
RFD0300 100 2026 05 13.0  19.2583 -43.9524 25.1 Updated May 18.38 UT             2   0.00 29.8  5.374
CEMAUH2 100 2026 05 14.4  16.0355 -11.4486 21.2 Updated May 18.39 UT             6   0.07 23.9  3.961
ST26E61 100 2026 05 14.3  16.6975  +0.7310 23.8 Updated May 18.39 UT             6   0.05 28.9  4.038
MZ26075 100 2026 05 13.8  17.9688 +21.5934 21.0 Updated May 18.37 UT             3   0.01 25.0  4.582
A11CmCW 100 2026 05 13.3   6.4059 -69.8340 21.1 Updated May 18.39 UT             4   0.02 25.6  5.029
A11CmCS 100 2026 05 13.3  17.2266 -30.5088 20.7 Updated May 18.37 UT             4   0.04 25.6  5.088
OCA1642  84 2026 05 13.1  13.7001 -31.3986 19.5 Updated May 18.37 UT             3   0.02 14.2  5.276
S001563  73 2026 05 07.0  12.9755 -27.2506 21.6 Updated May 18.37 UT             3   0.03 17.7 11.327
C1EUYV5  35 2026 04 27.5  17.2215 +18.9444 21.9 Updated May 16.81 UT            36 300.17 12.8  1.943
