ST26E47 100 2026 05 12.4  15.2494 -15.1384 18.4 Updated May 12.72 UT             4   0.01 23.7  0.508
P22n55t  38 2026 05 12.4  15.0398 -13.4648 21.4 Updated May 12.82 UT             8   4.22 19.5  0.398
P22n52K 100 2026 05 12.4  15.2083 -11.4826 21.1 Updated May 12.69 UT             6   0.10 24.1  0.397
P22n4V7 100 2026 05 12.4  14.4145 -20.0822 21.7 Updated May 12.68 UT             5   0.10 20.2  0.448
P22n4V6 100 2026 05 12.4  14.0139 -22.8583 21.7 Updated May 12.68 UT             6   0.10 21.5  0.450
P22n4V9  95 2026 05 12.4  14.4085 -16.2336 21.7 Updated May 12.69 UT             8   0.10 23.1  0.446
P22n4V8 100 2026 05 12.4  14.3544 -16.8448 21.2 Updated May 12.68 UT             6   0.09 25.7  0.446
CEM28F2 100 2026 05 12.4  17.5695 +16.2101 21.0 Updated May 12.47 UT             9   0.06 25.2  0.479
P22n4PE 100 2026 05 12.3  13.7053  -7.5198 20.2 Updated May 12.78 UT             8   0.16 25.9  0.502
P22n4PD 100 2026 05 12.4  13.8324  -9.7058 20.8 Updated May 12.68 UT             5   0.08 27.2  0.501
P22n4PC  69 2026 05 12.4  13.9718 -14.6590 20.6 Updated May 12.68 UT             5   0.08 20.2  0.504
P22n4PB  96 2026 05 12.3  13.6529 -10.0321 21.1 Updated May 12.68 UT             8   0.10 23.1  0.502
CEM26R2  67 2026 05 12.4  16.6244 +15.5241 20.6 Updated May 12.65 UT            10   0.22 16.9  0.330
CEM1YU2  98 2026 05 12.3  15.1064  +9.2716 20.7 Updated May 12.43 UT            12   0.10 28.1  0.516
CEM20F2  98 2026 05 12.3  14.8328 +17.1243 22.1 Updated May 12.43 UT            12   0.10 27.0  0.513
CEM1XD2  75 2026 05 12.3  14.5399 +17.7318 22.0 Updated May 12.41 UT            11   0.11 17.1  0.527
CEM1R02 100 2026 05 12.3  13.6336 +16.9135 21.7 Updated May 12.42 UT            12   0.14 21.2  0.522
ST26E39 100 2026 05 12.2  12.7685 -21.9881 19.5 Updated May 12.26 UT            10   0.07 23.5  0.678
6EB3121 100 2026 05 12.0  10.3187 -10.9761 19.9 Updated May 12.18 UT             9   0.19 23.7  0.776
SO0005e 100 2026 05 11.7  22.3371 -14.3911 21.9 Added May 12.10 UT               3   0.00 28.8  1.230
SO0005d 100 2026 05 11.7  18.2817 -28.9261 19.7 Added May 12.10 UT               4   0.00 27.8  1.229
SO0005c 100 2026 05 11.7  20.7099 -36.2089 20.8 Added May 12.05 UT               3   0.00 28.5  1.283
SO0005b 100 2026 05 11.6  22.3497 -14.5307 20.0 Added May 12.04 UT               3   0.00 26.6  1.293
CELXZH2 100 2026 05 11.3  14.7836 +24.1183 22.7 Added May 11.37 UT               3   0.01 22.0  1.593
ST26E34 100 2026 05 10.5  14.8664 +18.2021 23.1 Updated May 12.32 UT             2   0.00 28.1  2.480
6E94521  84 2026 05 10.4  19.4870 -59.8317 19.5 Updated May 12.49 UT            28   2.04 19.0  0.538
XA9ttXA  77 2026 05 08.8  15.0957  +1.8942 22.5 Updated May 12.19 UT            16   3.41 21.8  0.772
ST26E18 100 2026 05 09.4  15.5031 -14.5638 23.3 Updated May 11.31 UT             4   0.00 30.1  3.575
CELRZD2 100 2026 05 09.2  12.4548 +36.4360 22.3 Updated May 12.32 UT             8   0.10 22.7  3.593
ZTF10Dl 100 2026 05 08.3  18.9585 -15.5195 21.6 Updated May 12.32 UT             4   0.03 26.9  4.572
ST26E14 100 2026 05 08.4  13.3379  -3.0842 18.2 Updated May 12.32 UT             2   0.00 19.8  4.516
P22n0fQ  97 2026 05 07.4  15.0763 +10.0764 22.7 Updated May 11.31 UT             3   0.04 24.4  5.533
S001563  73 2026 05 07.0  12.9922 -26.9964 21.6 Updated May 12.31 UT             3   0.03 18.9  5.864
A11BRI6  35 2026 05 03.0  11.1417 -38.9466 19.0 Updated May 12.68 UT            76   9.17 19.9  0.758
C1EUYV5  35 2026 04 27.5  17.2972 +18.6678 21.8 Updated May 12.54 UT            33  15.04 12.7  0.433
