MZ26075 100 2026 05 13.8  16.4584  -7.1419 19.4 Added May 14.13 UT               3   0.01 25.1  0.329
A11CmCW 100 2026 05 13.3   3.2707 -79.0035 18.5 Added May 13.75 UT               4   0.02 24.5  0.776
A11CmCS 100 2026 05 13.3  16.2965 -40.4882 18.8 Added May 13.75 UT               4   0.04 25.4  0.835
OCA1642  84 2026 05 13.1  13.7692 -31.1551 19.4 Added May 13.56 UT               3   0.02 13.4  1.023
P22nay8  74 2026 05 13.4  15.7652  -1.9239 21.5 Updated May 14.14 UT             6   0.69 16.5  0.023
P22nawA  97 2026 05 13.4  15.1648  -3.1856 21.2 Updated May 14.13 UT            10   0.68 24.7  0.030
A11Cmv6 100 2026 05 13.0   8.6228 -50.6471 18.8 Updated May 14.10 UT            10   0.91 18.6  0.187
ST26E47  74 2026 05 12.4  14.8949 -26.1003 19.4 Updated May 14.10 UT            28   1.68 24.9  0.056
P22n4V7  86 2026 05 12.4  14.3773 -19.6536 21.8 Updated May 14.13 UT            15   1.72 21.1  0.035
P22n4V6  81 2026 05 12.4  13.9432 -22.9571 21.6 Updated May 14.09 UT            19   1.59 23.5  0.170
CEM28F2  91 2026 05 12.4  18.0571 +19.3241 20.6 Updated May 14.05 UT            25   1.61 24.7  0.139
P22n4PC  67 2026 05 12.4  13.9688 -13.7156 20.6 Updated May 13.93 UT            11   1.55 21.0  0.237
CEM26R2  30 2026 05 12.4  16.6028 +15.4690 20.6 Updated May 13.26 UT            16   1.45 17.0  1.156
CEM1XD2  23 2026 05 12.3  14.5143 +17.5703 22.2 Updated May 13.86 UT            18   6.19 19.2  0.634
SO0005e 100 2026 05 11.7  23.8809  +3.0006 25.6 Updated May 13.34 UT             3   0.00 28.9  2.440
SO0005d 100 2026 05 11.7  18.7924 -26.4547 21.2 Updated May 13.34 UT             4   0.00 28.3  2.438
SO0005c 100 2026 05 11.7  22.4460 -30.8186 22.9 Updated May 13.34 UT             3   0.00 28.3  2.492
SO0005b 100 2026 05 11.6  22.6377 -11.6511 21.6 Updated May 13.33 UT             3   0.00 26.7  2.503
CELXZH2 100 2026 05 11.3  14.7624 +24.2314 22.6 Updated May 13.34 UT             3   0.01 22.1  2.803
ST26E34 100 2026 05 10.5  14.8544 +18.7463 24.0 Updated May 13.34 UT             2   0.00 28.1  3.690
6E94521  10 2026 05 10.4  19.6030 -62.6693 19.6 Updated May 13.71 UT            34   3.04 19.1  0.750
XA9ttXA 100 2026 05 08.8  15.0701  +1.9373 22.5 Updated May 13.17 UT            19   4.39 21.8  1.000
ST26E18 100 2026 05 09.4  15.5054 -14.5024 24.0 Updated May 13.34 UT             4   0.00 30.3  4.785
CELRZD2 100 2026 05 09.2  12.4017 +36.9373 22.6 Updated May 13.33 UT             8   0.10 22.9  4.802
ST26E14 100 2026 05 08.4  13.3157  -2.8213 18.6 Updated May 13.34 UT             2   0.00 17.6  5.726
P22n0fQ  97 2026 05 07.4  15.0228 +10.7685 21.7 Updated May 13.34 UT             3   0.04 23.4  6.743
S001563  73 2026 05 07.0  12.9887 -27.0457 21.5 Updated May 13.34 UT             3   0.03 18.4  7.074
A11BRI6  10 2026 05 03.0  11.3428 -38.3008 19.2 Updated May 13.96 UT            86  10.91 19.9  0.224
C1EUYV5  35 2026 04 27.5  17.2807 +18.7329 21.9 Updated May 13.76 UT            36 297.21 12.8  0.653
