ZTF10Du 100 2026 05 15.3  15.3847 -28.8545 17.1 Added May 15.45 UT               4   0.03 26.1  0.813
ST26E84 100 2026 05 15.4  14.8756 +10.7323 20.0 Updated May 15.45 UT             4   0.03 24.4  0.666
ST26E76  98 2026 05 15.2  14.4343  +7.3595 21.3 Updated May 15.92 UT            11   0.67 30.6  0.197
ST26E75 100 2026 05 15.2  14.7790 -12.3650 18.3 Updated May 15.38 UT             4   0.01 25.6  0.875
6EE3C21 100 2026 05 15.2  15.7037 -21.1156 19.1 Updated May 15.97 UT            14   0.76 25.9  0.154
A11Cr0m 100 2026 05 15.0  16.0324 -51.3694 17.9 Updated May 15.37 UT            14   0.31 20.0  0.817
P12neKJ 100 2026 05 14.3  13.0118 -23.3964 20.9 Updated May 15.88 UT            13   1.51 20.1  0.266
P12neKs  57 2026 05 14.6  18.3296 +57.9313 20.2 Updated May 16.03 UT            16   1.43 15.5  0.107
P12nc1c  96 2026 05 14.5  16.7804  -6.3962 21.7 Updated May 15.38 UT            21   0.90 20.1  0.730
RFD0300 100 2026 05 13.0   0.1251 -31.5657 25.4 Added May 14.52 UT               2   0.00 29.5  3.081
CEMAUH2 100 2026 05 14.4  16.3238  -2.1769 21.3 Updated May 14.46 UT             6   0.07 24.0  1.668
ST26E61 100 2026 05 14.3  16.5350  +0.5607 22.3 Updated May 14.37 UT             6   0.05 28.7  1.745
ST26E57  98 2026 05 14.3  16.8268 -12.8223 19.6 Updated May 15.95 UT            15   1.67 28.0  0.167
MZ26075 100 2026 05 13.8  17.2474  +8.4702 20.2 Updated May 15.33 UT             3   0.01 25.5  2.288
A11CmCW 100 2026 05 13.3   5.9000 -72.9948 20.0 Updated May 15.33 UT             4   0.02 25.5  2.736
A11CmCS 100 2026 05 13.3  16.9352 -34.1264 19.8 Updated May 15.33 UT             4   0.04 25.5  2.795
OCA1642  84 2026 05 13.1  13.7372 -31.2722 19.4 Updated May 15.33 UT             3   0.02 13.1  2.983
CEM26R2  18 2026 05 12.4  16.5667 +15.3604 20.6 Updated May 15.33 UT            21   2.69 17.0  1.871
CEM1XD2  11 2026 05 12.3  14.4736 +17.2870 22.2 Updated May 15.17 UT            22   7.84 19.2  0.950
SO0005e 100 2026 05 11.7   0.1786  +6.4076 27.3 Updated May 14.35 UT             3   0.00 28.9  4.399
SO0005d 100 2026 05 11.7  19.1835 -24.1608 22.4 Updated May 14.34 UT             4   0.00 28.2  4.398
SO0005c 100 2026 05 11.7  22.7979 -28.9378 24.2 Updated May 14.34 UT             3   0.00 28.6  4.452
SO0005b 100 2026 05 11.6  23.0106  -7.8291 23.0 Updated May 14.34 UT             3   0.00 26.6  4.463
CELXZH2 100 2026 05 11.3  14.7227 +24.4413 22.2 Updated May 14.35 UT             3   0.01 25.0  4.762
S001563  73 2026 05 07.0  12.9786 -27.1511 21.6 Updated May 14.34 UT             3   0.03 17.5  9.033
C1EUYV5  35 2026 04 27.5  17.2537 +18.8339 21.9 Updated May 15.51 UT            36 299.14 12.8  0.680
