A11CmCW 100 2026 05 13.3   1.7728 -78.8321 18.0 Added May 13.75 UT               4   0.02 24.5  0.443
A11CmCS 100 2026 05 13.3  16.0850 -42.2039 18.6 Added May 13.75 UT               4   0.04 25.4  0.502
OCA1642  79 2026 05 13.1  13.7747 -31.1365 19.4 Added May 13.56 UT               3   0.02 13.4  0.690
P22nay8  81 2026 05 13.4  15.7752  -1.8628 21.3 Added May 13.52 UT               3   0.02 22.9  0.360
P22nawA 100 2026 05 13.4  15.1487  -3.2182 21.0 Added May 13.52 UT               3   0.02 22.1  0.358
ST26E50  98 2026 05 13.2  14.4951  -2.3728 19.8 Updated May 13.66 UT            13   0.38 26.8  0.185
A11Cmv6 100 2026 05 13.0   8.6660 -50.7771 18.7 Updated May 13.51 UT             7   0.43 17.7  0.337
ST26E47  81 2026 05 12.4  14.9960 -23.1801 19.3 Updated May 13.69 UT            19   1.25 25.0  0.149
P22n55t  36 2026 05 12.4  15.0141 -13.6223 21.4 Updated May 13.34 UT            11   5.01 19.8  0.484
P22n4V7 100 2026 05 12.4  14.3875 -19.7720 21.8 Updated May 13.34 UT            12   0.95 21.1  0.480
P22n4V6  91 2026 05 12.4  13.9632 -22.9301 21.6 Updated May 13.32 UT            16   0.93 23.5  0.503
CEM28F2 100 2026 05 12.4  17.9084 +18.4171 21.0 Updated May 13.37 UT            15   0.97 25.1  0.446
P22n4PC  67 2026 05 12.4  13.9697 -13.9756 20.7 Updated May 13.03 UT             8   0.65 21.2  0.804
CEM26R2  25 2026 05 12.4  16.6088 +15.4851 20.6 Updated May 13.26 UT            16   1.45 17.0  0.823
CEM1XD2 100 2026 05 12.3  14.5211 +17.6185 22.1 Updated May 12.41 UT            11   0.11 17.1  1.403
CEM1R02  91 2026 05 12.3  13.5675 +16.9474 21.7 Updated May 13.19 UT            18   0.89 22.1  0.641
6EB3121  81 2026 05 12.0  10.3715 -15.3867 20.0 Updated May 13.28 UT            19   1.16 23.9  0.675
SO0005e 100 2026 05 11.7  23.8076  +2.1517 25.2 Updated May 13.34 UT             3   0.00 28.9  2.106
SO0005d 100 2026 05 11.7  18.6914 -26.9972 20.9 Updated May 13.34 UT             4   0.00 28.3  2.105
SO0005c 100 2026 05 11.7  22.2338 -31.8158 22.5 Updated May 13.34 UT             3   0.00 28.3  2.159
SO0005b 100 2026 05 11.6  22.5580 -12.4484 21.3 Updated May 13.33 UT             3   0.00 26.7  2.170
CELXZH2 100 2026 05 11.3  14.7686 +24.2039 22.6 Updated May 13.34 UT             3   0.01 22.1  2.469
ST26E34 100 2026 05 10.5  14.8588 +18.5546 23.8 Updated May 13.34 UT             2   0.00 28.1  3.356
6E94521  10 2026 05 10.4  19.5691 -61.8887 19.6 Updated May 13.71 UT            34   3.04 19.1  0.417
XA9ttXA  75 2026 05 08.8  15.0771  +1.9264 22.5 Updated May 13.17 UT            19   4.39 21.8  0.667
ST26E18 100 2026 05 09.4  15.5014 -14.4591 23.9 Updated May 13.34 UT             4   0.00 30.3  4.451
CELRZD2 100 2026 05 09.2  12.4145 +36.8192 22.5 Updated May 13.33 UT             8   0.10 22.9  4.469
ST26E14 100 2026 05 08.4  13.3216  -2.8862 18.6 Updated May 13.34 UT             2   0.00 17.6  5.392
P22n0fQ  97 2026 05 07.4  15.0277 +10.7102 21.7 Updated May 13.34 UT             3   0.04 23.4  6.410
S001563  73 2026 05 07.0  12.9897 -27.0304 21.5 Updated May 13.34 UT             3   0.03 18.4  6.740
A11BRI6  10 2026 05 03.0  11.2902 -38.4777 19.1 Updated May 13.64 UT            81  10.09 19.9  0.715
C1EUYV5  35 2026 04 27.5  17.2852 +18.7152 21.9 Updated May 13.76 UT            36 297.21 12.8  0.319
