A11CDyX 100 2026 05 18.0  10.7743 -33.5533 19.6 Added May 18.22 UT               4   0.02 21.1  0.171
P22nf7J 100 2026 05 17.6  16.4020 +32.9684 21.3 Added May 17.77 UT               3   0.04 19.5  0.632
P22nf7G 100 2026 05 17.6  16.2009 +34.6805 22.1 Added May 17.77 UT               4   0.04 22.8  0.633
P22nf3F  64 2026 05 17.5  17.5992 +36.9764 21.6 Updated May 17.78 UT             6   0.12 17.1  0.623
CEMVK32 100 2026 05 17.4  17.0725 +12.0335 21.7 Updated May 18.22 UT            26   5.77 20.3  0.032
A11Cvk7 100 2026 05 16.9  13.7728 -72.7218 19.6 Added May 16.99 UT               4   0.03 21.5  1.309
CEMRK82  84 2026 05 16.5  21.5645 -10.0531 21.6 Added May 16.49 UT               3   0.01 17.7  1.773
A11Cswo 100 2026 05 16.0  17.1986 -23.3776 18.4 Updated May 17.33 UT             4   0.02 22.1  2.236
ZTF10Du 100 2026 05 15.3  16.9069 -36.4751 19.4 Updated May 17.33 UT             4   0.03 26.4  2.939
ST26E84  98 2026 05 15.4  15.3789 +10.7297 20.6 Updated May 17.33 UT             6   0.47 26.4  2.348
ST26E75  98 2026 05 15.2   2.4976 -24.1371 26.1 Updated May 16.82 UT             7   0.09 28.6  2.918
P12neKs  35 2026 05 14.6  18.2661 +57.7825 20.3 Updated May 17.91 UT            52   3.32 15.4  0.346
RFD0300 100 2026 05 13.0  19.6291 -44.8213 25.1 Updated May 16.38 UT             2   0.00 29.8  5.207
CEMAUH2 100 2026 05 14.4  16.0626 -10.5929 21.2 Updated May 16.38 UT             6   0.07 23.9  3.795
ST26E61 100 2026 05 14.3  16.6905  +0.7252 23.8 Updated May 16.38 UT             6   0.05 29.0  3.871
MZ26075 100 2026 05 13.8  16.8183  -0.7065 22.7 Updated May 16.37 UT             3   0.01 27.4  4.415
A11CmCW 100 2026 05 13.3   6.3152 -71.4415 21.0 Updated May 16.38 UT             4   0.02 24.8  4.863
A11CmCS 100 2026 05 13.3  17.2319 -30.3721 20.5 Updated May 16.38 UT             4   0.04 25.4  4.921
OCA1642  84 2026 05 13.1  13.7034 -31.3869 19.4 Updated May 16.37 UT             3   0.02 14.0  5.109
S001563  73 2026 05 07.0  12.9795 -27.2343 21.7 Updated May 16.37 UT             3   0.03 18.3 11.160
C1EUYV5  35 2026 04 27.5  17.2239 +18.9367 21.9 Updated May 16.81 UT            36 300.17 12.8  1.776
