ST26EB8 100 2026 05 19.4  16.8143 +10.7840 19.7 Updated May 20.29 UT            14   0.52 25.5  0.391
CEN5QX2 100 2026 05 19.4  16.1637 -15.0292 20.4 Updated May 20.02 UT            15   0.54 25.2  0.430
A11CGDH 100 2026 05 19.2  16.3368 -71.9908 19.1 Updated May 20.02 UT             7   0.76 22.0  0.385
A11CGDI  96 2026 05 19.2  17.1869 -45.0471 18.8 Updated May 20.26 UT            21   0.88 21.5  0.299
NAOCAN7 100 2026 05 17.7  15.2746 -21.7482 20.7 Updated May 20.34 UT             4   0.10 20.1  2.514
KPMa1Ih  87 2026 05 18.1  11.1298 -25.6305 23.2 Updated May 20.34 UT             5   0.01 20.8  2.263
A11CDyX  83 2026 05 18.0  10.8936 -32.0395 19.6 Updated May 20.30 UT            19   1.92 20.6  0.393
CEMVK32  35 2026 05 17.4  16.8942 +11.0173 21.6 Updated May 19.63 UT            38   7.00 20.1  0.931
A11Cvk7 100 2026 05 16.9  13.2136 -71.0756 19.8 Updated May 20.34 UT             4   0.03 22.4  3.437
CEMRK82  84 2026 05 16.5  21.6248 -10.4835 21.5 Updated May 20.34 UT             3   0.01 17.4  3.901
A11Cswo 100 2026 05 16.0  17.1017 -22.9660 18.5 Updated May 20.34 UT             4   0.02 21.9  4.363
ST26E75  98 2026 05 15.2   2.5305 -20.9111 27.6 Updated May 20.34 UT             7   0.09 28.6  5.045
P12neKs  35 2026 05 14.6  18.1999 +57.5990 20.1 Updated May 20.26 UT            98   5.47 15.2  0.327
CEMAUH2 100 2026 05 14.4  15.8271 -17.7585 21.2 Updated May 20.34 UT             6   0.07 23.9  5.922
