A11EQsq 100 2026 07 15.9  16.9667 -65.7632 21.1 Added July 17.27 UT              4   0.02 28.3  1.400
A11EQsr  99 2026 07 16.4  19.2089 -24.5864 19.0 Added July 17.27 UT              6   0.05 18.6  0.805
A11EQfd 100 2026 07 16.4  19.8382 -13.9956 19.2 Added July 16.79 UT              4   0.04 26.0  0.805
ZTF10Er 100 2026 07 16.3   1.6923 -52.8479 19.1 Added July 16.64 UT              4   0.04 26.6  0.913
P12ooQQ  96 2026 07 16.6  20.9658  +2.1710 21.3 Added July 16.64 UT              3   0.03 19.4  0.712
ZTF10Eq  98 2026 07 16.3  20.3924 -11.1632 20.3 Updated July 17.02 UT            9   0.69 27.4  0.275
P22ooQq 100 2026 07 16.6   1.9414 +10.3084 21.0 Added July 16.64 UT              4   0.02 21.2  0.690
P22ooPS 100 2026 07 16.5  23.3456 +20.0799 20.9 Added July 16.57 UT              3   0.02 23.2  0.770
P22ooOY 100 2026 07 16.5  22.9682 +16.0822 21.2 Updated July 16.70 UT            5   0.08 23.8  0.755
P22ooOw  97 2026 07 16.3  17.7110 +55.3708 22.2 Added July 16.44 UT              4   0.04 19.4  0.927
P12ooOz 100 2026 07 16.3  15.9839 +20.3154 21.3 Updated July 16.70 UT            5   0.09 21.9  0.850
P12ooOy 100 2026 07 16.3  15.1626 +18.1488 22.4 Updated July 16.43 UT            4   0.04 21.7  0.911
P22ooOt  85 2026 07 16.4  20.9188 +15.4388 22.2 Updated July 16.70 UT            5   0.07 20.4  0.845
P22ooOs 100 2026 07 16.4  20.5726 +10.2231 21.9 Updated July 16.70 UT            5   0.07 22.5  0.847
ST26G49 100 2026 07 16.4  21.0041 -24.5687 17.5 Updated July 17.01 UT            4   0.04 27.5  0.883
ST26G46  86 2026 07 16.3  21.4112  +3.0498 19.6 Updated July 17.06 UT           25   0.75 26.6  0.255
orA4471 100 2026 07 15.9  16.2766 -18.1423 19.9 Updated July 17.23 UT            3   0.01 19.1  1.399
X89848   77 2026 07 14.8  22.0963 -13.0747 19.7 Updated July 17.24 UT            3   0.03 15.6  2.506
P12onSk  87 2026 07 15.5  22.3167 -32.3849 21.2 Updated July 16.58 UT            6   1.06 20.8  0.726
P12onSi  79 2026 07 15.5  22.0052 -23.7755 20.7 Updated July 17.24 UT            6   0.09 18.6  1.695
P12onSj 100 2026 07 15.5  22.7858 -28.8550 20.9 Updated July 17.24 UT            6   0.08 18.9  1.696
ZTF10Ep 100 2026 07 15.3   3.4957  -3.6768 21.9 Updated July 17.24 UT            4   0.04 27.0  1.913
P12onRT 100 2026 07 15.4  20.4395 -39.6358 19.9 Updated July 16.67 UT           10   0.70 20.9  1.149
W2onRQ  100 2026 07 15.4  19.9951 -23.2472 20.2 Updated July 17.23 UT            4   0.00 26.7  1.866
P12onRm  96 2026 07 15.4  19.6928 -25.2530 20.9 Updated July 17.24 UT            5   0.13 20.6  1.777
ST26G39  79 2026 07 15.2  18.0204 +37.6369 21.3 Updated July 17.06 UT           23   1.77 25.9  0.297
P12onNw  35 2026 07 14.3  17.5092  -1.7079 20.6 Updated July 17.24 UT           17   3.16 12.1  1.872
P12omkc  71 2026 07 14.4  19.6373 -37.7594 21.0 Updated July 16.54 UT            7   2.02 20.6  0.855
TF26G22 100 2026 07 10.3   2.0814 -33.7440 22.0 Updated July 17.24 UT            2   0.00 25.3  6.987
ST26G01  98 2026 07 07.2  22.2968 -62.5434 23.5 Updated July 17.23 UT           14   0.10 27.0  9.941
P22nJzF  35 2026 06 22.5  22.4091 +18.4872 21.5 Updated July 17.24 UT           28 300.05 14.2  1.852
