X89848   77 2026 07 14.8  22.0973 -13.0448 19.7 Added July 16.07 UT              3   0.03 15.4  1.340
A11EJqb 100 2026 07 15.1   3.3149 -20.5452 18.8 Added July 15.63 UT              4   0.02 13.9  0.975
P12onSk  79 2026 07 15.5  22.3037 -32.1864 21.0 Added July 15.59 UT              3   0.04 17.9  0.580
P12onSi  74 2026 07 15.5  22.0079 -23.9789 20.8 Updated July 15.64 UT            6   0.09 18.4  0.528
P12onSj 100 2026 07 15.5  22.7679 -28.5820 21.0 Updated July 15.64 UT            6   0.08 18.9  0.530
ZTF10Ep 100 2026 07 15.3   0.5250 -15.5232 18.5 Added July 15.58 UT              4   0.04 26.9  0.746
P12onRT 100 2026 07 15.4  20.4267 -39.9203 19.7 Added July 15.57 UT              4   0.03 19.0  0.657
W2onRQ  100 2026 07 15.4  19.9430 -28.1540 19.8 Added July 15.55 UT              4   0.00 26.5  0.700
P12onRq 100 2026 07 15.4  19.9370 -21.4543 18.7 Updated July 16.09 UT            9   0.73 24.2  0.063
P12onRm  91 2026 07 15.4  19.6809 -24.5918 20.9 Updated July 15.63 UT            5   0.13 20.5  0.611
ST26G39 100 2026 07 15.2  18.2303 +30.6429 20.5 Updated July 15.91 UT           12   0.67 25.9  0.229
A11EGdu  91 2026 07 14.9  19.6901 -47.6827 19.2 Updated July 15.99 UT           15   3.65 25.0  0.163
XA9yiXA  10 2026 07 14.7  19.6389  -5.4745 20.0 Updated July 15.86 UT           42 2459.06 19.4  0.827
P12onNw  35 2026 07 14.3  17.5199  -1.7772 20.6 Updated July 15.87 UT           17   3.16 12.1  0.705
P12onNt 100 2026 07 14.4  19.9595 -31.4255 20.0 Updated July 15.59 UT            7   1.01 25.2  0.694
P12omkz 100 2026 07 14.4  20.5534 -34.5402 21.3 Updated July 15.56 UT           13   6.97 23.9  0.691
P12omkc  78 2026 07 14.4  19.6469 -37.9609 21.0 Added July 14.48 UT              4   0.02 18.3  1.687
P12o4vO 100 2026 07 11.6   9.8834 -10.1358 26.7 Updated July 15.23 UT            3   0.01 26.0  4.525
ZTF10El 100 2026 07 11.3   0.7856  -3.1038 23.1 Updated July 15.23 UT            4   0.02 27.8  4.786
ZTF10En 100 2026 07 11.4   9.9210 -25.9907 29.0 Updated July 15.23 UT            2   0.00 29.7  4.722
A11EvW0 100 2026 07 11.3  20.7388 -24.6177 20.2 Updated July 15.23 UT            4   0.02 24.7  4.848
ST26G26 100 2026 07 10.5  20.5018  +0.1111 22.7 Updated July 14.24 UT            4   0.01 27.1  5.658
TF26G22 100 2026 07 10.3   7.8082 -17.8310 29.7 Updated July 14.67 UT            2   0.00 28.9  5.820
ST26G18 100 2026 07 10.3   8.4506 +38.9757 30.7 Updated July 14.24 UT            4   0.02 26.1  5.793
ST26G17 100 2026 07 10.3   7.6346 -18.8208 29.5 Updated July 15.23 UT            2   0.00 28.8  5.836
P12o0YY  10 2026 07 09.5  20.5946 -19.6869 21.2 Updated July 15.59 UT           21 1277.70 20.4  1.020
A11EpSe  10 2026 07 08.2  19.6048 -28.9857 19.3 Updated July 15.60 UT           28   6.76 19.1  1.191
ST26G01  98 2026 07 07.2  22.1262 -62.4354 23.2 Updated July 15.23 UT           14   0.10 27.0  8.774
P22nJzF  35 2026 06 22.5  22.4300 +18.5793 21.5 Updated July 16.01 UT           26 300.05 14.1  0.685
