P12o62f  99 2026 07 13.6  23.3118 -16.2405 20.6 Added July 13.77 UT              3   0.02 18.1  0.365
P12o4wA  96 2026 07 13.5  21.3049  -6.7698 21.4 Added July 13.62 UT              3   0.03 20.1  0.447
P12o4wi 100 2026 07 13.5  21.7799  -6.6344 20.9 Updated July 13.64 UT            3   0.03 21.8  0.425
P12o4wj 100 2026 07 13.5  21.4035  -4.9449 21.7 Updated July 13.78 UT            7   0.04 22.0  0.429
P12o4wh 100 2026 07 13.5  21.4716  -6.7849 21.6 Updated July 13.64 UT            4   0.04 24.7  0.429
PDO0160 100 2026 07 13.1  21.8837  +5.4563 21.4 Updated July 13.63 UT            5   0.52 25.7  0.375
P12o4vT  96 2026 07 13.4  16.5276 -10.0548 20.2 Updated July 13.93 UT           14   0.56 20.2  0.035
P12o4vO 100 2026 07 11.6   9.6395 -10.8387 25.1 Updated July 13.24 UT            3   0.01 26.0  2.358
P12o4vF 100 2026 07 11.5  22.7222 -18.3288 21.9 Updated July 12.57 UT            7   1.01 19.4  1.403
P12o4vm  47 2026 07 11.5  22.4720 -18.3533 20.6 Updated July 13.66 UT           14   2.13 19.0  1.407
P12o4vl 100 2026 07 11.5  22.4281 -18.9962 20.7 Updated July 12.55 UT            7   1.00 18.5  1.414
P12o4v9  84 2026 07 11.6  23.0657 -18.0436 20.8 Updated July 13.77 UT           16   3.16 21.4  0.366
ZTF10El 100 2026 07 11.3   0.5171  -3.1167 21.8 Updated July 13.24 UT            4   0.02 27.7  2.619
ZTF10En 100 2026 07 11.4   9.9246 -26.0504 27.9 Updated July 13.24 UT            2   0.00 29.8  2.555
S001621 100 2026 07 11.2  22.0888 -33.2298 20.6 Updated July 13.67 UT            8   1.89 21.7  0.842
A11EvW0 100 2026 07 11.3  20.1855 -25.9878 19.6 Updated July 13.23 UT            4   0.02 24.9  2.682
ST26G26 100 2026 07 10.5  20.4973  +0.6356 21.8 Updated July 12.25 UT            4   0.01 27.0  3.491
TF26G22 100 2026 07 10.3  11.2176 -11.3023 23.6 Updated July 13.24 UT            4   0.94 24.8  2.721
ST26G18 100 2026 07 10.3   8.3255 +45.6103 28.3 Updated July 12.25 UT            4   0.02 26.1  3.627
ST26G17 100 2026 07 10.3   7.7251 -18.1457 28.9 Updated July 12.25 UT            2   0.00 28.8  3.669
A11Evap  10 2026 07 09.9  19.8456 -33.3316 19.0 Updated July 13.61 UT           29   3.64 21.9  0.389
P12o0YY  99 2026 07 09.5  20.6747 -20.6252 20.8 Updated July 12.25 UT            6   0.08 18.9  4.414
P12o0Y1  81 2026 07 08.5  20.1069 -29.0867 21.3 Updated July 13.31 UT           16  21.75 22.6  0.658
P12nXce 100 2026 07 08.5  21.6770 -35.9892 21.1 Updated July 12.31 UT           14   3.65 21.5  1.798
A11EpSe  73 2026 07 08.2  19.6293 -29.3833 19.2 Updated July 13.64 UT           21   5.44 19.1  0.344
W2nCdO   79 2026 07 07.4  19.1782 -24.9264 24.1 Updated July 12.25 UT           11  19.01 26.6  4.534
ST26G01  98 2026 07 07.2  21.6506 -61.8082 22.6 Updated July 12.25 UT           14   0.10 27.0  6.607
P22nTNT  10 2026 07 06.5  18.2789 +16.8187 21.1 Updated July 13.67 UT           39   6.85 19.1  0.647
MAS0006  35 2026 06 19.3  18.3453 +23.9470 19.9 Updated July 13.56 UT          158  23.71  8.9  0.941
P22nJzF  35 2026 06 22.5  22.4678 +18.7397 21.5 Updated July 12.25 UT           23  25.46 14.1  3.950
