CELY6P2 100 2026 05 11.4  17.0125 +18.2682 21.0 Updated May 11.47 UT             8   0.05 23.0  0.515
ST26E38 100 2026 05 11.3  17.4390  +6.7463 20.0 Updated May 11.66 UT             6   0.14 25.7  0.528
C469HY1  93 2026 05 11.4  17.3463 +10.9843 18.4 Updated May 11.92 UT            17   0.52 25.8  0.063
6EA3I21  62 2026 05 11.3  19.4305  -5.2635 17.0 Added May 11.37 UT               3   0.01 13.0  0.650
CELXZH2 100 2026 05 11.3  14.8030 +24.0197 22.7 Added May 11.37 UT               3   0.01 22.0  0.635
CELXRN2 100 2026 05 11.3  13.1491 +26.7438 21.0 Updated May 11.92 UT            13   0.63 22.1  0.079
TF26E51 100 2026 05 11.3  15.3260  +8.9041 19.3 Added May 11.28 UT               2   0.00 23.3  0.708
ST26E34 100 2026 05 10.5  14.6826 +25.1417 21.3 Added May 10.70 UT               2   0.00 26.4  1.522
6E94521 100 2026 05 10.4  19.4068 -57.5816 19.4 Updated May 11.30 UT            13   0.92 19.0  0.705
CELUGK2  93 2026 05 10.3  14.8135 +27.4550 21.5 Updated May 11.19 UT            21   0.85 24.4  0.797
ZTF10Do  98 2026 05 10.2  14.0296 +13.1093 18.2 Updated May 11.58 UT            11   1.27 27.1  0.478
CELU1Q2  98 2026 05 10.2  11.5866 +31.2658 21.3 Updated May 11.21 UT            13   0.99 26.1  0.789
ST26E24  98 2026 05 10.2   3.0557 -15.5730 26.2 Updated May 10.52 UT            13   0.29 29.1  1.507
ZTF10Dn 100 2026 05 09.3  16.8748 -12.9366 20.4 Updated May 11.31 UT             4   0.04 26.9  2.647
XA9ttXA  97 2026 05 08.8  15.1157  +1.8534 22.6 Updated May 11.23 UT            13   2.46 21.8  0.764
ST26E18 100 2026 05 09.4  15.4774 -14.2951 22.8 Updated May 11.31 UT             4   0.00 30.1  2.616
CELRZD2 100 2026 05 09.2  12.5061 +35.9372 22.1 Updated May 11.31 UT             8   0.10 22.6  2.634
TF26E23 100 2026 05 09.2  12.9654  -3.8577 17.7 Updated May 11.97 UT             2   0.00 19.6  2.766
ZTF10Dl 100 2026 05 08.3  18.8372 -15.5274 21.2 Updated May 10.31 UT             4   0.03 27.0  3.614
ST26E14 100 2026 05 08.4  13.3545  -3.2553 17.9 Updated May 10.31 UT             2   0.00 21.3  3.558
P22n0vC  24 2026 05 08.3  14.7983  +9.7489 22.4 Updated May 11.21 UT            25   2.87 19.9  0.778
CELLEH2  86 2026 05 08.3  15.8733 -16.5969 23.5 Updated May 11.82 UT            14   1.86 32.7  1.826
P22n0fQ  97 2026 05 07.4  15.0817 +10.0121 22.6 Updated May 11.31 UT             3   0.04 24.4  4.575
ZTF10Di 100 2026 05 07.4  22.1534 -10.8024 23.0 Updated May 11.31 UT             4   0.02 27.4  4.590
S001563  73 2026 05 07.0  12.9942 -26.9527 21.5 Updated May 11.31 UT             3   0.03 17.9  4.906
P22mZLU  68 2026 05 06.3  11.8092 -16.1688 21.0 Updated May 11.60 UT            17   4.96 20.7  0.749
A11BRI6  51 2026 05 03.0  10.9600 -39.4586 18.9 Updated May 11.97 UT            58   7.13 19.8  1.840
C1EUYV5  35 2026 04 27.5  17.3101 +18.6145 21.7 Updated May 11.29 UT            30  13.80 12.6  0.714
