TF26EF3 100 2026 05 21.5  15.4623 +13.1917 18.0 Added May 21.59 UT               2   0.00 19.6  0.267
TF26EF2 100 2026 05 21.5  15.4607 +13.1728 18.2 Updated May 21.59 UT             2   0.00 22.4  0.271
P22nfmx 100 2026 05 21.3  14.3274  +1.4444 20.9 Updated May 21.65 UT             6   0.16 24.5  0.387
C46CD31 100 2026 05 21.4  17.5179  -2.8131 18.4 Updated May 21.45 UT             5   0.05 28.5  0.300
ST26ED8 100 2026 05 21.3  17.9559  +9.6480 20.0 Updated May 21.66 UT            15   0.14 25.8  0.272
ST26ED4  98 2026 05 21.3  15.5654 +16.0220 19.7 Updated May 21.70 UT            11   0.16 27.7  0.300
ST26ED1  98 2026 05 21.2  16.9152  -1.0672 17.6 Updated May 21.71 UT            20   0.16 30.2  0.358
TF26EE0 100 2026 05 20.5  16.4474  +8.7229 22.0 Updated May 20.74 UT             4   0.02 28.7  1.259
TF26ED8 100 2026 05 20.5  16.9002  -1.2537 18.3 Added May 20.66 UT               2   0.00 24.3  1.279
ST26EC8  98 2026 05 20.4  17.7654 -15.1290 19.6 Updated May 21.71 UT             6   0.14 28.6  1.306
ST26EC7  98 2026 05 20.4   2.1445  -8.1681 26.6 Updated May 21.71 UT             6   0.11 30.2  1.312
ST26EC5 100 2026 05 20.3  16.4096 -10.8104 19.1 Updated May 20.59 UT             4   0.03 24.6  1.404
P12nfgD  46 2026 05 20.4  15.9740  -7.3948 22.0 Updated May 21.44 UT            12   0.98 20.3  0.329
P12nffX  10 2026 05 20.5  16.3823 -20.7923 21.7 Updated May 21.37 UT             9   0.87 18.6  0.373
P12nfdO  94 2026 05 20.5  16.2634 -23.3927 22.3 Updated May 21.50 UT             8   0.91 29.1  0.347
P12nffV  39 2026 05 20.5  16.5040 -19.0588 20.6 Updated May 21.40 UT            10   0.91 20.2  0.344
P12nfaz  50 2026 05 20.3  13.2509 -28.3720 22.0 Updated May 21.47 UT             8   1.05 18.5  0.373
P22nfat  20 2026 05 20.4  16.1938 +21.4479 22.1 Updated May 21.73 UT            25 622.93 19.6  0.312
A11CGDI  84 2026 05 19.2  17.3662 -43.1561 18.7 Updated May 21.20 UT            27   1.72 21.4  0.830
NAOCAN7 100 2026 05 17.7  15.2761 -21.7898 20.7 Updated May 21.35 UT             4   0.10 19.6  3.890
KPMa1Ih  87 2026 05 18.1  11.1260 -26.2756 23.3 Updated May 21.35 UT             5   0.01 20.8  3.640
CEMVK32  35 2026 05 17.4  16.7836 +10.3549 21.6 Updated May 21.47 UT            47   9.02 20.1  0.284
ST26E75  98 2026 05 15.2   2.5397 -20.0699 28.1 Updated May 21.35 UT             7   0.09 28.5  6.422
P12neKs  35 2026 05 14.6  18.1558 +57.4607 20.0 Updated May 21.47 UT           118   6.83 15.2  0.335
