ST26EB8 100 2026 05 19.4  16.5714  +6.0653 19.3 Updated May 19.66 UT             4   0.02 25.1  0.392
LA0C0VD 100 2026 05 17.5  22.5079 -68.3046 22.6 Added May 19.61 UT               6   0.07 30.8  2.240
CEN5QX2 100 2026 05 19.4  16.1120 -15.2137 21.1 Updated May 19.46 UT             8   0.06 24.2  0.408
ST26EB6  98 2026 05 19.3  16.9780 -10.0865 19.7 Updated May 19.39 UT            10   0.11 27.7  0.481
A11CGDH 100 2026 05 19.2  16.2465 -72.3925 19.3 Added May 19.28 UT               4   0.02 19.2  0.625
A11CGDI 100 2026 05 19.2  17.1192 -45.6913 18.8 Updated May 19.48 UT             8   0.17 20.7  0.504
ST26EB3  98 2026 05 19.3  15.5139  -8.5017 20.0 Updated May 19.43 UT            14   0.17 30.7  0.443
NAOCAN7 100 2026 05 17.7  15.2739 -21.7347 20.6 Added May 19.07 UT               4   0.10 19.6  2.014
KPMa1Ih  87 2026 05 18.1  11.1319 -25.3922 23.2 Added May 18.68 UT               5   0.01 21.2  1.763
A11CDyX 100 2026 05 18.0  10.8642 -32.4100 19.8 Updated May 19.66 UT             9   0.92 20.7  0.896
P22nf7G 100 2026 05 17.6  16.2451 +36.2077 22.1 Updated May 19.41 UT            11   1.78 23.1  0.517
P22nf3F  12 2026 05 17.5  17.5977 +37.2443 21.4 Updated May 19.46 UT            16   1.96 19.0  0.411
CEMVK32  35 2026 05 17.4  16.9353 +11.2572 21.5 Updated May 19.63 UT            38   7.00 20.1  0.431
A11Cvk7 100 2026 05 16.9  13.2438 -71.1962 19.5 Updated May 18.37 UT             4   0.03 22.7  2.937
CEMRK82  84 2026 05 16.5  21.6106 -10.3763 21.5 Updated May 18.37 UT             3   0.01 17.3  3.401
A11Cswo 100 2026 05 16.0  17.1032 -22.9910 18.3 Updated May 18.37 UT             4   0.02 20.9  3.863
ST26E75  98 2026 05 15.2   2.5255 -21.3518 27.4 Updated May 18.37 UT             7   0.09 28.6  4.545
P12neKs  35 2026 05 14.6  18.2157 +57.6453 20.1 Updated May 19.71 UT            79   4.47 15.2  0.818
CEMAUH2 100 2026 05 14.4  15.8754 -16.3563 21.1 Updated May 18.39 UT             6   0.07 23.9  5.422
