P22nf7J 100 2026 05 17.6  16.4074 +32.7728 21.3 Added May 17.77 UT               3   0.04 19.5  0.466
P22nf7G 100 2026 05 17.6  16.1968 +34.5320 22.1 Added May 17.77 UT               4   0.04 22.8  0.466
P22nf3F  64 2026 05 17.5  17.5994 +36.9472 21.6 Updated May 17.78 UT             6   0.12 17.1  0.456
A11CvyY  91 2026 05 17.4  14.2381 -22.9143 19.5 Updated May 18.02 UT            18   0.62 23.3  0.080
CEMVK32 100 2026 05 17.4  17.0869 +12.1124 21.7 Updated May 18.06 UT            18   5.54 20.3  0.098
CEMV1Q2  88 2026 05 17.3  15.2925  +7.3914 21.0 Updated May 17.98 UT            26   0.64 26.3  0.134
A11Cvk7 100 2026 05 16.9  13.8343 -72.8568 19.6 Added May 16.99 UT               4   0.03 21.5  1.142
CEMRK82  84 2026 05 16.5  21.5598 -10.0210 21.6 Added May 16.49 UT               3   0.01 17.7  1.607
A11Cswo 100 2026 05 16.0  17.2089 -23.4208 18.5 Updated May 17.33 UT             4   0.02 22.1  2.069
ZTF10Du 100 2026 05 15.3  16.8527 -36.2928 19.3 Updated May 17.33 UT             4   0.03 26.4  2.773
ST26E84  98 2026 05 15.4  15.3488 +10.7406 20.6 Updated May 17.33 UT             6   0.47 26.4  2.181
ST26E75  98 2026 05 15.2   2.4920 -24.6807 25.8 Updated May 16.82 UT             7   0.09 28.6  2.751
P12neKs  35 2026 05 14.6  18.2712 +57.7954 20.3 Updated May 17.91 UT            52   3.32 15.4  0.180
RFD0300 100 2026 05 13.0  19.6137 -44.7909 25.0 Updated May 16.38 UT             2   0.00 29.8  5.040
CEMAUH2 100 2026 05 14.4  16.0816  -9.9934 21.2 Updated May 16.38 UT             6   0.07 23.9  3.628
ST26E61 100 2026 05 14.3  16.6838  +0.7202 23.7 Updated May 16.38 UT             6   0.05 29.0  3.704
MZ26075 100 2026 05 13.8  16.8139  -0.7890 22.7 Updated May 16.37 UT             3   0.01 27.4  4.248
A11CmCW 100 2026 05 13.3   6.2939 -71.5736 21.0 Updated May 16.38 UT             4   0.02 24.8  4.696
A11CmCS 100 2026 05 13.3  17.2166 -30.5794 20.5 Updated May 16.38 UT             4   0.04 25.4  4.754
OCA1642  84 2026 05 13.1  13.7060 -31.3781 19.4 Updated May 16.37 UT             3   0.02 14.0  4.943
S001563  73 2026 05 07.0  12.9797 -27.2272 21.7 Updated May 16.37 UT             3   0.03 18.3 10.993
C1EUYV5  35 2026 04 27.5  17.2262 +18.9289 21.9 Updated May 16.81 UT            36 300.17 12.8  1.609
