SO0006A 100 2026 05 22.7  21.6307 -36.5420 19.2 Added May 22.70 UT               4   0.01 23.9  0.555
ST26EE4  98 2026 05 22.3  18.5086 +19.9324 21.4 Updated May 22.46 UT            18   0.13 29.0  0.788
NAOCBPP  99 2026 05 20.7  14.8566 -18.9016 22.1 Updated May 22.70 UT             4   0.13 22.4  2.392
8N2S001  88 2026 05 22.0  17.6723 +13.0915 19.4 Updated May 23.19 UT            18   1.14 22.7  0.056
CZYNHKZ 100 2026 05 14.4  16.3518  +2.3041 21.4 Updated May 22.04 UT             4   0.02 22.8  8.856
C46CD31 100 2026 05 21.4   0.2066  -4.6081 23.6 Updated May 21.45 UT             5   0.05 28.5  1.800
ST26ED1  98 2026 05 21.2   1.3407 -15.9120 25.3 Updated May 21.71 UT            20   0.16 30.2  1.858
TF26EE0 100 2026 05 20.5  16.3897  +8.8107 23.4 Updated May 22.38 UT             4   0.02 28.7  2.759
ST26EC8  98 2026 05 20.4  20.0846 -27.8380 21.2 Updated May 21.71 UT             6   0.14 28.6  2.806
ST26EC7  98 2026 05 20.4   2.3928  -8.3898 28.7 Updated May 21.71 UT             6   0.11 30.2  2.812
ST26EC5 100 2026 05 20.3  15.7190 -15.6482 19.7 Updated May 22.38 UT             4   0.03 24.9  2.904
P12nffX  10 2026 05 20.5  16.3552 -20.9342 21.7 Updated May 22.44 UT            15   7.94 19.3  0.846
P12nfaz  53 2026 05 20.3  13.2383 -28.0884 22.0 Updated May 22.18 UT            10   1.84 18.4  1.074
NAOCAN7 100 2026 05 17.7  15.2776 -21.8257 20.7 Updated May 22.38 UT             4   0.10 19.7  5.390
KPMa1Ih  87 2026 05 18.1  11.1240 -26.9612 23.3 Updated May 22.38 UT             5   0.01 20.8  5.140
CEMVK32  55 2026 05 17.4  16.6676  +9.6324 21.6 Updated May 21.47 UT            47   9.02 20.1  1.784
P12neKs  35 2026 05 14.6  18.1066 +57.2917 20.0 Updated May 23.09 UT           130   8.50 15.1  0.166
