TF26E48 100 2026 05 10.5  15.0647 +13.7556 19.8 Added May 10.70 UT               2   0.00 25.9  0.254
ST26E34 100 2026 05 10.5  15.0069 +11.1451 20.0 Added May 10.70 UT               2   0.00 26.4  0.272
ST26E33  98 2026 05 10.5  15.0998  +5.9619 15.0 Added May 10.70 UT               2   0.00 14.1  0.272
ST26E31 100 2026 05 10.4  14.5778  +3.7568 18.6 Updated May 10.70 UT             4   0.02 24.3  0.268
ST26E32 100 2026 05 10.4  15.0063  +7.8545 18.8 Updated May 10.70 UT             4   0.02 23.5  0.263
ZTF10Dp 100 2026 05 10.2  11.5050 +12.6315 18.2 Added May 10.57 UT               4   0.03 21.9  0.490
6E94521 100 2026 05 10.4  19.3181 -54.6973 18.3 Added May 10.41 UT               3   0.01 20.8  0.358
CELUGR2  98 2026 05 10.3  14.9956 +32.5852 20.3 Updated May 10.42 UT            10   0.09 26.1  0.310
CELUGK2 100 2026 05 10.3  14.8003 +29.5696 21.6 Updated May 10.44 UT            11   0.10 23.4  0.297
ZTF10Do  98 2026 05 10.2  12.8842 -12.1473 18.6 Updated May 10.48 UT             6   0.23 26.6  0.272
ST26E26  98 2026 05 10.2  15.2522  -7.5850 20.1 Updated May 10.42 UT            10   0.17 29.2  0.314
ST26E25  98 2026 05 10.2  14.8608  -3.3217 20.5 Updated May 10.42 UT            13   0.17 28.7  0.319
CELU1Q2 100 2026 05 10.2  11.5823 +31.3777 22.2 Updated May 10.32 UT             7   0.11 25.8  0.421
ST26E24  98 2026 05 10.2  11.6281 -11.4153 18.6 Updated May 10.52 UT            13   0.29 29.1  0.257
P22n4ou  87 2026 05 09.4  14.7323  +7.4812 21.5 Updated May 10.69 UT            15   0.86 21.5  0.510
ZTF10Dn 100 2026 05 09.3  16.5488 -12.3935 19.1 Added May 9.51 UT                4   0.04 26.9  1.397
XA9ttXA  99 2026 05 08.8  15.1412  +1.7919 22.2 Updated May 10.41 UT             8   1.61 20.7  0.360
ST26E18 100 2026 05 09.4  15.6611 -16.3629 20.8 Added May 9.37 UT                4   0.00 28.7  1.366
CELT2A2  94 2026 05 09.3  13.6601 +35.3986 20.4 Updated May 10.67 UT            27   0.91 21.5  0.551
CELT0C2  93 2026 05 09.2  12.8714 +41.1126 21.0 Updated May 10.15 UT            16   0.89 22.9  0.591
CELRZD2 100 2026 05 09.2  12.5835 +35.1775 21.8 Updated May 9.36 UT              8   0.10 22.8  1.384
TF26E23 100 2026 05 09.2  13.0801  -4.6077 17.2 Updated May 10.72 UT             2   0.00 19.6  1.516
ZTF10Dl 100 2026 05 08.3  18.4994 -15.4956 20.2 Updated May 10.31 UT             4   0.03 27.0  2.364
ST26E14 100 2026 05 08.4  13.3870  -3.5994 17.9 Updated May 10.31 UT             2   0.00 21.3  2.308
P22n0vC  26 2026 05 08.3  14.8291  +9.9308 22.3 Updated May 10.26 UT            22   1.91 19.8  0.485
CELLEH2  86 2026 05 08.3  15.8334 -15.9962 22.8 Updated May 10.22 UT            12   1.86 32.6  0.576
P22n0fQ  97 2026 05 07.4  15.0881  +9.9165 22.2 Updated May 9.34 UT              3   0.04 24.3  3.325
ZTF10Di 100 2026 05 07.4  22.0027 -11.2582 22.2 Updated May 9.34 UT              4   0.02 27.4  3.340
S001563  73 2026 05 07.0  13.0012 -26.8897 21.5 Updated May 9.33 UT              3   0.03 17.7  3.656
P22mZLU  93 2026 05 06.3  11.7607 -17.1883 20.9 Updated May 10.72 UT            10   1.71 20.6  2.752
A11BX2S 100 2026 05 05.2  19.2476  +1.4412 20.3 Updated May 9.33 UT              2   0.01 24.8  5.502
A11BRI6  53 2026 05 03.0  10.6873 -40.1009 18.8 Updated May 10.31 UT            50   5.00 19.9  2.716
ZTF10Df  98 2026 05 02.2  10.4197  +1.4424 23.5 Updated May 9.33 UT              9   0.68 26.6  7.889
C1EUYV5  91 2026 04 27.5  17.3268 +18.5432 21.8 Updated May 10.33 UT            24  12.79 12.7  0.474
