ST26E47 100 2026 05 12.4  15.2080 -16.5861 18.7 Updated May 12.99 UT            11   0.57 24.7  0.117
P22n55t  38 2026 05 12.4  15.0349 -13.4949 21.4 Updated May 12.82 UT             8   4.22 19.5  0.565
P22n52K 100 2026 05 12.4  15.1985 -11.5521 21.1 Updated May 12.69 UT             6   0.10 24.1  0.564
P22n4V7  98 2026 05 12.4  14.4094 -20.0221 21.8 Updated May 13.05 UT             8   0.65 21.1  0.068
P22n4V6 100 2026 05 12.4  14.0049 -22.8715 21.6 Updated May 13.02 UT             9   0.61 23.4  0.107
P22n4V9  95 2026 05 12.4  14.4136 -16.0637 21.8 Updated May 13.03 UT            11   0.63 24.7  0.085
P22n4V8  98 2026 05 12.4  14.3463 -17.3320 21.3 Updated May 13.08 UT             9   0.67 27.4  0.036
CEM28F2 100 2026 05 12.4  17.6288 +16.6080 21.0 Updated May 12.47 UT             9   0.06 25.2  0.646
P22n4PD  98 2026 05 12.4  13.8679 -10.2025 21.1 Updated May 13.07 UT             8   0.69 27.8  0.060
P22n4PC  67 2026 05 12.4  13.9717 -14.5275 20.7 Updated May 13.03 UT             8   0.65 21.2  0.095
P22n4PB  94 2026 05 12.3  13.6590  -9.8786 21.2 Updated May 13.03 UT            13   4.79 24.1  0.131
CEM26R2  67 2026 05 12.4  16.6214 +15.5171 20.6 Updated May 12.65 UT            10   0.22 16.9  0.497
CEM20F2  98 2026 05 12.3  14.8386 +16.9258 22.1 Updated May 12.43 UT            12   0.10 27.0  0.680
CEM1XD2  75 2026 05 12.3  14.5363 +17.7104 22.0 Updated May 12.41 UT            11   0.11 17.1  0.693
CEM1R02  98 2026 05 12.3  13.6206 +16.9227 21.7 Updated May 13.07 UT            15   0.77 22.0  0.050
ST26E39 100 2026 05 12.2  12.6605 -23.0519 19.5 Updated May 13.04 UT            13   0.83 23.6  0.083
6EB3121 100 2026 05 12.0  10.3287 -11.7905 19.9 Updated May 13.02 UT            13   0.99 23.8  0.138
SO0005e 100 2026 05 11.7  22.5191 -12.4823 22.4 Added May 12.10 UT               3   0.00 28.8  1.397
SO0005d 100 2026 05 11.7  18.4142 -28.3238 20.0 Added May 12.10 UT               4   0.00 27.8  1.395
SO0005c 100 2026 05 11.7  21.0237 -35.6878 21.1 Added May 12.05 UT               3   0.00 28.5  1.449
SO0005b 100 2026 05 11.6  22.4645 -13.4187 20.3 Added May 12.04 UT               3   0.00 26.6  1.460
CELXZH2 100 2026 05 11.3  14.7803 +24.1341 22.7 Added May 11.37 UT               3   0.01 22.0  1.760
ST26E34 100 2026 05 10.5  14.8625 +18.3787 23.2 Updated May 12.32 UT             2   0.00 28.1  2.647
6E94521  84 2026 05 10.4  19.5019 -60.2231 19.5 Updated May 12.49 UT            28   2.04 19.0  0.705
XA9ttXA  77 2026 05 08.8  15.0922  +1.9007 22.5 Updated May 12.19 UT            16   3.41 21.8  0.939
ST26E18 100 2026 05 09.4  15.5063 -14.5982 23.4 Updated May 11.31 UT             4   0.00 30.1  3.741
CELRZD2 100 2026 05 09.2  12.4473 +36.5065 22.4 Updated May 12.32 UT             8   0.10 22.7  3.759
ZTF10Dl 100 2026 05 08.3  18.9774 -15.5163 21.7 Updated May 12.32 UT             4   0.03 26.9  4.739
ST26E14 100 2026 05 08.4  13.3345  -3.0470 18.2 Updated May 12.32 UT             2   0.00 19.8  4.683
P22n0fQ  97 2026 05 07.4  15.0754 +10.0855 22.8 Updated May 11.31 UT             3   0.04 24.4  5.700
S001563  73 2026 05 07.0  12.9917 -27.0042 21.6 Updated May 12.31 UT             3   0.03 18.9  6.031
A11BRI6  35 2026 05 03.0  11.1711 -38.8572 19.0 Updated May 12.68 UT            76   9.17 19.9  0.925
C1EUYV5  35 2026 04 27.5  17.2949 +18.6769 21.8 Updated May 12.54 UT            33  15.04 12.7  0.599
