orA4471 100 2026 07 15.9  16.2330 -18.1873 19.8 Added July 16.21 UT              3   0.01 20.0  0.399
X89848   77 2026 07 14.8  22.0971 -13.0488 19.7 Added July 16.07 UT              3   0.03 15.4  1.506
A11EJqb 100 2026 07 15.1   3.3158 -20.5307 18.8 Added July 15.63 UT              4   0.02 13.9  1.142
P12onSk  79 2026 07 15.5  22.3053 -32.2141 21.0 Added July 15.59 UT              3   0.04 17.9  0.747
P12onSi  74 2026 07 15.5  22.0075 -23.9499 20.8 Updated July 15.64 UT            6   0.09 18.4  0.695
P12onSj 100 2026 07 15.5  22.7705 -28.6202 21.0 Updated July 15.64 UT            6   0.08 18.9  0.696
ZTF10Ep 100 2026 07 15.3   1.2998 -13.1576 19.0 Added July 15.58 UT              4   0.04 26.9  0.913
P12onRT 100 2026 07 15.4  20.4296 -39.8761 19.8 Updated July 16.23 UT            8   0.68 20.8  0.171
W2onRQ  100 2026 07 15.4  19.9531 -27.1486 19.8 Added July 15.55 UT              4   0.00 26.5  0.866
P12onRm  91 2026 07 15.4  19.6826 -24.6865 20.9 Updated July 15.63 UT            5   0.13 20.5  0.777
ST26G39  91 2026 07 15.2  18.1951 +31.9027 20.6 Updated July 16.26 UT           19   0.95 25.9  0.112
XA9yiXA  10 2026 07 14.7  19.6363  -5.4177 20.0 Updated July 16.21 UT           46 2459.97 19.4  0.085
P12onNw  35 2026 07 14.3  17.5184  -1.7672 20.6 Updated July 15.87 UT           17   3.16 12.1  0.872
P12onNt 100 2026 07 14.4  19.9689 -30.8393 20.0 Updated July 15.59 UT            7   1.01 25.2  0.860
P12omkz 100 2026 07 14.4  20.5654 -34.5928 21.3 Updated July 15.56 UT           13   6.97 23.9  0.857
P12omkc  78 2026 07 14.4  19.6464 -37.9271 20.9 Updated July 16.23 UT            4   0.02 20.6  1.853
P12o4vO 100 2026 07 11.6   9.8894 -10.1142 26.8 Updated July 15.23 UT            3   0.01 26.0  4.691
ZTF10El 100 2026 07 11.3   0.7972  -3.1037 23.2 Updated July 15.23 UT            4   0.02 27.8  4.952
ZTF10En 100 2026 07 11.4   9.9206 -25.9854 29.1 Updated July 15.23 UT            2   0.00 29.7  4.889
A11EvW0 100 2026 07 11.3  20.7761 -24.5064 20.2 Updated July 15.23 UT            4   0.02 24.7  5.015
TF26G22 100 2026 07 10.3   7.7491 -18.3211 29.3 Updated July 16.23 UT            2   0.00 28.2  5.987
A11EpSe  10 2026 07 08.2  19.6029 -28.9540 19.3 Updated July 15.60 UT           28   6.76 19.1  1.358
ST26G01  98 2026 07 07.2  22.1537 -62.4575 23.2 Updated July 15.23 UT           14   0.10 27.0  8.941
P22nJzF  35 2026 06 22.5  22.4270 +18.5664 21.5 Updated July 16.01 UT           26 300.05 14.1  0.852
