ZTF10Dp 100 2026 05 10.2  11.4612 +13.8093 18.2 Added May 10.57 UT               4   0.03 21.9  0.363
6E94521 100 2026 05 10.4  19.3079 -54.3819 18.4 Added May 10.41 UT               3   0.01 20.8  0.231
CELUGR2  98 2026 05 10.3  15.0250 +31.8299 20.3 Updated May 10.42 UT            10   0.09 26.1  0.184
CELUGK2 100 2026 05 10.3  14.7994 +29.7895 21.6 Updated May 10.44 UT            11   0.10 23.4  0.170
ZTF10Do  98 2026 05 10.2  12.7990 -13.9361 18.7 Updated May 10.48 UT             6   0.23 26.6  0.146
ST26E26  98 2026 05 10.2  15.1944  -6.7987 19.8 Updated May 10.42 UT            10   0.17 29.2  0.187
ST26E25  98 2026 05 10.2  14.8419  -2.7186 20.3 Updated May 10.42 UT            13   0.17 28.7  0.192
CELU1Q2 100 2026 05 10.2  11.5826 +31.3847 22.1 Updated May 10.32 UT             7   0.11 25.8  0.295
ST26E24  98 2026 05 10.2  12.1694  -7.2230 18.8 Updated May 10.52 UT            13   0.29 29.1  0.130
P22n4ou  89 2026 05 09.4  14.7330  +7.4976 21.6 Updated May 10.23 UT            11   0.86 21.5  0.383
ZTF10Dn 100 2026 05 09.3  16.4862 -12.2807 18.9 Added May 9.51 UT                4   0.04 26.9  1.270
XA9ttXA  99 2026 05 08.8  15.1438  +1.7849 22.2 Updated May 10.41 UT             8   1.61 20.7  0.234
ST26E18 100 2026 05 09.4  15.6293 -16.0505 20.6 Added May 9.37 UT                4   0.00 28.7  1.240
CELT2A2  94 2026 05 09.3  13.6733 +35.5072 20.4 Updated May 10.36 UT            24   0.91 21.5  0.425
CELT0C2  93 2026 05 09.2  12.8936 +40.7062 20.9 Updated May 10.15 UT            16   0.89 22.9  0.464
CELRZD2 100 2026 05 09.2  12.5926 +35.0851 21.7 Updated May 9.36 UT              8   0.10 22.8  1.258
TF26E23 100 2026 05 09.2  13.0946  -4.7019 17.1 Updated May 10.60 UT             2   0.00 19.6  1.389
P22n0x5  72 2026 05 08.5  15.3299 -14.9854 20.4 Updated May 10.09 UT            30   1.70 30.0  0.529
ZTF10Dl 100 2026 05 08.3  18.4472 -15.4808 20.1 Updated May 10.31 UT             4   0.03 27.0  2.237
ST26E14 100 2026 05 08.4  13.3903  -3.6337 17.9 Updated May 10.31 UT             2   0.00 21.3  2.181
P22n0vC  26 2026 05 08.3  14.8323  +9.9486 22.3 Updated May 10.26 UT            22   1.91 19.8  0.359
CELLEH2  86 2026 05 08.3  15.8277 -15.9112 22.7 Updated May 10.22 UT            12   1.86 32.6  0.449
CELHF72  75 2026 05 08.3  14.9785  -9.8134 21.3 Updated May 10.28 UT            30   1.97 24.6  0.334
P22n0gv  86 2026 05 07.6  17.1854 +48.0359 21.2 Updated May 10.42 UT            28   2.80 21.4  0.209
P22n0fQ  97 2026 05 07.4  15.0891  +9.9004 22.1 Updated May 9.34 UT              3   0.04 24.3  3.199
ZTF10Di 100 2026 05 07.4  21.9661 -11.3680 22.1 Updated May 9.34 UT              4   0.02 27.4  3.214
S001563  73 2026 05 07.0  13.0018 -26.8832 21.5 Updated May 9.33 UT              3   0.03 17.7  3.529
P22mZLU  93 2026 05 06.3  11.7559 -17.2906 20.9 Updated May 10.60 UT            10   1.71 20.6  2.625
A11BX2S 100 2026 05 05.2  19.2280  +1.4851 20.2 Updated May 9.33 UT              2   0.01 24.8  5.376
A11BRI6  53 2026 05 03.0  10.6572 -40.1627 18.8 Updated May 10.31 UT            50   5.00 19.9  2.589
ZTF10Df  98 2026 05 02.2  10.4188  +1.4443 23.5 Updated May 9.33 UT              9   0.68 26.6  7.763
C1EUYV5  91 2026 04 27.5  17.3285 +18.5359 21.8 Updated May 10.33 UT            24  12.79 12.7  0.348
