P12nfxd  95 2026 05 25.6  17.8401 +16.0626 21.6 Added May 25.70 UT               4   0.03 17.5  0.195
P12nfwU  93 2026 05 25.5  16.9075 +14.3653 21.6 Added May 25.64 UT               3   0.02 21.2  0.251
C1F32J5 100 2026 05 25.4  17.2117 +12.0767 22.0 Added May 25.48 UT               4   0.02 25.7  0.311
C1F3245  75 2026 05 25.4  17.0279 +10.6608 22.9 Added May 25.48 UT               4   0.02 16.9  0.314
SJA1250 100 2026 05 24.9  16.9125 +61.6682 20.3 Added May 25.42 UT               3   0.03 17.5  0.815
C1F2X35  91 2026 05 25.4  16.3523  +1.8336 21.9 Updated May 25.46 UT             8   0.09 21.4  0.323
C1F2HL5 100 2026 05 25.4  16.3150 -11.4352 22.4 Updated May 25.43 UT             8   0.07 25.5  0.359
C1F2HK5 100 2026 05 25.4  16.2022 -11.3802 21.8 Updated May 25.43 UT             8   0.07 22.8  0.361
C1F1TD5 100 2026 05 25.3  15.5619  +4.6149 22.0 Added May 25.33 UT               4   0.02 27.4  0.457
C03UYWZ 100 2026 05 23.4  16.7583 +10.4680 22.9 Added May 25.30 UT               4   0.02 25.5  2.319
6EO3221 100 2026 05 25.0  11.3147 -39.4412 17.2 Updated May 25.37 UT            22   0.35 23.5  0.444
A11CUyv  96 2026 05 24.1  17.5983 -57.3452 19.0 Updated May 25.44 UT            10   1.27 18.7  0.370
P12nfw2 100 2026 05 24.6  21.0243  -3.9815 21.4 Updated May 25.71 UT             5   1.00 19.3  0.190
NAOCLYL  85 2026 05 23.8  15.8981 -20.0461 21.6 Added May 24.59 UT               4   0.10 21.5  1.929
A11CQzo 100 2026 05 24.4  20.8046 -18.8408 19.3 Added May 24.51 UT               5   0.05 29.9  1.351
P12nfqd 100 2026 05 24.4  15.9409 -22.6900 20.5 Updated May 25.69 UT             9   1.06 21.5  0.312
oKr0080 100 2026 05 23.9  23.4857 +18.5343 20.2 Added May 24.47 UT               3   0.00 15.5  1.896
C1F1535  87 2026 05 24.4  16.7575  +6.3488 22.5 Updated May 25.30 UT            11   0.87 23.3  0.500
C1F0TQ5  89 2026 05 24.4  15.8878  -7.6216 21.7 Updated May 25.39 UT            15   2.93 24.3  0.520
C1F0EU5  87 2026 05 24.3  15.4233 -10.0874 22.1 Updated May 24.39 UT             8   0.07 14.8  1.395
C1F0295  90 2026 05 24.3  15.3273  -7.2127 22.1 Updated May 25.21 UT            17   0.88 22.2  0.589
6EN3D21 100 2026 05 24.2  16.5676 -79.4391 18.8 Updated May 25.35 UT             3   0.01 21.1  1.551
C1EYPU5 100 2026 05 23.4  15.8530  +3.2525 22.9 Updated May 25.26 UT            11   1.87 24.2  0.537
C1EYD55  69 2026 05 23.3  15.7612 -13.4024 22.1 Updated May 25.35 UT            12   0.95 20.1  1.506
NAOCBPP  99 2026 05 20.7  14.8934 -20.5360 22.2 Updated May 25.35 UT             4   0.13 22.4  4.936
C46CD31 100 2026 05 21.4   1.5060  -3.0587 27.3 Updated May 25.35 UT             7   0.05 28.6  4.343
ST26ED1  98 2026 05 21.2   1.7075 -14.6197 27.8 Updated May 25.35 UT            20   0.16 30.2  4.401
ST26EC8  98 2026 05 20.4  21.6842 -30.9380 23.0 Updated May 25.35 UT             6   0.14 28.6  5.349
ST26EC7  98 2026 05 20.4   2.4728  -8.3980 30.1 Updated May 25.35 UT             6   0.11 30.3  5.355
P12nfaz  43 2026 05 20.3  13.2195 -27.6083 21.9 Updated May 24.34 UT            12   2.87 18.3  2.594
NAOCAN7 100 2026 05 17.7  15.2827 -21.8966 21.0 Updated May 24.34 UT             4   0.10 19.9  7.933
KPMa1Ih  87 2026 05 18.1  11.1251 -28.0530 23.4 Updated May 24.34 UT             5   0.01 20.8  7.683
CEMVK32  53 2026 05 17.4  16.4819  +8.4146 21.7 Updated May 24.42 UT            50  11.97 20.1  1.381
P12neKs  35 2026 05 14.6  18.0213 +56.9598 19.9 Updated May 25.03 UT           167  10.45 15.1  0.766
