P12nc1w 100 2026 05 14.5  16.2162  -5.7992 20.8 Added May 14.58 UT               4   0.04 23.6  0.090
P12nc1d 100 2026 05 14.5  16.9315  -5.4385 21.3 Added May 14.58 UT               3   0.04 22.8  0.085
P12nc1c 100 2026 05 14.5  16.8197  -6.8388 21.8 Added May 14.58 UT               4   0.04 22.6  0.086
RFD0300 100 2026 05 13.0  23.1585 -38.6605 23.3 Added May 14.52 UT               2   0.00 29.5  1.579
P12nc08 100 2026 05 14.4  15.9958 -18.5884 21.0 Added May 14.52 UT               3   0.02 17.5  0.141
CEMAUH2 100 2026 05 14.4  16.5346  +4.7502 21.3 Updated May 14.46 UT             6   0.07 24.0  0.167
CEMAY32 100 2026 05 14.4  16.7539  +4.4236 20.3 Updated May 14.47 UT             9   0.07 23.8  0.145
C46A061  98 2026 05 14.4  15.0132  -6.3435 18.3 Updated May 14.59 UT            17   0.16 30.5  0.069
CEMANR2 100 2026 05 14.4  16.3701  +3.8474 19.8 Updated May 14.46 UT            10   0.09 20.9  0.151
C469ZZ1  98 2026 05 14.4  14.1179  +9.8726 17.6 Updated May 14.50 UT            21   0.13 26.9  0.121
ST26E67 100 2026 05 14.3  16.0308  +0.0285 19.5 Updated May 14.38 UT             6   0.06 30.0  0.231
CEMA5R2 100 2026 05 14.3  15.5224  +6.5213 20.1 Updated May 14.48 UT            14   0.08 23.8  0.196
ST26E61 100 2026 05 14.3  15.9978  -0.1478 20.1 Updated May 14.37 UT             6   0.05 28.7  0.243
CEM9MQ2  98 2026 05 14.3  14.8441  +2.3230 20.4 Updated May 14.41 UT             8   0.09 28.6  0.206
CEM9DH2 100 2026 05 14.3  14.9644  +0.9515 20.7 Updated May 14.42 UT            10   0.10 24.3  0.198
CEM9AR2  98 2026 05 14.3  14.8888  +1.6464 21.5 Updated May 14.40 UT             8   0.09 26.1  0.214
ST26E59 100 2026 05 14.3  15.2150  -1.0045 20.0 Updated May 14.38 UT            14   0.07 26.8  0.236
ST26E57 100 2026 05 14.3  15.0195  -2.7683 19.2 Updated May 14.33 UT             8   0.05 27.0  0.282
CEM83E2 100 2026 05 14.3  14.0142  +1.0445 20.6 Updated May 14.36 UT             6   0.09 24.4  0.257
CEM7YT2 100 2026 05 14.3  13.3029  +2.6783 20.0 Updated May 14.36 UT             8   0.09 21.7  0.254
ST26E52 100 2026 05 14.2  13.6128  +5.0054 19.9 Updated May 14.38 UT             9   0.09 25.9  0.270
MZ26075 100 2026 05 13.8  16.6762  -2.8206 19.5 Added May 14.13 UT               3   0.01 25.1  0.787
A11CmCW 100 2026 05 13.3   4.4929 -77.8146 19.0 Added May 13.75 UT               4   0.02 24.5  1.235
A11CmCS 100 2026 05 13.3  16.5195 -38.4755 19.1 Added May 13.75 UT               4   0.04 25.4  1.293
OCA1642  84 2026 05 13.1  13.7617 -31.1805 19.4 Added May 13.56 UT               3   0.02 13.4  1.481
P22nay8  22 2026 05 13.4  15.7528  -2.0077 21.8 Updated May 14.59 UT            16  18.97 20.1  0.120
P22nawA  78 2026 05 13.4  15.1845  -3.1469 21.2 Updated May 14.59 UT            33  16.14 24.7  0.160
A11Cmv6 100 2026 05 13.0   8.5638 -50.4629 18.8 Updated May 14.10 UT            10   0.91 18.6  0.645
P22n4V7  84 2026 05 12.4  14.3632 -19.4898 22.0 Updated May 14.51 UT            29   2.05 21.3  0.170
P22n4V6  79 2026 05 12.4  13.9152 -22.9939 21.7 Updated May 14.50 UT            37   2.01 23.6  0.212
CEM28F2  81 2026 05 12.4  18.2817 +20.6228 20.6 Updated May 14.32 UT            30   1.90 24.7  0.301
P22n4PC  55 2026 05 12.4  13.9678 -13.3601 20.6 Updated May 14.21 UT            17   1.83 21.0  0.417
CEM26R2  13 2026 05 12.4  16.5945 +15.4459 20.6 Updated May 14.25 UT            21   2.69 17.0  0.370
CEM1XD2  13 2026 05 12.3  14.5047 +17.5064 22.2 Updated May 14.22 UT            20   6.88 19.2  0.400
SO0005e 100 2026 05 11.7   0.0623  +5.0925 26.3 Updated May 14.35 UT             3   0.00 28.9  2.898
SO0005d 100 2026 05 11.7  18.9841 -25.3873 21.5 Updated May 14.34 UT             4   0.00 28.2  2.897
SO0005c 100 2026 05 11.7  22.4213 -30.9329 23.2 Updated May 14.34 UT             3   0.00 28.6  2.951
SO0005b 100 2026 05 11.6  22.8639  -9.3586 22.1 Updated May 14.34 UT             3   0.00 26.6  2.962
CELXZH2 100 2026 05 11.3  14.7565 +24.3144 22.3 Updated May 14.35 UT             3   0.01 25.0  3.261
ST26E34 100 2026 05 10.5  14.8649 +18.4893 24.3 Updated May 14.35 UT             2   0.00 28.6  4.148
6E94521  10 2026 05 10.4  19.6521 -63.7400 19.5 Updated May 14.42 UT            44   4.03 19.0  0.212
CELRZD2 100 2026 05 09.2  12.3961 +36.9923 22.7 Updated May 14.34 UT             8   0.10 23.0  5.261
ST26E14 100 2026 05 08.4  13.3151  -2.7931 18.2 Updated May 14.35 UT             2   0.00 17.3  6.184
P22n0fQ  97 2026 05 07.4  15.0161 +10.8460 21.7 Updated May 13.34 UT             3   0.04 23.4  7.201
S001563  73 2026 05 07.0  12.9834 -27.0816 21.5 Updated May 14.34 UT             3   0.03 17.5  7.532
C1EUYV5  35 2026 04 27.5  17.2744 +18.7571 21.9 Updated May 14.43 UT            36 297.21 12.8  1.111
