CZYNHKZ 100 2026 05 14.4  16.3804  +2.5703 21.2 Added May 21.77 UT               4   0.02 22.0  7.398
TF26EF3 100 2026 05 21.5  15.4580 +13.2965 18.0 Added May 21.59 UT               2   0.00 19.6  0.308
TF26EF2 100 2026 05 21.5  15.4561 +13.2695 18.2 Updated May 21.59 UT             2   0.00 22.4  0.313
P22nfmx 100 2026 05 21.3  14.3343  +1.4508 20.9 Updated May 21.65 UT             6   0.16 24.5  0.428
C46CD31 100 2026 05 21.4  17.7575  -3.1329 18.4 Updated May 21.45 UT             5   0.05 28.5  0.342
ST26ED8 100 2026 05 21.3  17.9426 +10.0380 20.1 Updated May 21.66 UT            15   0.14 25.8  0.313
ST26ED4  98 2026 05 21.3  15.4982 +17.1056 19.7 Updated May 21.70 UT            11   0.16 27.7  0.342
ST26ED1  98 2026 05 21.2  17.3834  -3.6319 17.4 Updated May 21.71 UT            20   0.16 30.2  0.400
TF26EE0 100 2026 05 20.5  16.4441  +8.7285 22.1 Updated May 20.74 UT             4   0.02 28.7  1.301
TF26ED8 100 2026 05 20.5  16.9199  -1.4054 18.3 Added May 20.66 UT               2   0.00 24.3  1.321
ST26EC8  98 2026 05 20.4  17.8454 -15.7238 19.6 Updated May 21.71 UT             6   0.14 28.6  1.347
ST26EC7  98 2026 05 20.4   2.1617  -8.1853 26.7 Updated May 21.71 UT             6   0.11 30.2  1.353
ST26EC5 100 2026 05 20.3  16.3805 -11.0243 19.1 Updated May 20.59 UT             4   0.03 24.6  1.446
P12nfgD  10 2026 05 20.4  15.9729  -7.4028 21.8 Updated May 21.76 UT            28 5292.06 20.0  0.371
P12nffX  10 2026 05 20.5  16.3815 -20.7963 21.6 Updated May 21.77 UT            12   6.91 18.9  0.415
P12nffV  47 2026 05 20.5  16.5038 -19.0408 20.5 Updated May 21.76 UT            16   2.09 20.3  0.383
P12nfaz  50 2026 05 20.3  13.2506 -28.3641 22.0 Updated May 21.47 UT             8   1.05 18.5  0.415
P22nfat  20 2026 05 20.4  16.1931 +21.4524 22.1 Updated May 21.73 UT            25 622.93 19.6  0.353
A11CGDI  84 2026 05 19.2  17.3715 -43.0965 18.7 Updated May 21.20 UT            27   1.72 21.4  0.872
NAOCAN7 100 2026 05 17.7  15.2762 -21.7909 20.7 Updated May 21.35 UT             4   0.10 19.6  3.932
KPMa1Ih  87 2026 05 18.1  11.1259 -26.2947 23.3 Updated May 21.35 UT             5   0.01 20.8  3.681
CEMVK32  35 2026 05 17.4  16.7803 +10.3349 21.6 Updated May 21.47 UT            47   9.02 20.1  0.326
ST26E75  98 2026 05 15.2   2.5399 -20.0506 28.1 Updated May 21.35 UT             7   0.09 28.5  6.463
P12neKs  35 2026 05 14.6  18.1544 +57.4563 20.0 Updated May 21.47 UT           118   6.83 15.2  0.376
