A11EGdu 100 2026 07 14.9  19.6638 -37.3843 19.1 Added July 15.15 UT              4   0.03 24.9  0.339
XA9yiXA  23 2026 07 14.7  19.6518  -5.7604 20.0 Updated July 15.20 UT           32 2458.95 19.4  0.106
P12onNw  86 2026 07 14.3  17.5295  -1.8346 20.9 Updated July 14.83 UT            4   0.02 20.9  0.934
P12onNu  22 2026 07 14.3  17.2512  -5.8017 21.5 Updated July 15.19 UT           22 2468.69 17.3  0.122
P12onNt 100 2026 07 14.4  19.9032 -34.7228 19.7 Updated July 14.83 UT            4   0.02 24.9  0.853
P12omkz 100 2026 07 14.4  20.4921 -34.2792 21.3 Added July 14.51 UT              3   0.03 22.4  0.816
P12omki  91 2026 07 14.4  16.6864 +12.4962 21.7 Updated July 15.17 UT           13   6.77 23.5  0.145
P12omkc  73 2026 07 14.4  19.6557 -38.0826 21.0 Added July 14.48 UT              4   0.02 18.3  0.853
P12o4wi 100 2026 07 13.5  21.8340  -6.8860 21.3 Updated July 14.75 UT           10   1.12 22.2  0.702
P12o4vO 100 2026 07 11.6   9.8419 -10.2737 26.2 Updated July 15.23 UT            3   0.01 26.0  3.691
P12o4vm  10 2026 07 11.5  22.4851 -18.5352 20.8 Updated July 15.00 UT           27 2567.86 19.2  0.960
P12o4vl  10 2026 07 11.5  22.4404 -18.8702 20.7 Updated July 15.00 UT           27 6165.40 19.4  0.969
ZTF10El 100 2026 07 11.3   0.7136  -3.1061 22.7 Updated July 15.23 UT            4   0.02 27.8  3.952
ZTF10En 100 2026 07 11.4   9.9232 -26.0164 28.6 Updated July 15.23 UT            2   0.00 29.7  3.889
S001621  10 2026 07 11.2  22.1707 -33.6162 20.9 Updated July 14.79 UT           19  32.96 22.0  0.775
A11EvW0 100 2026 07 11.3  20.5373 -25.1775 20.0 Updated July 15.23 UT            4   0.02 24.7  4.015
ST26G26 100 2026 07 10.5  20.5001  +0.4838 22.4 Updated July 14.24 UT            4   0.01 27.1  4.824
TF26G22 100 2026 07 10.3   7.7993 -17.9356 29.3 Updated July 14.67 UT            2   0.00 28.9  4.987
ST26G18 100 2026 07 10.3   8.3993 +41.8190 29.7 Updated July 14.24 UT            4   0.02 26.1  4.960
ST26G17 100 2026 07 10.3   7.6200 -18.9642 29.1 Updated July 15.23 UT            2   0.00 28.8  5.003
A11Evap  10 2026 07 09.9  19.8650 -30.4721 18.8 Updated July 14.79 UT           31   4.50 21.9  0.862
P12o0YY  99 2026 07 09.5  20.6199 -19.9827 20.7 Updated July 14.24 UT            6   0.08 18.6  5.748
A11EpSe  10 2026 07 08.2  19.6143 -29.1416 19.3 Updated July 14.56 UT           24   6.36 19.1  0.754
ST26G01  98 2026 07 07.2  21.9717 -62.2820 23.0 Updated July 15.23 UT           14   0.10 27.0  7.941
MAS0006  35 2026 06 19.3  18.3368 +23.9658 20.0 Updated July 15.06 UT          177  25.72  9.0  0.273
P22nJzF  35 2026 06 22.5  22.4447 +18.6426 21.5 Updated July 14.24 UT           23  25.46 14.1  5.283
