A11CWPw 100 2026 05 26.6  21.5782 -19.4154 18.0 Added May 26.81 UT               4   0.02 28.7  0.414
P12nfxy  98 2026 05 26.6  17.5332  +4.9074 20.5 Updated May 26.96 UT             6   0.55 24.2  0.051
CEP5WY2 100 2026 05 26.4  18.9609 +40.7234 20.7 Updated May 26.95 UT            12   1.51 22.0  0.056
CEP5WU2 100 2026 05 26.4  17.6952 +49.2483 21.2 Updated May 26.44 UT            10   0.06 26.1  0.560
C1F4195 100 2026 05 26.4  16.1185  +8.4100 22.2 Updated May 26.45 UT             7   0.07 27.6  0.541
C1F4075 100 2026 05 26.4  16.0495 +27.0525 22.3 Updated May 26.48 UT             8   0.11 24.9  0.519
P12nfxd  96 2026 05 25.6  17.8213 +16.6135 21.9 Updated May 26.45 UT            14   2.00 22.6  0.556
C1F32J5 100 2026 05 25.4  17.1964 +14.5424 22.0 Updated May 26.31 UT             7   0.85 23.5  0.692
C1F3245  43 2026 05 25.4  17.0020 +10.5603 22.6 Updated May 26.78 UT            11   1.00 20.2  0.545
SJA1250 100 2026 05 24.9  16.8340 +61.1912 20.3 Added May 25.42 UT               3   0.03 17.5  2.023
C1F2HL5 100 2026 05 25.4  16.4668 -11.7595 22.4 Updated May 25.43 UT             8   0.07 25.5  1.567
C1F1TD5 100 2026 05 25.3  15.7868  +4.6421 24.1 Updated May 26.35 UT             4   0.02 33.6  1.665
C03UYWZ 100 2026 05 23.4  16.7359 +13.2293 22.4 Updated May 26.16 UT             7   2.00 23.1  1.550
A11CUyv  94 2026 05 24.1  17.5695 -56.2184 19.2 Updated May 26.35 UT            17   1.97 19.1  0.881
P12nfw2 100 2026 05 24.6  21.0926  -3.4882 21.7 Updated May 26.34 UT             8   1.73 20.3  0.671
NAOCLYL  85 2026 05 23.8  15.9035 -18.8874 21.7 Updated May 26.35 UT             4   0.10 21.7  3.138
A11CQzo 100 2026 05 24.4  21.8289 -17.2945 20.8 Updated May 26.35 UT             5   0.05 29.8  2.559
oKr0080 100 2026 05 23.9  23.4909 +18.5652 20.2 Updated May 26.34 UT             3   0.00 17.1  3.104
C1F1535  97 2026 05 24.4  16.7579  +6.6868 22.4 Updated May 26.35 UT            11   0.87 23.3  1.708
C1F0EU5  80 2026 05 24.3  15.3996 -10.0895 22.0 Updated May 26.33 UT            13   1.97 20.0  0.706
C1F0295  80 2026 05 24.3  15.3046  -6.9680 22.1 Updated May 26.10 UT            20   1.78 22.2  0.902
6EN3D21 100 2026 05 24.2  16.3684 -80.0940 18.6 Updated May 25.35 UT             3   0.01 21.1  2.759
C1EYPU5 100 2026 05 23.4  15.8737  +3.4280 22.8 Updated May 26.35 UT            11   1.87 24.1  1.745
NAOCBPP  99 2026 05 20.7  14.9115 -21.2799 22.3 Updated May 25.35 UT             4   0.13 22.4  6.144
ST26EC8  98 2026 05 20.4  22.0130 -31.0211 23.6 Updated May 25.35 UT             6   0.14 28.6  6.557
P12nfaz  43 2026 05 20.3  13.2117 -27.3809 22.0 Updated May 26.35 UT            12   2.87 18.3  3.802
NAOCAN7 100 2026 05 17.7  15.2873 -21.9320 21.0 Updated May 26.35 UT             4   0.10 19.7  9.142
KPMa1Ih  87 2026 05 18.1  11.1275 -28.6263 23.5 Updated May 26.35 UT             5   0.01 20.9  8.891
CEMVK32  53 2026 05 17.4  16.3986  +7.8425 21.7 Updated May 26.27 UT            52  11.97 20.1  2.589
