CEMUUC2 100 2026 05 17.3  14.4831  +8.3175 20.5 Added May 17.31 UT               4   0.02 22.3  0.023
ST26EA2 100 2026 05 17.2  13.4475 +18.0249 19.4 Added May 17.20 UT               2   0.00 17.7  0.129
A11Cvk7 100 2026 05 16.9  14.1221 -73.4014 19.6 Added May 16.99 UT               4   0.03 21.5  0.391
CEMRK82  79 2026 05 16.5  21.5386  -9.8782 21.6 Added May 16.49 UT               3   0.01 17.7  0.855
6EF1B21 100 2026 05 16.2  15.3336 -17.7640 20.2 Updated May 17.26 UT             4   0.69 24.0  0.451
ST26E98  88 2026 05 16.3  18.9480 +28.5347 21.2 Updated May 16.79 UT            17   1.12 29.0  0.856
CEMK452  84 2026 05 16.3  14.2918  -4.5543 21.5 Updated May 17.04 UT            16   0.75 22.2  0.288
A11Cswo 100 2026 05 16.0  17.2513 -23.6170 18.7 Added May 16.13 UT               4   0.02 20.7  1.318
ZTF10Du 100 2026 05 15.3  16.3930 -34.6242 18.7 Added May 15.45 UT               4   0.03 26.1  2.021
ST26E84  98 2026 05 15.4  15.1954 +10.7782 20.4 Updated May 16.23 UT             6   0.47 26.4  1.430
ST26E76  74 2026 05 15.2  14.2461  +8.5591 22.9 Updated May 17.28 UT            17   2.00 30.8  0.083
ST26E75  98 2026 05 15.2   2.4458 -28.9663 24.5 Updated May 16.82 UT             7   0.09 28.6  2.000
P12neKs  91 2026 05 14.6  18.2939 +57.8509 20.1 Updated May 17.27 UT            44   2.46 15.3  0.289
P12nc1c  84 2026 05 14.5  16.7474  -6.0329 21.7 Updated May 16.36 UT            28   1.87 20.1  0.963
RFD0300 100 2026 05 13.0  19.5305 -44.6183 24.7 Updated May 16.38 UT             2   0.00 29.8  4.289
CEMAUH2 100 2026 05 14.4  16.1701  -7.1630 21.3 Updated May 16.38 UT             6   0.07 23.9  2.877
ST26E61 100 2026 05 14.3  16.6460  +0.6855 23.3 Updated May 16.38 UT             6   0.05 29.0  2.953
MZ26075 100 2026 05 13.8  16.7898  -1.2371 22.3 Updated May 16.37 UT             3   0.01 27.4  3.497
A11CmCW 100 2026 05 13.3   6.1750 -72.2742 20.7 Updated May 16.38 UT             4   0.02 24.8  3.945
A11CmCS 100 2026 05 13.3  17.1360 -31.6388 20.2 Updated May 16.38 UT             4   0.04 25.4  4.003
OCA1642  84 2026 05 13.1  13.7179 -31.3379 19.4 Updated May 16.37 UT             3   0.02 14.0  4.191
CEM26R2  10 2026 05 12.4  16.5439 +15.2808 20.7 Updated May 16.91 UT            35   5.35 17.1  0.416
CEM1XD2  11 2026 05 12.3  14.4491 +17.0995 22.3 Updated May 17.20 UT            25   9.86 19.3  0.134
S001563  73 2026 05 07.0  12.9807 -27.1950 21.7 Updated May 16.37 UT             3   0.03 18.3 10.242
C1EUYV5  35 2026 04 27.5  17.2368 +18.8931 21.9 Updated May 16.81 UT            36 300.17 12.8  0.858
