C1F44U5 100 2026 05 27.3  16.0144 +43.1568 21.8 Updated May 27.35 UT             4   0.02 23.6  0.068
CEP5YT2 100 2026 05 27.2  14.1979 +38.3169 21.7 Updated May 27.32 UT             7   0.05 21.5  0.109
A11CWPw 100 2026 05 26.6  22.0056 -16.8714 18.0 Added May 26.81 UT               4   0.02 28.7  0.831
P12nfxy 100 2026 05 26.6  17.4894  +4.3052 20.8 Updated May 27.30 UT             9   0.90 24.5  0.118
C1F4195 100 2026 05 26.4  16.1269  +9.0298 22.3 Updated May 26.45 UT             7   0.07 27.6  0.958
C1F4075 100 2026 05 26.4  16.0513 +26.4001 22.2 Updated May 26.48 UT             8   0.11 24.9  0.935
P12nfxd  96 2026 05 25.6  17.8145 +16.7933 21.9 Updated May 26.45 UT            14   2.00 22.6  0.972
C1F32J5 100 2026 05 25.4  17.1917 +15.3795 22.1 Updated May 27.37 UT             9   1.88 23.7  0.073
C1F3245  43 2026 05 25.4  16.9929 +10.5229 22.6 Updated May 26.78 UT            11   1.00 20.2  0.962
SJA1250 100 2026 05 24.9  16.8085 +61.0147 20.2 Updated May 27.36 UT             3   0.03 17.1  2.440
C1F2HL5 100 2026 05 25.4  16.5162 -11.8610 22.4 Updated May 27.35 UT             8   0.07 26.0  1.984
C1F1TD5 100 2026 05 25.3  15.8129  +4.5761 24.4 Updated May 26.35 UT             4   0.02 33.6  2.082
C03UYWZ 100 2026 05 23.4  16.7312 +13.9772 22.3 Updated May 27.18 UT             9   2.98 23.2  0.984
P12nfw2 100 2026 05 24.6  21.1163  -3.3165 21.7 Updated May 27.35 UT             8   1.73 20.4  1.088
NAOCLYL  85 2026 05 23.8  15.9053 -18.4890 21.8 Updated May 26.35 UT             4   0.10 21.7  3.554
A11CQzo 100 2026 05 24.4  22.0024 -16.9072 21.2 Updated May 26.35 UT             5   0.05 29.8  2.976
oKr0080 100 2026 05 23.9  23.4922 +18.5841 20.4 Updated May 27.35 UT             3   0.00 18.0  3.521
C1F1535  97 2026 05 24.4  16.7580  +6.8036 22.3 Updated May 26.35 UT            11   0.87 23.3  2.125
C1F0EU5  85 2026 05 24.3  15.3912 -10.0906 22.0 Updated May 27.36 UT            13   1.97 19.9  1.123
C1F0295  90 2026 05 24.3  15.2968  -6.8843 22.1 Updated May 27.35 UT            20   1.78 22.2  1.319
6EN3D21 100 2026 05 24.2  16.2936 -80.1593 18.8 Updated May 27.35 UT             3   0.01 20.4  3.176
C1EYPU5 100 2026 05 23.4  15.8809  +3.4843 22.8 Updated May 26.35 UT            11   1.87 24.1  2.162
NAOCBPP  99 2026 05 20.7  14.9180 -21.5286 22.3 Updated May 27.35 UT             4   0.13 22.3  6.561
ST26EC8  98 2026 05 20.4  22.0899 -31.0071 23.7 Updated May 27.35 UT             6   0.14 28.6  6.974
P12nfaz  43 2026 05 20.3  13.2093 -27.3027 22.0 Updated May 26.35 UT            12   2.87 18.3  4.219
NAOCAN7 100 2026 05 17.7  15.2884 -21.9424 21.0 Updated May 26.35 UT             4   0.10 19.7  9.558
KPMa1Ih  87 2026 05 18.1  11.1286 -28.8012 23.5 Updated May 26.35 UT             5   0.01 20.9  9.308
CEMVK32  53 2026 05 17.4  16.3707  +7.6466 21.8 Updated May 27.35 UT            52  11.97 20.1  3.006
