A11CWPw 100 2026 05 26.6  21.7424 -18.4721 18.0 Added May 26.81 UT               4   0.02 28.7  0.581
P12nfxy 100 2026 05 26.6  17.5157  +4.6662 20.5 Updated May 26.96 UT             6   0.55 24.2  0.217
CEP5WY2  96 2026 05 26.4  18.9501 +40.7177 20.6 Updated May 27.03 UT            18   1.59 21.9  0.139
CEP5WU2  98 2026 05 26.4  17.7796 +48.9713 21.2 Updated May 27.11 UT            13   3.78 26.3  0.132
C1F4195 100 2026 05 26.4  16.1219  +8.6654 22.3 Updated May 26.45 UT             7   0.07 27.6  0.708
C1F4075 100 2026 05 26.4  16.0502 +26.7958 22.3 Updated May 26.48 UT             8   0.11 24.9  0.685
P12nfxd  96 2026 05 25.6  17.8186 +16.6861 21.9 Updated May 26.45 UT            14   2.00 22.6  0.722
C1F32J5 100 2026 05 25.4  17.1945 +14.8789 22.0 Updated May 26.31 UT             7   0.85 23.5  0.859
C1F3245  43 2026 05 25.4  16.9984 +10.5456 22.6 Updated May 26.78 UT            11   1.00 20.2  0.712
SJA1250 100 2026 05 24.9  16.8234 +61.1239 20.3 Added May 25.42 UT               3   0.03 17.5  2.190
C1F2HL5 100 2026 05 25.4  16.4880 -11.8039 22.4 Updated May 25.43 UT             8   0.07 25.5  1.734
C1F1TD5 100 2026 05 25.3  15.7981  +4.6138 24.2 Updated May 26.35 UT             4   0.02 33.6  1.832
C03UYWZ 100 2026 05 23.4  16.7340 +13.5257 22.4 Updated May 26.16 UT             7   2.00 23.1  1.716
A11CUyv 100 2026 05 24.1  17.5655 -56.0608 19.2 Updated May 26.35 UT            17   1.97 19.1  1.048
P12nfw2 100 2026 05 24.6  21.1021  -3.4196 21.7 Updated May 26.34 UT             8   1.73 20.3  0.838
NAOCLYL  85 2026 05 23.8  15.9042 -18.7276 21.7 Updated May 26.35 UT             4   0.10 21.7  3.304
A11CQzo 100 2026 05 24.4  21.9043 -17.1304 21.0 Updated May 26.35 UT             5   0.05 29.8  2.726
oKr0080 100 2026 05 23.9  23.4914 +18.5696 20.2 Updated May 26.34 UT             3   0.00 17.1  3.271
C1F1535  97 2026 05 24.4  16.7579  +6.7335 22.4 Updated May 26.35 UT            11   0.87 23.3  1.875
C1F0EU5  80 2026 05 24.3  15.3962 -10.0899 22.0 Updated May 26.33 UT            13   1.97 20.0  0.873
C1F0295  90 2026 05 24.3  15.3015  -6.9344 22.1 Updated May 26.10 UT            20   1.78 22.2  1.069
6EN3D21 100 2026 05 24.2  16.3350 -80.1911 18.5 Updated May 25.35 UT             3   0.01 21.1  2.926
C1EYPU5 100 2026 05 23.4  15.8766  +3.4508 22.8 Updated May 26.35 UT            11   1.87 24.1  1.912
NAOCBPP  99 2026 05 20.7  14.9140 -21.3809 22.3 Updated May 25.35 UT             4   0.13 22.4  6.311
ST26EC8  98 2026 05 20.4  22.0486 -31.0191 23.7 Updated May 25.35 UT             6   0.14 28.6  6.724
P12nfaz  43 2026 05 20.3  13.2107 -27.3496 22.0 Updated May 26.35 UT            12   2.87 18.3  3.969
NAOCAN7 100 2026 05 17.7  15.2877 -21.9362 21.0 Updated May 26.35 UT             4   0.10 19.7  9.308
KPMa1Ih  87 2026 05 18.1  11.1279 -28.6964 23.5 Updated May 26.35 UT             5   0.01 20.9  9.058
CEMVK32  53 2026 05 17.4  16.3874  +7.7641 21.7 Updated May 26.27 UT            52  11.97 20.1  2.756
