NAOCLYL  80 2026 05 23.8  15.8932 -21.2208 21.5 Added May 24.59 UT               4   0.10 21.5  0.761
A11CQzo 100 2026 05 24.4  17.3505 -14.7788 16.7 Added May 24.51 UT               5   0.05 29.9  0.183
P12nfqd 100 2026 05 24.4  15.9695 -23.9786 20.2 Added May 24.49 UT               4   0.03 21.2  0.175
oKr0080 100 2026 05 23.9  23.4813 +18.4994 20.3 Added May 24.47 UT               3   0.00 15.5  0.728
C1F15H5 100 2026 05 24.4  16.8545 +23.5396 21.4 Updated May 24.48 UT             8   0.03 24.6  0.140
P22nfp8 100 2026 05 24.4  15.8900  +1.6980 20.3 Added May 24.46 UT               4   0.03 23.2  0.202
C1F1535  84 2026 05 24.4  16.7563  +6.0204 22.6 Updated May 24.48 UT             8   0.05 20.2  0.143
C1F0TQ5 100 2026 05 24.4  15.9591  -6.0566 21.6 Updated May 24.48 UT            10   0.09 22.8  0.148
CEP5GZ2 100 2026 05 24.4  15.8738  +2.0468 20.4 Updated May 24.45 UT            12   0.05 25.7  0.175
C1F0L35 100 2026 05 24.3  15.0736  +2.5532 22.3 Updated May 24.42 UT             8   0.08 21.9  0.200
ST26EG3  98 2026 05 24.3  17.4864  -2.5975 19.7 Updated May 24.57 UT            14   0.21 27.5  0.067
C1F0EU5  82 2026 05 24.3  15.4478 -10.0929 22.1 Updated May 24.39 UT             8   0.07 14.8  0.227
C1F0295 100 2026 05 24.3  15.3492  -7.4534 22.1 Updated May 24.43 UT            12   0.12 21.6  0.183
CEP1CX2 100 2026 05 24.3  15.0391  +1.9225 20.8 Updated May 24.43 UT            20   0.14 24.9  0.191
6EN3D21 100 2026 05 24.2  16.6985 -78.8893 19.1 Added May 24.29 UT               3   0.01 19.2  0.383
CEP0PP2  98 2026 05 24.2  14.8587  -6.2772 20.6 Updated May 24.40 UT            15   0.16 28.5  0.216
C1EYRR5  91 2026 05 23.4  15.8729  +1.9790 22.5 Updated May 24.45 UT            17   1.07 25.1  0.172
C1EYQL5 100 2026 05 23.4  15.8473  +0.9186 22.1 Updated May 24.28 UT            10   0.89 24.4  0.355
C1EYPU5 100 2026 05 23.4  15.8332  +3.0661 22.8 Updated May 24.37 UT             9   0.64 24.0  0.599
C1EYPT5  89 2026 05 23.4  15.8193  +1.6149 21.7 Updated May 24.24 UT            18   0.86 24.2  0.377
C1EYD55  64 2026 05 23.3  15.7960 -13.1288 22.1 Updated May 24.30 UT            12   0.95 20.1  0.338
C1EXH55  93 2026 05 23.3  14.0165  +5.8176 22.4 Updated May 24.21 UT            20   0.91 23.7  0.426
6EM3521  79 2026 05 23.1  13.1505 -11.2592 20.2 Updated May 24.29 UT            29   1.14 22.4  0.424
NAOCBPP 100 2026 05 20.7  14.8751 -19.7372 22.3 Updated May 24.34 UT             4   0.13 22.4  3.768
CZYNHKZ 100 2026 05 14.4  16.2494  +2.1082 21.2 Updated May 24.61 UT            14  12.93 19.6  0.191
C46CD31 100 2026 05 21.4   1.3139  -3.3186 26.5 Updated May 23.35 UT             7   0.05 28.6  3.175
ST26ED1  98 2026 05 21.2   1.6240 -14.9380 27.0 Updated May 23.35 UT            20   0.16 30.2  3.233
TF26EE0 100 2026 05 20.5  16.3635  +8.8218 24.2 Updated May 24.34 UT             4   0.02 28.8  4.134
ST26EC8  98 2026 05 20.4  21.1735 -30.4368 22.3 Updated May 23.35 UT             6   0.14 28.6  4.181
ST26EC7  98 2026 05 20.4   2.4489  -8.4101 29.7 Updated May 23.35 UT             6   0.11 30.3  4.187
ST26EC5 100 2026 05 20.3  15.3650 -17.8669 20.4 Updated May 24.34 UT             4   0.03 24.8  4.279
P12nffX  10 2026 05 20.5  16.3299 -21.0644 21.6 Updated May 24.38 UT            18   9.84 19.3  0.322
P12nfaz  43 2026 05 20.3  13.2277 -27.8287 21.9 Updated May 24.34 UT            12   2.87 18.3  1.426
NAOCAN7 100 2026 05 17.7  15.2804 -21.8677 20.9 Updated May 24.34 UT             4   0.10 19.9  6.765
KPMa1Ih  87 2026 05 18.1  11.1239 -27.5574 23.4 Updated May 24.34 UT             5   0.01 20.8  6.515
CEMVK32  35 2026 05 17.4  16.5654  +8.9721 21.7 Updated May 24.42 UT            50  11.97 20.1  0.213
P12neKs  35 2026 05 14.6  18.0608 +57.1195 19.9 Updated May 24.37 UT           161   9.46 15.1  0.585
