CELY6P2 100 2026 05 11.4  17.0162 +17.9722 21.0 Updated May 11.47 UT             8   0.05 23.0  0.182
ST26E38 100 2026 05 11.3  17.1986  +7.3876 20.0 Updated May 11.43 UT             4   0.02 25.5  0.308
C469HY1 100 2026 05 11.4  16.9408  +2.1164 18.5 Updated May 11.64 UT            13   0.06 26.0  0.193
6EA3I21  62 2026 05 11.3  19.4300  -5.3327 17.0 Added May 11.37 UT               3   0.01 13.0  0.316
CELXZH2 100 2026 05 11.3  14.8098 +23.9822 22.7 Added May 11.37 UT               3   0.01 22.0  0.301
CELXRN2  98 2026 05 11.3  13.1714 +26.5431 20.9 Updated May 11.39 UT             7   0.11 18.4  0.267
TF26E51 100 2026 05 11.3  15.2595  +8.5871 19.2 Added May 11.28 UT               2   0.00 23.3  0.375
ST26E34 100 2026 05 10.5  14.7496 +22.4581 21.0 Added May 10.70 UT               2   0.00 26.4  1.188
ZTF10Dp 100 2026 05 10.2  11.7699  +5.2788 18.4 Added May 10.57 UT               4   0.03 21.9  1.406
6E94521 100 2026 05 10.4  19.3809 -56.8019 19.4 Updated May 11.30 UT            13   0.92 19.0  0.372
CELUGK2  93 2026 05 10.3  14.8103 +28.0253 21.5 Updated May 11.19 UT            21   0.85 24.4  0.464
ZTF10Do  98 2026 05 10.2  13.6706  +5.3203 18.2 Updated May 11.58 UT            11   1.27 27.1  0.144
CELU1Q2  98 2026 05 10.2  11.5858 +31.3005 21.4 Updated May 11.21 UT            13   0.99 26.1  0.455
ST26E24  98 2026 05 10.2   3.5903 -18.9383 24.8 Updated May 10.52 UT            13   0.29 29.1  1.173
ZTF10Dn 100 2026 05 09.3  16.8162 -12.8460 20.1 Updated May 11.31 UT             4   0.04 26.9  2.313
XA9ttXA  97 2026 05 08.8  15.1225  +1.8379 22.6 Updated May 11.23 UT            13   2.46 21.8  0.431
ST26E18 100 2026 05 09.4  15.4642 -14.1579 22.5 Updated May 11.31 UT             4   0.00 30.1  2.283
CELT0C2  79 2026 05 09.2  12.6958 +44.1272 20.9 Updated May 11.05 UT            26   1.80 22.8  0.599
CELRZD2 100 2026 05 09.2  12.5245 +35.7573 22.1 Updated May 11.31 UT             8   0.10 22.6  2.301
TF26E23 100 2026 05 09.2  12.9917  -4.0301 17.6 Updated May 11.64 UT             2   0.00 19.6  2.432
ZTF10Dl 100 2026 05 08.3  18.7700 -15.5296 21.0 Updated May 10.31 UT             4   0.03 27.0  3.281
ST26E14 100 2026 05 08.4  13.3632  -3.3479 17.9 Updated May 10.31 UT             2   0.00 21.3  3.224
P22n0vC  24 2026 05 08.3  14.8065  +9.7984 22.4 Updated May 11.21 UT            25   2.87 19.9  0.444
CELLEH2  86 2026 05 08.3  15.8661 -16.4843 23.4 Updated May 11.31 UT            13   1.86 32.7  1.492
P22n0fQ  97 2026 05 07.4  15.0837  +9.9845 22.5 Updated May 11.31 UT             3   0.04 24.4  4.242
ZTF10Di 100 2026 05 07.4  22.1014 -10.9652 22.8 Updated May 11.31 UT             4   0.02 27.4  4.257
S001563  73 2026 05 07.0  12.9957 -26.9361 21.5 Updated May 11.31 UT             3   0.03 17.9  4.572
P22mZLU  68 2026 05 06.3  11.7961 -16.4398 21.0 Updated May 11.60 UT            17   4.96 20.7  0.416
A11BRI6  51 2026 05 03.0  10.8915 -39.6342 18.8 Updated May 11.39 UT            55   7.13 19.8  1.507
C1EUYV5  35 2026 04 27.5  17.3146 +18.5957 21.7 Updated May 11.29 UT            30  13.80 12.6  0.380
