P22nf7J 100 2026 05 17.6  16.4115 +32.6260 21.3 Added May 17.77 UT               3   0.04 19.5  0.341
P22nf7G 100 2026 05 17.6  16.1938 +34.4205 22.1 Added May 17.77 UT               4   0.04 22.8  0.341
P12nf3G  73 2026 05 17.5  16.2544  -8.2186 21.6 Updated May 17.90 UT            15  26.99 24.4  0.445
P22nf3F  64 2026 05 17.5  17.5995 +36.9252 21.6 Updated May 17.78 UT             6   0.12 17.1  0.331
A11CvyY  98 2026 05 17.4  14.2250 -23.3010 19.6 Updated May 17.90 UT            15   0.53 23.3  0.053
CEMVK32  98 2026 05 17.4  17.0970 +12.1697 21.7 Updated May 17.51 UT            14   0.11 19.4  0.471
CEMV1Q2  88 2026 05 17.3  15.2650  +7.4668 20.9 Updated May 17.93 UT            22   0.61 26.3  0.037
A11Cvk7 100 2026 05 16.9  13.8810 -72.9547 19.6 Added May 16.99 UT               4   0.03 21.5  1.017
CEMRK82  84 2026 05 16.5  21.5563  -9.9970 21.6 Added May 16.49 UT               3   0.01 17.7  1.482
A11Cswo 100 2026 05 16.0  17.2164 -23.4522 18.5 Updated May 17.33 UT             4   0.02 22.1  1.944
ZTF10Du 100 2026 05 15.3  16.8087 -36.1396 19.2 Updated May 17.33 UT             4   0.03 26.4  2.648
ST26E84  98 2026 05 15.4  15.3253 +10.7482 20.5 Updated May 17.33 UT             6   0.47 26.4  2.056
ST26E75  98 2026 05 15.2   2.4870 -25.1526 25.7 Updated May 16.82 UT             7   0.09 28.6  2.626
P12neKs  35 2026 05 14.6  18.2750 +57.8049 20.3 Updated May 17.91 UT            52   3.32 15.4  0.055
RFD0300 100 2026 05 13.0  19.6016 -44.7666 24.9 Updated May 16.38 UT             2   0.00 29.8  4.915
CEMAUH2 100 2026 05 14.4  16.0960  -9.5371 21.2 Updated May 16.38 UT             6   0.07 23.9  3.503
ST26E61 100 2026 05 14.3  16.6785  +0.7158 23.6 Updated May 16.38 UT             6   0.05 29.0  3.579
MZ26075 100 2026 05 13.8  16.8104  -0.8545 22.6 Updated May 16.37 UT             3   0.01 27.4  4.123
A11CmCW 100 2026 05 13.3   6.2769 -71.6776 20.9 Updated May 16.38 UT             4   0.02 24.8  4.571
A11CmCS 100 2026 05 13.3  17.2045 -30.7409 20.4 Updated May 16.38 UT             4   0.04 25.4  4.629
OCA1642  84 2026 05 13.1  13.7080 -31.3715 19.4 Updated May 16.37 UT             3   0.02 14.0  4.818
S001563  73 2026 05 07.0  12.9799 -27.2219 21.7 Updated May 16.37 UT             3   0.03 18.3 10.868
C1EUYV5  35 2026 04 27.5  17.2280 +18.9230 21.9 Updated May 16.81 UT            36 300.17 12.8  1.484
