C1F9WZ5 100 2026 06 01.3  17.0623 +27.9706 21.3 Updated June 1.46 UT            12   0.12 24.9  0.404
A11D0Xd 100 2026 05 30.0  19.2757 -41.2091 19.0 Updated June 1.42 UT             4   0.01 24.0  2.817
NAOCYLA 100 2026 05 27.7  16.2398 -20.5802 20.9 Updated June 1.43 UT             4   0.13 21.6  4.991
C07PYDZ 100 2026 05 27.2  14.3146 +47.8030 21.7 Updated June 1.43 UT             4   0.02 19.6  5.657
C1F4195 100 2026 05 26.4  16.1925 +13.4322 23.6 Updated June 1.43 UT             7   0.07 27.6  6.409
C1F3245  48 2026 05 25.4  16.8704  +9.9040 22.6 Updated June 1.43 UT            11   1.00 20.2  6.413
C1F2HL5 100 2026 05 25.4  17.0849 -13.0014 22.7 Updated June 1.43 UT             8   0.07 26.1  7.435
NAOCLYL  85 2026 05 23.8  15.9297 -13.4162 22.1 Updated June 1.43 UT             4   0.10 21.6  9.006
A11CQzo 100 2026 05 24.4  22.7034 -14.9671 23.7 Updated June 1.43 UT             5   0.05 29.9  8.427
oKr0080 100 2026 05 23.9  23.5014 +18.7262 20.2 Updated June 1.42 UT             3   0.00 13.5  8.972
6EN3D21 100 2026 05 24.2  15.1553 -81.6654 18.9 Updated June 1.42 UT             3   0.01 16.5  8.627
P12nfaz  43 2026 05 20.3  13.1854 -26.2952 22.0 Updated June 1.43 UT            12   2.87 18.3  9.670
