P12neKJ 100 2026 05 14.3  13.0244 -23.4893 21.1 Added May 14.92 UT               3   0.02 13.5  0.668
P12neKs  99 2026 05 14.6  18.3611 +57.9942 20.2 Added May 14.90 UT               3   0.03 15.4  0.426
P12nc1w  91 2026 05 14.5  16.2238  -5.3466 20.7 Updated May 15.02 UT            14   0.65 24.9  0.016
P12nc1d 100 2026 05 14.5  16.9234  -5.3209 21.3 Added May 14.58 UT               3   0.04 22.8  0.501
P12nc1c 100 2026 05 14.5  16.8088  -6.7182 21.7 Updated May 14.79 UT             5   0.13 19.9  0.412
RFD0300 100 2026 05 13.0  23.6001 -35.7865 24.1 Added May 14.52 UT               2   0.00 29.5  1.996
CEMAUH2 100 2026 05 14.4  16.4738  +2.7551 21.3 Updated May 14.46 UT             6   0.07 24.0  0.584
CEMAY32 100 2026 05 14.4  16.6601  +3.3759 20.4 Updated May 14.47 UT             9   0.07 23.8  0.561
CEMANR2  86 2026 05 14.4  16.3302  +3.5233 19.8 Updated May 14.97 UT            22   3.45 21.1  0.085
ST26E61 100 2026 05 14.3  16.2641  +0.2078 21.0 Updated May 14.37 UT             6   0.05 28.7  0.660
CEM9MQ2  98 2026 05 14.3  15.1105  -2.8702 20.0 Updated May 14.41 UT             8   0.09 28.6  0.622
CEM9DH2 100 2026 05 14.3  14.9212  +1.7657 20.6 Updated May 14.42 UT            10   0.10 24.3  0.615
CEM9AR2  98 2026 05 14.3  14.9893  +1.7661 21.5 Updated May 14.95 UT            12   0.64 27.5  0.077
ST26E59  88 2026 05 14.3  15.1765  -4.1777 19.9 Updated May 14.96 UT            18   0.65 26.9  0.072
ST26E57 100 2026 05 14.3  15.5282  -5.8886 19.1 Updated May 14.33 UT             8   0.05 27.0  0.699
CEM83E2 100 2026 05 14.3  14.0900  +0.4946 20.7 Updated May 15.01 UT            13   0.63 25.2  0.131
CEM7YT2  86 2026 05 14.3  13.2700  +1.0346 20.0 Updated May 15.02 UT            23   0.71 22.0  0.052
ST26E52  88 2026 05 14.2  13.5855 +11.4429 20.2 Updated May 15.00 UT            19   0.64 26.1  0.136
MZ26075 100 2026 05 13.8  16.8754  +1.1721 19.6 Added May 14.13 UT               3   0.01 25.1  1.204
A11CmCW 100 2026 05 13.3   5.0988 -76.5973 19.3 Added May 13.75 UT               4   0.02 24.5  1.651
A11CmCS 100 2026 05 13.3  16.6748 -36.9409 19.3 Added May 13.75 UT               4   0.04 25.4  1.710
OCA1642  84 2026 05 13.1  13.7549 -31.2032 19.4 Added May 13.56 UT               3   0.02 13.4  1.898
A11Cmv6  76 2026 05 13.0   8.5097 -50.2860 18.9 Updated May 15.01 UT            16   1.92 19.0  0.060
P22n4PC  55 2026 05 12.4  13.9669 -13.0378 20.6 Updated May 14.21 UT            17   1.83 21.0  0.833
CEM26R2  13 2026 05 12.4  16.5869 +15.4237 20.6 Updated May 14.25 UT            21   2.69 17.0  0.787
CEM1XD2  13 2026 05 12.3  14.4960 +17.4471 22.2 Updated May 14.22 UT            20   6.88 19.2  0.817
SO0005e 100 2026 05 11.7   0.1057  +5.5868 26.6 Updated May 14.35 UT             3   0.00 28.9  3.315
SO0005d 100 2026 05 11.7  19.0569 -24.9520 21.8 Updated May 14.34 UT             4   0.00 28.2  3.313
SO0005c 100 2026 05 11.7  22.5620 -30.2248 23.5 Updated May 14.34 UT             3   0.00 28.6  3.367
SO0005b 100 2026 05 11.6  22.9177  -8.8002 22.4 Updated May 14.34 UT             3   0.00 26.6  3.378
CELXZH2 100 2026 05 11.3  14.7476 +24.3525 22.3 Updated May 14.35 UT             3   0.01 25.0  3.678
6E94521  10 2026 05 10.4  19.6996 -64.7097 19.5 Updated May 14.42 UT            44   4.03 19.0  0.629
S001563  73 2026 05 07.0  12.9820 -27.1011 21.6 Updated May 14.34 UT             3   0.03 17.5  7.949
C1EUYV5  35 2026 04 27.5  17.2687 +18.7787 21.9 Updated May 14.43 UT            36 297.21 12.8  1.528
