P22n4ou  91 2026 05 09.4  14.7360  +7.5644 21.1 Added May 9.81 UT                4   0.03 20.3  0.671
ZTF10Dn 100 2026 05 09.3  16.0604 -11.4290 17.9 Added May 9.51 UT                4   0.04 26.9  0.728
XA9ttXA  96 2026 05 08.8  15.1548  +1.7619 21.4 Added May 9.48 UT                3   0.03 19.7  1.273
ST26E18 100 2026 05 09.4  15.4373 -14.1180 19.9 Added May 9.37 UT                4   0.00 28.7  0.698
CELT2A2 100 2026 05 09.3  13.7296 +35.9689 20.9 Updated May 9.39 UT              8   0.10 20.0  0.684
CELT0C2 100 2026 05 09.2  12.9840 +38.9216 21.0 Updated May 9.37 UT              8   0.10 21.3  0.707
CELRZD2 100 2026 05 09.2  12.6346 +34.6496 21.6 Updated May 9.36 UT              8   0.10 22.8  0.716
TF26E23 100 2026 05 09.2  13.1341  -5.0129 16.6 Added May 9.23 UT                2   0.00 17.7  0.848
gb00845  79 2026 05 08.8  13.0571  -6.9757 20.1 Updated May 10.02 UT            40   1.18 23.9  0.081
P22n0x5  74 2026 05 08.5  15.2486 -16.1222 20.1 Updated May 9.99 UT             27   1.60 30.0  0.080
P22n0w4  79 2026 05 08.4  15.3510  +2.7353 20.1 Updated May 10.02 UT            31   1.63 23.8  0.066
ZTF10Dl 100 2026 05 08.3  18.1346 -15.3293 19.5 Added May 8.49 UT                4   0.03 27.0  1.696
CELR3G2  98 2026 05 08.5  17.0289  -5.2864 21.9 Updated May 9.45 UT             15   0.97 29.0  0.633
ST26E14 100 2026 05 08.4  13.4039  -3.7835 18.0 Added May 8.45 UT                2   0.00 16.2  1.640
P22n0vC  36 2026 05 08.3  14.8457 +10.0236 22.2 Updated May 9.29 UT             19   0.95 19.7  0.779
CELLEH2  96 2026 05 08.3  15.7968 -15.4515 22.3 Updated May 9.38 UT             12   1.03 32.6  0.740
CELHF72  87 2026 05 08.3  14.9630 -10.4276 21.3 Updated May 9.34 UT             22   1.00 24.7  0.764
P22n0gv  96 2026 05 07.6  17.2404 +48.3081 21.1 Updated May 9.45 UT             22   1.84 21.3  0.625
P22n0fQ  97 2026 05 07.4  15.0936  +9.8259 22.1 Updated May 9.34 UT              3   0.04 24.3  2.657
ZTF10Di 100 2026 05 07.4  21.7677 -11.9455 21.6 Updated May 9.34 UT              4   0.02 27.4  2.672
S001563  73 2026 05 07.0  13.0044 -26.8550 21.4 Updated May 9.33 UT              3   0.03 17.7  2.988
P22mZLU  93 2026 05 06.3  11.7354 -17.7292 20.9 Updated May 10.06 UT            10   1.71 20.6  2.083
A11BX2S 100 2026 05 05.2  19.1341  +1.6938 20.0 Updated May 9.33 UT              2   0.01 24.8  4.834
A11BRI6  53 2026 05 03.0  10.5223 -40.4169 18.7 Updated May 8.52 UT             50   5.00 19.9  2.047
ZTF10Df  98 2026 05 02.2  10.4150  +1.4519 23.3 Updated May 9.33 UT              9   0.68 26.6  7.221
C1EUYV5  93 2026 04 27.5  17.3357 +18.5042 21.7 Updated May 9.32 UT             18  11.83 12.6  0.764
