6EO3221  98 2026 05 25.0  11.1542 -41.4121 17.5 Updated May 25.16 UT             9   0.15 23.4  0.056
A11CUyv  96 2026 05 24.1  17.6125 -57.8819 18.8 Updated May 25.10 UT             7   0.92 17.9  0.136
A11CUyu  96 2026 05 24.4  18.6801  +8.3165 18.1 Updated May 25.13 UT            36   0.66 20.1  0.085
P12nfw2 100 2026 05 24.6  20.9950  -4.2040 21.2 Added May 24.67 UT               3   0.02 22.3  0.590
NAOCLYL  85 2026 05 23.8  15.8956 -20.6322 21.6 Added May 24.59 UT               4   0.10 21.5  1.346
A11CQzo 100 2026 05 24.4  19.5953 -19.0453 18.1 Added May 24.51 UT               5   0.05 29.9  0.768
P12nfqd 100 2026 05 24.4  15.9553 -23.3401 20.5 Updated May 25.14 UT             7   0.71 21.4  0.079
oKr0080 100 2026 05 23.9  23.4836 +18.5170 20.3 Added May 24.47 UT               3   0.00 15.5  1.312
C1F15H5 100 2026 05 24.4  16.7335 +24.4279 21.6 Updated May 24.48 UT             8   0.03 24.6  0.725
C1F1535  84 2026 05 24.4  16.7559  +6.1807 22.6 Updated May 24.48 UT             8   0.05 20.2  0.728
C1F0TQ5 100 2026 05 24.4  15.9234  -6.8124 21.7 Updated May 24.48 UT            10   0.09 22.8  0.733
C1F0L35 100 2026 05 24.3  15.0646  +2.6323 22.4 Updated May 24.42 UT             8   0.08 21.9  0.785
C1F0EU5  82 2026 05 24.3  15.4356 -10.0900 22.1 Updated May 24.39 UT             8   0.07 14.8  0.812
C1F0295 100 2026 05 24.3  15.3383  -7.3321 22.0 Updated May 25.08 UT            15   0.76 22.1  0.128
6EN3D21 100 2026 05 24.2  16.6243 -79.1504 19.1 Added May 24.29 UT               3   0.01 19.2  0.967
C1EYPU5 100 2026 05 23.4  15.8432  +3.1628 22.8 Updated May 24.37 UT             9   0.64 24.0  1.184
C1EYPT5  87 2026 05 23.4  15.8107  +0.9630 21.8 Updated May 25.13 UT            23   1.75 24.2  0.077
C1EYD55  64 2026 05 23.3  15.7786 -13.2655 22.1 Updated May 24.30 UT            12   0.95 20.1  0.923
NAOCBPP 100 2026 05 20.7  14.8832 -20.0910 22.3 Updated May 24.34 UT             4   0.13 22.4  4.352
C46CD31 100 2026 05 21.4   1.4254  -3.1705 27.0 Updated May 23.35 UT             7   0.05 28.6  3.760
ST26ED1  98 2026 05 21.2   1.6730 -14.7545 27.5 Updated May 23.35 UT            20   0.16 30.2  3.818
TF26EE0 100 2026 05 20.5  16.3579  +8.8133 24.5 Updated May 24.34 UT             4   0.02 28.8  4.719
ST26EC8  98 2026 05 20.4  21.4583 -30.7703 22.7 Updated May 23.35 UT             6   0.14 28.6  4.765
ST26EC7  98 2026 05 20.4   2.4626  -8.4064 29.9 Updated May 23.35 UT             6   0.11 30.3  4.772
ST26EC5 100 2026 05 20.3  15.2535 -18.5296 20.7 Updated May 24.34 UT             4   0.03 24.8  4.864
P12nfaz  43 2026 05 20.3  13.2235 -27.7183 21.9 Updated May 24.34 UT            12   2.87 18.3  2.010
NAOCAN7 100 2026 05 17.7  15.2815 -21.8823 21.0 Updated May 24.34 UT             4   0.10 19.9  7.350
KPMa1Ih  87 2026 05 18.1  11.1244 -27.8071 23.4 Updated May 24.34 UT             5   0.01 20.8  7.100
CEMVK32  35 2026 05 17.4  16.5232  +8.6925 21.7 Updated May 24.42 UT            50  11.97 20.1  0.798
P12neKs  35 2026 05 14.6  18.0411 +57.0411 19.9 Updated May 25.03 UT           167  10.45 15.1  0.182
