A11CWPK 100 2026 05 26.0  17.5065 -60.0625 17.6 Added May 27.03 UT               4   0.03 20.5  1.047
A11CWPw 100 2026 05 26.6  21.6185 -19.1884 18.0 Added May 26.81 UT               4   0.02 28.7  0.456
P12nfxy 100 2026 05 26.6  17.5288  +4.8471 20.5 Updated May 26.96 UT             6   0.55 24.2  0.092
CEP5WY2  86 2026 05 26.4  18.9582 +40.7220 20.6 Updated May 27.03 UT            18   1.59 21.9  0.014
CEP5WU2 100 2026 05 26.4  17.7155 +49.1796 21.2 Updated May 26.44 UT            10   0.06 26.1  0.602
C1F4195 100 2026 05 26.4  16.1194  +8.4748 22.2 Updated May 26.45 UT             7   0.07 27.6  0.583
C1F4075 100 2026 05 26.4  16.0496 +26.9888 22.3 Updated May 26.48 UT             8   0.11 24.9  0.560
P12nfxd  96 2026 05 25.6  17.8207 +16.6317 21.9 Updated May 26.45 UT            14   2.00 22.6  0.597
C1F32J5 100 2026 05 25.4  17.1959 +14.6265 22.0 Updated May 26.31 UT             7   0.85 23.5  0.734
C1F3245  43 2026 05 25.4  17.0011 +10.5567 22.6 Updated May 26.78 UT            11   1.00 20.2  0.587
SJA1250 100 2026 05 24.9  16.8314 +61.1744 20.3 Added May 25.42 UT               3   0.03 17.5  2.065
C1F2HL5 100 2026 05 25.4  16.4721 -11.7706 22.4 Updated May 25.43 UT             8   0.07 25.5  1.609
C1F1TD5 100 2026 05 25.3  15.7898  +4.6347 24.1 Updated May 26.35 UT             4   0.02 33.6  1.707
C03UYWZ 100 2026 05 23.4  16.7354 +13.3034 22.4 Updated May 26.16 UT             7   2.00 23.1  1.591
A11CUyv  94 2026 05 24.1  17.5685 -56.1790 19.2 Updated May 26.35 UT            17   1.97 19.1  0.923
P12nfw2 100 2026 05 24.6  21.0950  -3.4711 21.7 Updated May 26.34 UT             8   1.73 20.3  0.713
NAOCLYL  85 2026 05 23.8  15.9037 -18.8474 21.7 Updated May 26.35 UT             4   0.10 21.7  3.179
A11CQzo 100 2026 05 24.4  21.8486 -17.2523 20.9 Updated May 26.35 UT             5   0.05 29.8  2.601
oKr0080 100 2026 05 23.9  23.4910 +18.5663 20.2 Updated May 26.34 UT             3   0.00 17.1  3.146
C1F1535  97 2026 05 24.4  16.7579  +6.6985 22.4 Updated May 26.35 UT            11   0.87 23.3  1.750
C1F0EU5  80 2026 05 24.3  15.3988 -10.0896 22.0 Updated May 26.33 UT            13   1.97 20.0  0.748
C1F0295  80 2026 05 24.3  15.3038  -6.9596 22.1 Updated May 26.10 UT            20   1.78 22.2  0.944
6EN3D21 100 2026 05 24.2  16.3602 -80.1181 18.6 Updated May 25.35 UT             3   0.01 21.1  2.801
C1EYPU5 100 2026 05 23.4  15.8744  +3.4337 22.8 Updated May 26.35 UT            11   1.87 24.1  1.787
NAOCBPP  99 2026 05 20.7  14.9121 -21.3052 22.3 Updated May 25.35 UT             4   0.13 22.4  6.186
ST26EC8  98 2026 05 20.4  22.0221 -31.0208 23.6 Updated May 25.35 UT             6   0.14 28.6  6.599
P12nfaz  43 2026 05 20.3  13.2115 -27.3731 22.0 Updated May 26.35 UT            12   2.87 18.3  3.844
NAOCAN7 100 2026 05 17.7  15.2874 -21.9331 21.0 Updated May 26.35 UT             4   0.10 19.7  9.183
KPMa1Ih  87 2026 05 18.1  11.1276 -28.6439 23.5 Updated May 26.35 UT             5   0.01 20.9  8.933
CEMVK32  53 2026 05 17.4  16.3958  +7.8229 21.7 Updated May 26.27 UT            52  11.97 20.1  2.631
