A11Cr0m  98 2026 05 15.0  15.9747 -53.0918 18.0 Updated May 15.18 UT             8   0.18 20.1  0.033
P12neKJ 100 2026 05 14.3  13.0218 -23.4752 21.1 Added May 14.92 UT               3   0.02 13.5  0.836
P12neKs  97 2026 05 14.6  18.3561 +57.9848 20.1 Updated May 15.07 UT             6   0.48 14.5  0.141
P12nc1w  96 2026 05 14.5  16.2268  -5.1503 20.6 Updated May 15.02 UT            14   0.65 24.9  0.184
P12nc1d  98 2026 05 14.5  16.9182  -5.2744 21.5 Updated May 15.17 UT             6   0.67 19.1  0.040
P12nc1c  98 2026 05 14.5  16.8045  -6.6686 21.9 Updated May 15.15 UT             9   0.65 20.1  0.057
RFD0300 100 2026 05 13.0  23.7225 -34.8840 24.4 Added May 14.52 UT               2   0.00 29.5  2.164
CEMAUH2 100 2026 05 14.4  16.4497  +1.9654 21.3 Updated May 14.46 UT             6   0.07 24.0  0.752
CEMAY32  98 2026 05 14.4  16.6260  +2.9936 20.3 Updated May 15.17 UT            13   0.76 23.8  0.040
ST26E61 100 2026 05 14.3  16.3311  +0.2965 21.2 Updated May 14.37 UT             6   0.05 28.7  0.828
CEM9MQ2  98 2026 05 14.3  15.2402  -5.3830 19.7 Updated May 14.41 UT             8   0.09 28.6  0.790
CEM9DH2  93 2026 05 14.3  14.9036  +2.1032 20.7 Updated May 15.17 UT            16   0.85 24.4  0.041
ST26E57 100 2026 05 14.3  15.7352  -7.1238 19.1 Updated May 14.33 UT             8   0.05 27.0  0.867
CEM7YT2  86 2026 05 14.3  13.2569  +0.3758 20.0 Updated May 15.19 UT            31   0.92 22.0  0.008
ST26E52  86 2026 05 14.2  13.5738 +14.1655 20.2 Updated May 15.18 UT            27   0.92 26.1  0.023
MZ26075 100 2026 05 13.8  16.9559  +2.7830 19.7 Added May 14.13 UT               3   0.01 25.1  1.372
A11CmCW 100 2026 05 13.3   5.2687 -76.1488 19.5 Added May 13.75 UT               4   0.02 24.5  1.820
A11CmCS 100 2026 05 13.3  16.7279 -36.3893 19.4 Added May 13.75 UT               4   0.04 25.4  1.878
OCA1642  84 2026 05 13.1  13.7522 -31.2123 19.4 Added May 13.56 UT               3   0.02 13.4  2.066
A11Cmv6  86 2026 05 13.0   8.4879 -50.2129 18.9 Updated May 15.01 UT            16   1.92 19.0  0.228
P22n4PC  60 2026 05 12.4  13.9666 -12.9081 20.6 Updated May 14.21 UT            17   1.83 21.0  1.001
CEM26R2  13 2026 05 12.4  16.5838 +15.4144 20.6 Updated May 14.25 UT            21   2.69 17.0  0.955
CEM1XD2  11 2026 05 12.3  14.4925 +17.4227 22.2 Updated May 15.17 UT            22   7.84 19.2  0.034
SO0005e 100 2026 05 11.7   0.1201  +5.7499 26.8 Updated May 14.35 UT             3   0.00 28.9  3.483
SO0005d 100 2026 05 11.7  19.0815 -24.8015 21.9 Updated May 14.34 UT             4   0.00 28.2  3.481
SO0005c 100 2026 05 11.7  22.6087 -29.9798 23.7 Updated May 14.34 UT             3   0.00 28.6  3.535
SO0005b 100 2026 05 11.6  22.9358  -8.6115 22.5 Updated May 14.34 UT             3   0.00 26.6  3.546
CELXZH2 100 2026 05 11.3  14.7439 +24.3673 22.3 Updated May 14.35 UT             3   0.01 25.0  3.846
6E94521  10 2026 05 10.4  19.7197 -65.0995 19.5 Updated May 14.42 UT            44   4.03 19.0  0.797
S001563  73 2026 05 07.0  12.9814 -27.1089 21.6 Updated May 14.34 UT             3   0.03 17.5  8.117
C1EUYV5  35 2026 04 27.5  17.2663 +18.7874 21.9 Updated May 14.43 UT            36 297.21 12.8  1.696
