C46A061 100 2026 05 14.4  14.8827  -9.1904 19.0 Added May 14.39 UT               3   0.00 23.7  0.014
CEMANR2 100 2026 05 14.4  16.3905  +4.0140 19.9 Added May 14.39 UT               4   0.02 22.7  0.017
C469ZZ1 100 2026 05 14.4  14.2720 +14.9609 17.9 Added May 14.38 UT               4   0.01 24.8  0.033
ST26E67 100 2026 05 14.3  15.9280  -0.3671 19.1 Updated May 14.38 UT             6   0.06 30.0  0.023
ST26E70 100 2026 05 14.3  16.6889  +0.3970 15.4 Added May 14.36 UT               2   0.00 16.9  0.048
CEMA5R2 100 2026 05 14.3  15.5121  +6.1786 20.2 Updated May 14.39 UT             6   0.06 22.9  0.016
ST26E66 100 2026 05 14.3  16.3446  +0.2453 17.6 Added May 14.35 UT               2   0.00 18.8  0.061
ST26E65 100 2026 05 14.3  16.3062  +0.3430 14.7 Updated May 14.35 UT             2   0.00 13.6  0.061
ST26E61 100 2026 05 14.3  15.7569  -0.4701 19.5 Updated May 14.37 UT             6   0.05 28.7  0.035
CEM9MQ2 100 2026 05 14.3  14.7306  +4.4234 20.8 Added May 14.33 UT               4   0.02 27.3  0.076
CEM9DH2 100 2026 05 14.3  14.9847  +0.5759 20.8 Added May 14.33 UT               4   0.02 24.9  0.079
CEM9AR2 100 2026 05 14.3  14.8445  +1.5903 21.7 Added May 14.33 UT               4   0.02 25.3  0.079
ST26E59 100 2026 05 14.3  15.2333  +0.4982 20.0 Updated May 14.38 UT            14   0.07 26.8  0.028
ST26E57 100 2026 05 14.3  14.7718  -1.2214 19.3 Updated May 14.33 UT             8   0.05 27.0  0.074
CEM83E2  98 2026 05 14.3  13.9766  +1.3260 20.6 Updated May 14.36 UT             6   0.09 24.4  0.049
CEM7YT2  98 2026 05 14.3  13.3198  +3.5132 20.0 Updated May 14.36 UT             8   0.09 21.7  0.045
ST26E52  98 2026 05 14.2  13.6252  +1.9853 19.9 Updated May 14.38 UT             9   0.09 25.9  0.062
MZ26075 100 2026 05 13.8  16.5769  -4.7991 19.4 Added May 14.13 UT               3   0.01 25.1  0.579
A11CmCW 100 2026 05 13.3   4.0358 -78.4250 18.8 Added May 13.75 UT               4   0.02 24.5  1.026
A11CmCS 100 2026 05 13.3  16.4262 -39.3442 19.0 Added May 13.75 UT               4   0.04 25.4  1.085
OCA1642  84 2026 05 13.1  13.7651 -31.1690 19.4 Added May 13.56 UT               3   0.02 13.4  1.273
P22nay8  74 2026 05 13.4  15.7585  -1.9679 21.5 Updated May 14.14 UT             6   0.69 16.5  0.273
P22nawA  78 2026 05 13.4  15.1755  -3.1643 21.2 Updated May 14.39 UT            21  15.92 24.7  0.164
A11Cmv6 100 2026 05 13.0   8.5907 -50.5477 18.8 Updated May 14.10 UT            10   0.91 18.6  0.437
P22n4V7  96 2026 05 12.4  14.3696 -19.5644 21.8 Updated May 14.13 UT            15   1.72 21.1  0.285
P22n4V6  79 2026 05 12.4  13.9280 -22.9773 21.6 Updated May 14.23 UT            23   1.84 23.5  0.175
CEM28F2  81 2026 05 12.4  18.1765 +20.0257 20.6 Updated May 14.32 UT            30   1.90 24.7  0.092
P22n4PC  55 2026 05 12.4  13.9682 -13.5215 20.6 Updated May 14.21 UT            17   1.83 21.0  0.208
CEM26R2  13 2026 05 12.4  16.5983 +15.4566 20.6 Updated May 14.25 UT            21   2.69 17.0  0.162
CEM1XD2  13 2026 05 12.3  14.5091 +17.5356 22.2 Updated May 14.22 UT            20   6.88 19.2  0.192
SO0005e 100 2026 05 11.7   0.0351  +4.7816 26.1 Updated May 14.35 UT             3   0.00 28.9  2.690
SO0005d 100 2026 05 11.7  18.9399 -25.6460 21.4 Updated May 14.34 UT             4   0.00 28.2  2.688
SO0005c 100 2026 05 11.7  22.3337 -31.3519 23.0 Updated May 14.34 UT             3   0.00 28.6  2.742
SO0005b 100 2026 05 11.6  22.8309  -9.6999 21.9 Updated May 14.34 UT             3   0.00 26.6  2.753
CELXZH2 100 2026 05 11.3  14.7608 +24.2945 22.3 Updated May 14.35 UT             3   0.01 25.0  3.053
ST26E34 100 2026 05 10.5  14.8669 +18.4035 24.2 Updated May 14.35 UT             2   0.00 28.6  3.940
6E94521  10 2026 05 10.4  19.6294 -63.2538 19.5 Updated May 14.20 UT            41   3.81 19.0  0.225
CELRZD2 100 2026 05 09.2  12.4029 +36.9302 22.7 Updated May 14.34 UT             8   0.10 23.0  5.052
ST26E14 100 2026 05 08.4  13.3189  -2.8359 18.2 Updated May 14.35 UT             2   0.00 17.3  5.976
P22n0fQ  97 2026 05 07.4  15.0192 +10.8111 21.7 Updated May 13.34 UT             3   0.04 23.4  6.993
S001563  73 2026 05 07.0  12.9842 -27.0717 21.5 Updated May 14.34 UT             3   0.03 17.5  7.324
C1EUYV5  35 2026 04 27.5  17.2773 +18.7461 21.9 Updated May 13.76 UT            36 297.21 12.8  0.903
