P22n4ou  91 2026 05 09.4  14.7365  +7.5759 21.0 Added May 9.81 UT                4   0.03 20.3  0.575
ZTF10Dn 100 2026 05 09.3  15.9400 -11.1616 17.6 Added May 9.51 UT                4   0.04 26.9  0.633
XA9ttXA  96 2026 05 08.8  15.1567  +1.7558 21.4 Added May 9.48 UT                3   0.03 19.7  1.177
ST26E18 100 2026 05 09.4  15.3892 -13.6232 19.8 Added May 9.37 UT                4   0.00 28.7  0.603
CELT2A2 100 2026 05 09.3  13.7391 +36.0423 20.9 Updated May 9.39 UT              8   0.10 20.0  0.588
CELT0C2 100 2026 05 09.2  12.9987 +38.6399 21.0 Updated May 9.37 UT              8   0.10 21.3  0.611
CELRZD2 100 2026 05 09.2  12.6427 +34.5652 21.5 Updated May 9.36 UT              8   0.10 22.8  0.620
TF26E23 100 2026 05 09.2  13.1524  -5.1270 16.6 Added May 9.23 UT                2   0.00 17.7  0.752
gb00845  74 2026 05 08.8  13.0619  -6.3238 20.0 Updated May 9.94 UT             34   1.12 23.9  0.043
P22n0x5  74 2026 05 08.5  15.2328 -16.3398 20.1 Updated May 9.96 UT             20   1.57 30.0  0.016
P22n0w4  74 2026 05 08.4  15.3529  +2.5239 20.1 Updated May 9.94 UT             24   1.56 23.8  0.033
ZTF10Dl 100 2026 05 08.3  18.0669 -15.2852 19.4 Added May 8.49 UT                4   0.03 27.0  1.600
CELR3G2  98 2026 05 08.5  17.0337  -5.2439 21.8 Updated May 9.45 UT             15   0.97 29.0  0.537
ST26E14 100 2026 05 08.4  13.4063  -3.8093 18.0 Added May 8.45 UT                2   0.00 16.2  1.544
P22n0vC  36 2026 05 08.3  14.8480 +10.0367 22.2 Updated May 9.29 UT             19   0.95 19.7  0.684
CELLEH2  96 2026 05 08.3  15.7899 -15.3490 22.2 Updated May 9.38 UT             12   1.03 32.6  0.644
CELHF72  87 2026 05 08.3  14.9603 -10.5369 21.3 Updated May 9.34 UT             22   1.00 24.7  0.668
P22n0gv  96 2026 05 07.6  17.2501 +48.3550 21.1 Updated May 9.45 UT             22   1.84 21.3  0.529
P22n0fQ  97 2026 05 07.4  15.0944  +9.8117 22.0 Updated May 9.34 UT              3   0.04 24.3  2.561
ZTF10Di 100 2026 05 07.4  21.7233 -12.0701 21.5 Updated May 9.34 UT              4   0.02 27.4  2.576
S001563  73 2026 05 07.0  13.0049 -26.8499 21.4 Updated May 9.33 UT              3   0.03 17.7  2.892
P22mZLU  93 2026 05 06.3  11.7318 -17.8068 20.9 Updated May 9.93 UT             10   1.71 20.6  1.988
A11BX2S 100 2026 05 05.2  19.1155  +1.7347 20.0 Updated May 9.33 UT              2   0.01 24.8  4.738
A11BRI6  53 2026 05 03.0  10.4974 -40.4599 18.7 Updated May 8.52 UT             50   5.00 19.9  1.952
ZTF10Df  98 2026 05 02.2  10.4143  +1.4532 23.3 Updated May 9.33 UT              9   0.68 26.6  7.125
C1EUYV5  93 2026 04 27.5  17.3369 +18.4986 21.7 Updated May 9.32 UT             18  11.83 12.6  0.668
