CEP5YT2 100 2026 05 27.2  14.3195 +38.1152 21.3 Updated May 28.19 UT            11   0.93 25.0  0.526
A11CWPw 100 2026 05 26.6   1.3129  +9.0928 20.2 Updated May 28.36 UT             4   0.02 28.8  2.125
C1F4195 100 2026 05 26.4  16.1492 +10.6197 22.8 Updated May 28.36 UT             7   0.07 27.7  2.252
P12nfxd 100 2026 05 25.6  17.7932 +17.3201 21.9 Updated May 28.36 UT            14   2.00 22.6  2.267
C1F32J5 100 2026 05 25.4  17.1763 +17.9573 22.1 Updated May 27.70 UT            11   1.88 23.6  1.367
C1F3245  48 2026 05 25.4  16.9644 +10.3976 22.7 Updated May 28.36 UT            11   1.00 20.3  2.256
SJA1250 100 2026 05 24.9  16.7288 +60.4689 20.2 Updated May 27.36 UT             3   0.03 17.1  3.734
C1F2HL5 100 2026 05 25.4  16.6805 -12.2008 22.4 Updated May 28.36 UT             8   0.07 25.5  3.278
C1F1TD5 100 2026 05 25.3  15.8293  +4.5346 25.5 Updated May 28.36 UT             4   0.02 33.9  3.376
C03UYWZ  98 2026 05 23.4  16.7161 +16.2782 22.2 Updated May 27.70 UT            13   5.98 23.1  2.278
P12nfw2 100 2026 05 24.6  21.1904  -2.7775 21.7 Updated May 27.69 UT            14   3.01 20.3  1.099
NAOCLYL  85 2026 05 23.8  15.9107 -17.2932 21.9 Updated May 28.36 UT             4   0.10 21.5  4.849
A11CQzo 100 2026 05 24.4  22.3223 -16.1251 22.1 Updated May 28.36 UT             5   0.05 29.8  4.270
oKr0080 100 2026 05 23.9  23.4961 +18.6159 20.4 Updated May 28.36 UT             3   0.00 17.8  4.815
C1F1535  97 2026 05 24.4  16.7579  +7.1670 22.3 Updated May 28.36 UT            11   0.87 23.3  3.419
6EN3D21 100 2026 05 24.2  16.0889 -80.5612 18.9 Updated May 28.36 UT             3   0.01 18.8  4.470
C1EYPU5 100 2026 05 23.4  15.9035  +3.6452 22.9 Updated May 28.37 UT            11   1.87 24.1  3.456
NAOCBPP  99 2026 05 20.7  14.9378 -22.2965 22.4 Updated May 28.36 UT             4   0.13 22.4  7.855
ST26EC8  98 2026 05 20.4  22.2914 -30.9327 24.2 Updated May 28.36 UT             6   0.14 28.6  8.268
P12nfaz  43 2026 05 20.3  13.2021 -27.0607 22.1 Updated May 28.36 UT            12   2.87 18.4  5.513
NAOCAN7 100 2026 05 17.7  15.2911 -21.9710 21.2 Updated May 28.37 UT             4   0.10 20.1 10.853
KPMa1Ih  87 2026 05 18.1  11.1326 -29.2592 23.5 Updated May 28.36 UT             5   0.01 20.8 10.602
CEMVK32  51 2026 05 17.4  16.2862  +7.0429 21.8 Updated May 27.66 UT            59  13.11 20.1  3.163
