CZYNHKZ 100 2026 05 14.4  16.3771  +2.5526 21.2 Added May 21.77 UT               4   0.02 22.0  7.481
TF26EF2 100 2026 05 21.5  15.4471 +13.4594 18.2 Updated May 21.59 UT             2   0.00 22.4  0.396
P22nfmx 100 2026 05 21.3  14.3482  +1.4636 20.9 Updated May 21.65 UT             6   0.16 24.5  0.512
C46CD31 100 2026 05 21.4  18.2901  -3.7975 18.5 Updated May 21.45 UT             5   0.05 28.5  0.425
ST26ED8 100 2026 05 21.3  17.9163 +10.8083 20.1 Updated May 21.66 UT            15   0.14 25.8  0.397
ST26ED4  98 2026 05 21.3  15.3614 +19.2650 19.8 Updated May 21.86 UT            13   0.57 27.7  0.020
ST26ED1  98 2026 05 21.2  18.6518 -10.1088 17.5 Updated May 21.71 UT            20   0.16 30.2  0.483
TF26EE0 100 2026 05 20.5  16.4381  +8.7388 22.2 Updated May 20.74 UT             4   0.02 28.7  1.384
ST26EC8  98 2026 05 20.4  18.0040 -16.8729 19.7 Updated May 21.71 UT             6   0.14 28.6  1.431
ST26EC7  98 2026 05 20.4   2.1920  -8.2152 26.9 Updated May 21.71 UT             6   0.11 30.2  1.437
ST26EC5 100 2026 05 20.3  16.3240 -11.4372 19.1 Updated May 20.59 UT             4   0.03 24.6  1.529
P12nfgD  10 2026 05 20.4  15.9706  -7.4189 21.8 Updated May 21.76 UT            28 5292.06 20.0  0.454
P12nffX  10 2026 05 20.5  16.3800 -20.8042 21.6 Updated May 21.77 UT            12   6.91 18.9  0.498
P12nffV  47 2026 05 20.5  16.5034 -19.0055 20.5 Updated May 21.76 UT            16   2.09 20.3  0.466
P12nfaz  50 2026 05 20.3  13.2498 -28.3484 22.0 Updated May 21.47 UT             8   1.05 18.5  0.498
P22nfat  20 2026 05 20.4  16.1916 +21.4613 22.1 Updated May 21.73 UT            25 622.93 19.6  0.437
A11CGDI  84 2026 05 19.2  17.3821 -42.9768 18.6 Updated May 21.20 UT            27   1.72 21.4  0.955
NAOCAN7 100 2026 05 17.7  15.2763 -21.7932 20.7 Updated May 21.35 UT             4   0.10 19.6  4.015
KPMa1Ih  87 2026 05 18.1  11.1258 -26.3327 23.3 Updated May 21.35 UT             5   0.01 20.8  3.765
CEMVK32  35 2026 05 17.4  16.7737 +10.2947 21.6 Updated May 21.47 UT            47   9.02 20.1  0.409
P12neKs  35 2026 05 14.6  18.1517 +57.4474 20.0 Updated May 21.47 UT           118   6.83 15.2  0.460
