ST26E86 100 2026 05 15.4  15.0504  +8.6041 15.2 Updated May 15.47 UT             4   0.02 33.2  0.112
TF26EA5 100 2026 05 15.4  15.5208 -11.0507 19.2 Added May 15.46 UT               2   0.00 27.4  0.117
ZTF10Du 100 2026 05 15.3  14.4162 -20.8456 16.6 Added May 15.45 UT               4   0.03 26.1  0.271
ST26E84 100 2026 05 15.4  14.6921 +10.6902 19.9 Updated May 15.45 UT             4   0.03 24.4  0.125
TF26E97 100 2026 05 15.3  15.5066 -10.8416 19.4 Added May 15.39 UT               2   0.00 27.4  0.230
ST26E76  98 2026 05 15.2  14.6695  +5.8366 20.3 Updated May 15.44 UT             6   0.20 30.7  0.131
ST26E75 100 2026 05 15.2  14.7232  -2.4071 18.7 Updated May 15.38 UT             4   0.01 25.6  0.333
6EE3C21 100 2026 05 15.2  15.5545 -22.9886 19.0 Updated May 15.44 UT            11   0.22 25.9  0.156
A11Cr0m 100 2026 05 15.0  15.9982 -52.4084 17.9 Updated May 15.37 UT            14   0.31 20.0  0.275
P12neKJ 100 2026 05 14.3  13.0186 -23.4416 20.9 Updated May 15.22 UT            10   0.88 20.3  0.355
P12neKs  97 2026 05 14.6  18.3454 +57.9637 20.4 Updated May 15.26 UT            10   0.48 15.2  0.516
P12nc1d 100 2026 05 14.5  16.9096  -5.1663 21.4 Updated May 15.33 UT            12   0.83 19.2  0.251
P12nc1c  96 2026 05 14.5  16.7947  -6.5576 21.8 Updated May 15.38 UT            21   0.90 20.1  0.189
RFD0300 100 2026 05 13.0  23.9281 -33.2570 24.9 Added May 14.52 UT               2   0.00 29.5  2.539
CEMAUH2 100 2026 05 14.4  16.3972  +0.2363 21.3 Updated May 14.46 UT             6   0.07 24.0  1.127
CEMAY32  79 2026 05 14.4  16.5518  +2.1587 20.3 Updated May 15.51 UT            37   1.08 23.8  0.097
ST26E61 100 2026 05 14.3  16.4382  +0.4370 21.7 Updated May 14.37 UT             6   0.05 28.7  1.203
ST26E57  98 2026 05 14.3  16.2040  -9.5942 19.3 Updated May 15.43 UT            12   1.14 28.0  0.152
CEM7YT2  79 2026 05 14.3  13.2279  -1.0808 20.0 Updated May 15.51 UT            38  16.96 22.0  0.276
ST26E52  76 2026 05 14.2  13.5457 +20.4299 20.3 Updated May 15.38 UT            28   1.01 26.1  0.313
MZ26075 100 2026 05 13.8  17.0488  +4.5720 20.0 Updated May 15.33 UT             3   0.01 25.5  1.747
A11CmCW 100 2026 05 13.3   5.6309 -74.1974 19.6 Updated May 15.33 UT             4   0.02 25.5  2.195
A11CmCS 100 2026 05 13.3  16.8182 -35.4453 19.6 Updated May 15.33 UT             4   0.04 25.5  2.253
OCA1642  84 2026 05 13.1  13.7460 -31.2415 19.4 Updated May 15.33 UT             3   0.02 13.1  2.441
A11Cmv6  84 2026 05 13.0   8.4390 -50.0454 19.0 Updated May 15.23 UT            19   2.04 19.1  0.478
CEM26R2  18 2026 05 12.4  16.5768 +15.3929 20.6 Updated May 15.33 UT            21   2.69 17.0  1.330
CEM1XD2  11 2026 05 12.3  14.4847 +17.3679 22.2 Updated May 15.17 UT            22   7.84 19.2  0.409
SO0005e 100 2026 05 11.7   0.1475  +6.0592 27.0 Updated May 14.35 UT             3   0.00 28.9  3.858
SO0005d 100 2026 05 11.7  19.1289 -24.5071 22.1 Updated May 14.34 UT             4   0.00 28.2  3.856
SO0005c 100 2026 05 11.7  22.6976 -29.5005 23.9 Updated May 14.34 UT             3   0.00 28.6  3.910
SO0005b 100 2026 05 11.6  22.9706  -8.2479 22.7 Updated May 14.34 UT             3   0.00 26.6  3.921
CELXZH2 100 2026 05 11.3  14.7354 +24.3989 22.2 Updated May 14.35 UT             3   0.01 25.0  4.221
6E94521  10 2026 05 10.4  19.7662 -65.9666 19.5 Updated May 15.42 UT            53   5.03 19.0  0.172
S001563  73 2026 05 07.0  12.9802 -27.1262 21.6 Updated May 14.34 UT             3   0.03 17.5  8.492
C1EUYV5  35 2026 04 27.5  17.2612 +18.8066 21.9 Updated May 15.51 UT            36 299.14 12.8  0.138
