A11Evap 100 2026 07 09.9  19.7915 -40.0607 19.7 Added July 9.97 UT               4   0.02 22.7  0.177
P12o0YY  94 2026 07 09.5  20.8381 -22.5266 21.0 Updated July 9.68 UT             6   0.08 18.4  0.581
CEQJF02 100 2026 07 09.3  22.0206 +14.9687 20.6 Updated July 9.43 UT             7   0.08 26.9  0.703
ST26G11  86 2026 07 09.3  21.5086 +11.2917 19.8 Updated July 10.12 UT           27   0.75 26.1  0.083
A11EshI  84 2026 07 08.9  20.1955 -20.6661 19.0 Updated July 10.12 UT           35   1.06 21.9  0.125
P12o0Y2  95 2026 07 08.5  20.8473 -32.7668 21.1 Updated July 9.49 UT             6   0.95 22.0  0.693
P12o0Y1 100 2026 07 08.5  20.3778 -30.1721 21.3 Updated July 9.50 UT             6   0.96 22.4  0.697
P12nXcB  70 2026 07 08.5  21.3468 -31.2152 21.6 Updated July 9.64 UT             7   1.02 20.6  0.601
P12nXce 100 2026 07 08.5  21.9432 -31.5230 21.2 Updated July 9.54 UT             9   1.02 21.5  0.598
P12nXcA  90 2026 07 08.5  21.1361 -27.7278 20.4 Updated July 9.53 UT            13   1.02 22.9  0.604
P12nXcf 100 2026 07 08.5  20.9879 -20.2674 21.3 Updated July 9.49 UT            11   0.92 24.0  0.688
A11Eq8v 100 2026 07 07.9  20.6904 -50.8459 19.5 Added July 8.30 UT               6   0.07 24.2  2.135
A11EpSe 100 2026 07 08.2  19.6705 -30.0260 19.5 Updated July 9.08 UT            10   0.83 19.3  1.115
W2nCdO   79 2026 07 07.4  19.1066 -24.3647 23.5 Updated July 9.49 UT            14  19.01 26.6  0.700
A11EpRZ 100 2026 07 07.9  20.1995 -56.2065 18.9 Updated July 9.97 UT            15   1.91 23.1  0.292
ST26G01  98 2026 07 07.2  19.7804 -54.1560 20.6 Updated July 9.23 UT            14   0.10 27.0  2.774
P22nTNT  10 2026 07 06.5  18.3147 +17.9600 21.0 Updated July 9.42 UT            24   2.71 19.0  0.952
P22nTLB  16 2026 07 06.3  17.7132  +8.1169 22.2 Updated July 9.42 UT            20   2.87 19.6  0.944
8N8R001 100 2026 07 05.9   5.2928  -2.5836 29.2 Updated July 9.23 UT             3   0.01 29.3  4.208
MAS0006  35 2026 06 19.3  18.3699 +23.8822 20.0 Updated July 9.32 UT           131  19.71  9.0  1.115
OMO0297  87 2026 06 25.8  23.6222  +3.7642 21.9 Updated July 8.46 UT            12  12.63 20.1  1.670
P22nJzF  35 2026 06 22.5  22.5315 +18.9898 21.6 Updated July 8.59 UT            21  24.01 14.1  1.568
