TF26E48 100 2026 05 10.5  15.0616 +15.8849 19.9 Added May 10.70 UT               2   0.00 25.9  0.337
ST26E34 100 2026 05 10.5  14.9775 +12.5049 20.1 Added May 10.70 UT               2   0.00 26.4  0.355
ST26E33  98 2026 05 10.5  15.0975  +5.9577 15.0 Added May 10.70 UT               2   0.00 14.1  0.355
ST26E31 100 2026 05 10.4  14.5034  +2.0860 18.6 Updated May 10.70 UT             4   0.02 24.3  0.352
ST26E32 100 2026 05 10.4  15.0355  +7.9177 18.8 Updated May 10.70 UT             4   0.02 23.5  0.346
ZTF10Dp 100 2026 05 10.2  11.5327 +11.8780 18.2 Added May 10.57 UT               4   0.03 21.9  0.573
6E94521 100 2026 05 10.4  19.3251 -54.9109 18.3 Added May 10.41 UT               3   0.01 20.8  0.441
CELUGR2  98 2026 05 10.3  14.9754 +33.0977 20.3 Updated May 10.42 UT            10   0.09 26.1  0.394
CELUGK2 100 2026 05 10.3  14.8009 +29.4232 21.6 Updated May 10.44 UT            11   0.10 23.4  0.380
ZTF10Do  98 2026 05 10.2  12.9420 -10.9153 18.5 Updated May 10.48 UT             6   0.23 26.6  0.355
ST26E26  98 2026 05 10.2  15.2836  -8.0093 20.2 Updated May 10.42 UT            10   0.17 29.2  0.397
ST26E25  98 2026 05 10.2  14.8714  -3.6630 20.6 Updated May 10.42 UT            13   0.17 28.7  0.402
CELU1Q2 100 2026 05 10.2  11.5822 +31.3733 22.3 Updated May 10.32 UT             7   0.11 25.8  0.504
ST26E24  98 2026 05 10.2  11.1000 -15.1825 18.4 Updated May 10.52 UT            13   0.29 29.1  0.340
P22n4ou  87 2026 05 09.4  14.7318  +7.4706 21.5 Updated May 10.69 UT            15   0.86 21.5  0.593
ZTF10Dn 100 2026 05 09.3  16.5854 -12.4580 19.2 Added May 9.51 UT                4   0.04 26.9  1.480
XA9ttXA  99 2026 05 08.8  15.1395  +1.7964 22.2 Updated May 10.41 UT             8   1.61 20.7  0.444
ST26E18 100 2026 05 09.4  15.6801 -16.5496 20.9 Added May 9.37 UT                4   0.00 28.7  1.450
CELT2A2  94 2026 05 09.3  13.6514 +35.3262 20.4 Updated May 10.67 UT            27   0.91 21.5  0.635
CELT0C2  93 2026 05 09.2  12.8565 +41.3818 21.0 Updated May 10.15 UT            16   0.89 22.9  0.674
CELRZD2 100 2026 05 09.2  12.5777 +35.2366 21.8 Updated May 9.36 UT              8   0.10 22.8  1.468
TF26E23 100 2026 05 09.2  13.0709  -4.5477 17.2 Updated May 10.81 UT             2   0.00 19.6  1.599
ZTF10Dl 100 2026 05 08.3  18.5313 -15.5033 20.3 Updated May 10.31 UT             4   0.03 27.0  2.447
ST26E14 100 2026 05 08.4  13.3848  -3.5768 17.9 Updated May 10.31 UT             2   0.00 21.3  2.391
P22n0vC  26 2026 05 08.3  14.8271  +9.9190 22.3 Updated May 10.26 UT            22   1.91 19.8  0.568
CELLEH2  86 2026 05 08.3  15.8369 -16.0487 22.8 Updated May 10.22 UT            12   1.86 32.6  0.659
P22n0fQ  97 2026 05 07.4  15.0875  +9.9268 22.2 Updated May 9.34 UT              3   0.04 24.3  3.408
ZTF10Di 100 2026 05 07.4  22.0252 -11.1899 22.3 Updated May 9.34 UT              4   0.02 27.4  3.423
S001563  73 2026 05 07.0  13.0008 -26.8940 21.5 Updated May 9.33 UT              3   0.03 17.7  3.739
P22mZLU  93 2026 05 06.3  11.7638 -17.1208 20.9 Updated May 10.81 UT            10   1.71 20.6  2.835
A11BX2S 100 2026 05 05.2  19.2600  +1.4132 20.3 Updated May 9.33 UT              2   0.01 24.8  5.586
A11BRI6  53 2026 05 03.0  10.7069 -40.0598 18.8 Updated May 10.31 UT            50   5.00 19.9  2.799
ZTF10Df  98 2026 05 02.2  10.4202  +1.4412 23.5 Updated May 9.33 UT              9   0.68 26.6  7.972
C1EUYV5  91 2026 04 27.5  17.3257 +18.5480 21.8 Updated May 10.33 UT            24  12.79 12.7  0.558
