SO0006A 100 2026 05 22.7  21.4814 -36.3734 19.2 Added May 22.70 UT               4   0.01 23.9  0.472
ST26EE4  98 2026 05 22.3  18.4822 +19.6392 21.3 Updated May 22.46 UT            18   0.13 29.0  0.705
CENU0L2  98 2026 05 22.2  14.1383  -2.6864 22.1 Updated May 22.37 UT             9   0.13 27.4  0.793
CENV8M2  88 2026 05 22.3   1.5061 +19.5095 24.2 Updated May 23.14 UT            17   0.58 31.1  0.299
NAOCBPP  99 2026 05 20.7  14.8554 -18.8468 22.1 Updated May 22.70 UT             4   0.13 22.4  2.309
8N2S001 100 2026 05 22.0  17.6881 +13.5166 19.5 Updated May 23.09 UT            11   1.04 23.0  0.073
CZYNHKZ 100 2026 05 14.4  16.3546  +2.3218 21.4 Updated May 22.04 UT             4   0.02 22.8  8.773
C46CD31 100 2026 05 21.4   0.1060  -4.7034 23.4 Updated May 21.45 UT             5   0.05 28.5  1.717
ST26ED8  77 2026 05 21.3  17.5426 +21.1360 20.5 Updated May 23.06 UT            48   1.69 25.8  0.139
ST26ED1  98 2026 05 21.2   1.3036 -16.0317 25.2 Updated May 21.71 UT            20   0.16 30.2  1.775
TF26EE0 100 2026 05 20.5  16.3916  +8.8091 23.4 Updated May 22.38 UT             4   0.02 28.7  2.676
ST26EC8  98 2026 05 20.4  19.9914 -27.5165 21.1 Updated May 21.71 UT             6   0.14 28.6  2.722
ST26EC7  98 2026 05 20.4   2.3873  -8.3861 28.7 Updated May 21.71 UT             6   0.11 30.2  2.728
ST26EC5 100 2026 05 20.3  15.7483 -15.4561 19.6 Updated May 22.38 UT             4   0.03 24.9  2.821
P12nffX  10 2026 05 20.5  16.3567 -20.9263 21.7 Updated May 22.44 UT            15   7.94 19.3  0.763
P12nfaz  48 2026 05 20.3  13.2390 -28.1042 22.0 Updated May 22.18 UT            10   1.84 18.4  0.991
NAOCAN7 100 2026 05 17.7  15.2775 -21.8236 20.7 Updated May 22.38 UT             4   0.10 19.7  5.307
KPMa1Ih  87 2026 05 18.1  11.1240 -26.9238 23.3 Updated May 22.38 UT             5   0.01 20.8  5.056
CEMVK32  55 2026 05 17.4  16.6739  +9.6725 21.6 Updated May 21.47 UT            47   9.02 20.1  1.701
P12neKs  35 2026 05 14.6  18.1094 +57.3016 20.0 Updated May 23.09 UT           130   8.50 15.1  0.082
