A11CUyv 100 2026 05 24.1  17.6187 -58.0541 18.8 Added May 24.89 UT               4   0.03 19.4  0.822
A11CUyu  98 2026 05 24.4  18.7368  +8.9912 18.0 Updated May 24.98 UT            17   0.52 20.0  0.020
P12nfw2 100 2026 05 24.6  20.9815  -4.2945 21.2 Added May 24.67 UT               3   0.02 22.3  0.382
NAOCLYL  85 2026 05 23.8  15.8948 -20.8418 21.6 Added May 24.59 UT               4   0.10 21.5  1.138
A11CQzo 100 2026 05 24.4  18.9214 -18.3880 17.6 Added May 24.51 UT               5   0.05 29.9  0.559
P12nfqd 100 2026 05 24.4  15.9604 -23.5772 20.2 Added May 24.49 UT               4   0.03 21.2  0.552
oKr0080 100 2026 05 23.9  23.4828 +18.5108 20.3 Added May 24.47 UT               3   0.00 15.5  1.104
C1F15H5 100 2026 05 24.4  16.7753 +24.1257 21.5 Updated May 24.48 UT             8   0.03 24.6  0.517
C1F1535  84 2026 05 24.4  16.7561  +6.1238 22.6 Updated May 24.48 UT             8   0.05 20.2  0.519
C1F0TQ5 100 2026 05 24.4  15.9361  -6.5446 21.6 Updated May 24.48 UT            10   0.09 22.8  0.524
C1F0L35 100 2026 05 24.3  15.0677  +2.6046 22.4 Updated May 24.42 UT             8   0.08 21.9  0.577
ST26EG3  98 2026 05 24.3  17.7309  -5.3158 19.7 Updated May 24.57 UT            14   0.21 27.5  0.444
C1F0EU5  82 2026 05 24.3  15.4399 -10.0910 22.1 Updated May 24.39 UT             8   0.07 14.8  0.603
C1F0295 100 2026 05 24.3  15.3422  -7.3776 22.1 Updated May 24.43 UT            12   0.12 21.6  0.559
6EN3D21 100 2026 05 24.2  16.6512 -79.0582 19.1 Added May 24.29 UT               3   0.01 19.2  0.759
C1EYRR5  91 2026 05 23.4  15.8778  +1.5408 22.4 Updated May 24.68 UT            18   1.10 25.0  0.514
C1EYQL5 100 2026 05 23.4  15.8254  +0.5661 22.0 Updated May 24.68 UT            12   1.10 24.3  0.514
C1EYPU5 100 2026 05 23.4  15.8396  +3.1288 22.8 Updated May 24.37 UT             9   0.64 24.0  0.976
C1EYPT5  89 2026 05 23.4  15.8137  +1.1910 21.8 Updated May 24.68 UT            19   1.10 24.2  0.514
C1EYD55  64 2026 05 23.3  15.7848 -13.2168 22.1 Updated May 24.30 UT            12   0.95 20.1  0.715
C1EXH55  93 2026 05 23.3  14.0385  +6.1549 22.5 Updated May 24.21 UT            20   0.91 23.7  0.802
6EM3521  79 2026 05 23.1  13.1309 -10.5483 20.2 Updated May 24.29 UT            29   1.14 22.4  0.800
NAOCBPP 100 2026 05 20.7  14.8803 -19.9657 22.3 Updated May 24.34 UT             4   0.13 22.4  4.144
C46CD31 100 2026 05 21.4   1.3906  -3.2176 26.8 Updated May 23.35 UT             7   0.05 28.6  3.551
ST26ED1  98 2026 05 21.2   1.6576 -14.8128 27.3 Updated May 23.35 UT            20   0.16 30.2  3.609
TF26EE0 100 2026 05 20.5  16.3597  +8.8168 24.4 Updated May 24.34 UT             4   0.02 28.8  4.510
ST26EC8  98 2026 05 20.4  21.3651 -30.6767 22.6 Updated May 23.35 UT             6   0.14 28.6  4.557
ST26EC7  98 2026 05 20.4   2.4581  -8.4083 29.8 Updated May 23.35 UT             6   0.11 30.3  4.563
ST26EC5 100 2026 05 20.3  15.2909 -18.3091 20.6 Updated May 24.34 UT             4   0.03 24.8  4.656
P12nfaz  43 2026 05 20.3  13.2250 -27.7576 21.9 Updated May 24.34 UT            12   2.87 18.3  1.802
NAOCAN7 100 2026 05 17.7  15.2811 -21.8771 20.9 Updated May 24.34 UT             4   0.10 19.9  7.142
KPMa1Ih  87 2026 05 18.1  11.1242 -27.7185 23.4 Updated May 24.34 UT             5   0.01 20.8  6.891
CEMVK32  35 2026 05 17.4  16.5382  +8.7920 21.7 Updated May 24.42 UT            50  11.97 20.1  0.589
P12neKs  35 2026 05 14.6  18.0481 +57.0694 19.9 Updated May 24.37 UT           161   9.46 15.1  0.962
