C1EYD55  66 2026 05 23.3  15.8335 -12.8368 22.2 Added May 23.36 UT               4   0.02 18.3  0.019
TF26EH4 100 2026 05 23.3  18.2400 +19.2134 18.0 Added May 23.35 UT               2   0.00 21.6  0.022
C1EXH55 100 2026 05 23.3  13.9394  +4.6058 22.2 Updated May 23.35 UT             7   0.07 23.8  0.017
CENZ0T2 100 2026 05 23.3  15.8274 +59.0756 21.1 Updated May 23.33 UT             8   0.07 26.0  0.034
TF26EG9 100 2026 05 23.2  15.2394 +18.1131 18.0 Added May 23.29 UT               2   0.00 22.3  0.119
6EM3521  98 2026 05 23.1  13.2154 -13.5254 20.1 Updated May 23.31 UT             7   0.25 22.9  0.057
SO0006A 100 2026 05 22.7  21.8592 -36.7180 19.3 Added May 22.70 UT               4   0.01 23.9  0.680
NAOCBPP  99 2026 05 20.7  14.8584 -18.9835 22.1 Updated May 22.70 UT             4   0.13 22.4  2.517
8N2S001  93 2026 05 22.0  17.6490 +12.4632 19.4 Updated May 23.19 UT            18   1.14 22.7  0.181
CZYNHKZ 100 2026 05 14.4  16.3840  +2.4142 21.7 Updated May 23.35 UT             4   0.02 22.7  8.981
C46CD31 100 2026 05 21.4   0.7695  -3.9754 24.6 Updated May 23.35 UT             7   0.05 28.6  1.925
ST26ED1  98 2026 05 21.2   1.3885 -15.7553 25.6 Updated May 23.35 UT            20   0.16 30.2  1.983
TF26EE0 100 2026 05 20.5  16.3871  +8.8128 23.5 Updated May 22.38 UT             4   0.02 28.7  2.884
ST26EC8  98 2026 05 20.4  20.2199 -28.2799 21.3 Updated May 23.35 UT             6   0.14 28.6  2.931
ST26EC7  98 2026 05 20.4   2.3999  -8.3921 28.9 Updated May 23.35 UT             6   0.11 30.3  2.937
ST26EC5 100 2026 05 20.3  15.6768 -15.9227 19.7 Updated May 22.38 UT             4   0.03 24.9  3.029
P12nffX  10 2026 05 20.5  16.3529 -20.9461 21.7 Updated May 22.44 UT            15   7.94 19.3  0.971
P12nfaz  38 2026 05 20.3  13.2373 -28.0649 22.0 Updated May 23.25 UT            12   2.87 18.4  0.175
NAOCAN7 100 2026 05 17.7  15.2778 -21.8290 20.7 Updated May 22.38 UT             4   0.10 19.7  5.515
KPMa1Ih  87 2026 05 18.1  11.1239 -27.0172 23.3 Updated May 22.38 UT             5   0.01 20.8  5.265
CEMVK32  55 2026 05 17.4  16.6581  +9.5722 21.6 Updated May 23.35 UT            47   9.02 20.1  1.909
P12neKs  35 2026 05 14.6  18.1025 +57.2767 20.0 Updated May 23.33 UT           139   8.50 15.1  0.291
