P12nfxd  93 2026 05 25.6  17.8328 +16.2962 21.9 Updated May 26.25 UT             9   1.79 22.6  0.053
P12nfwU  96 2026 05 25.5  16.9124 +14.5332 21.7 Updated May 25.97 UT             8   8.14 23.3  0.751
C1F32J5 100 2026 05 25.4  17.2091 +12.9809 22.1 Added May 25.48 UT               4   0.02 25.7  0.811
C1F3245  75 2026 05 25.4  17.0169 +10.6223 22.9 Added May 25.48 UT               4   0.02 16.9  0.814
SJA1250 100 2026 05 24.9  16.8797 +61.4734 20.3 Added May 25.42 UT               3   0.03 17.5  1.315
C1F2X35  96 2026 05 25.4  16.3380  +1.2149 21.8 Updated May 26.18 UT            12   0.79 22.7  0.123
C1F2HL5 100 2026 05 25.4  16.3774 -11.5697 22.4 Updated May 25.43 UT             8   0.07 25.5  0.859
C1F2HK5  98 2026 05 25.4  16.1763 -11.8495 21.7 Updated May 26.23 UT            13   1.86 22.8  0.077
C1F1TD5 100 2026 05 25.3  15.6565  +4.1967 21.9 Added May 25.33 UT               4   0.02 27.4  0.957
C03UYWZ 100 2026 05 23.4  16.7436 +11.9688 22.4 Updated May 26.16 UT             7   2.00 23.1  0.841
A11CUyv 100 2026 05 24.1  17.5863 -56.8826 19.2 Updated May 26.12 UT            14   1.97 19.1  0.173
P12nfw2 100 2026 05 24.6  21.0528  -3.7761 21.4 Updated May 25.71 UT             5   1.00 19.3  0.690
NAOCLYL  85 2026 05 23.8  15.9003 -19.5448 21.6 Added May 24.59 UT               4   0.10 21.5  2.429
A11CQzo 100 2026 05 24.4  21.3660 -18.1427 20.1 Added May 24.51 UT               5   0.05 29.9  1.851
oKr0080 100 2026 05 23.9  23.4875 +18.5488 20.2 Added May 24.47 UT               3   0.00 15.5  2.396
C1F1535  97 2026 05 24.4  16.7577  +6.4885 22.4 Updated May 25.30 UT            11   0.87 23.3  1.000
C1F0TQ5  77 2026 05 24.4  15.8563  -8.3081 21.8 Updated May 26.20 UT            18   3.85 24.4  0.100
C1F0EU5  80 2026 05 24.3  15.4140 -10.0885 22.1 Updated May 26.15 UT            11   1.81 19.5  0.155
C1F0295  80 2026 05 24.3  15.3179  -7.1113 22.1 Updated May 26.10 UT            20   1.78 22.2  0.194
6EN3D21 100 2026 05 24.2  16.4933 -79.7001 18.7 Updated May 25.35 UT             3   0.01 21.1  2.051
C1EYPU5 100 2026 05 23.4  15.8615  +3.3273 22.9 Updated May 25.26 UT            11   1.87 24.2  1.037
C1EYD55  69 2026 05 23.3  15.7464 -13.5192 22.2 Updated May 25.35 UT            12   0.95 20.1  2.006
NAOCBPP  99 2026 05 20.7  14.9008 -20.8463 22.3 Updated May 25.35 UT             4   0.13 22.4  5.436
C46CD31 100 2026 05 21.4   1.5558  -2.9857 27.6 Updated May 25.35 UT             7   0.05 28.6  4.843
ST26ED1  98 2026 05 21.2   1.7299 -14.5281 28.0 Updated May 25.35 UT            20   0.16 30.2  4.901
ST26EC8  98 2026 05 20.4  21.8377 -30.9998 23.3 Updated May 25.35 UT             6   0.14 28.6  5.849
ST26EC7  98 2026 05 20.4   2.4805  -8.3872 30.2 Updated May 25.35 UT             6   0.11 30.3  5.855
P12nfaz  43 2026 05 20.3  13.2162 -27.5141 22.0 Updated May 24.34 UT            12   2.87 18.3  3.094
NAOCAN7 100 2026 05 17.7  15.2837 -21.9088 21.0 Updated May 24.34 UT             4   0.10 19.9  8.433
KPMa1Ih  87 2026 05 18.1  11.1260 -28.2612 23.5 Updated May 24.34 UT             5   0.01 20.8  8.183
CEMVK32  53 2026 05 17.4  16.4471  +8.1772 21.7 Updated May 26.27 UT            52  11.97 20.1  1.881
P12neKs  35 2026 05 14.6  18.0042 +56.8876 19.9 Updated May 26.26 UT           170  11.44 15.1  0.269
