Sar2899 100 2026 05 22.0  16.3044 +11.9296 20.6 Updated May 22.05 UT            12   0.05 29.5  0.164
CZYNHKZ 100 2026 05 14.4  16.3865  +2.5206 21.4 Updated May 22.04 UT             4   0.02 22.8  7.814
P22nfmx  84 2026 05 21.3  14.3965  +1.5045 21.1 Updated May 22.19 UT            21   0.99 24.6  0.016
C46CD31 100 2026 05 21.4  20.7973  -5.7610 19.4 Updated May 21.45 UT             5   0.05 28.5  0.758
ST26ED8  93 2026 05 21.3  17.8139 +13.7646 20.3 Updated May 21.95 UT            18   0.61 25.9  0.258
ST26ED1  98 2026 05 21.2  23.5281 -19.8084 20.8 Updated May 21.71 UT            20   0.16 30.2  0.816
TF26EE0 100 2026 05 20.5  16.4186  +8.7705 22.6 Updated May 20.74 UT             4   0.02 28.7  1.717
ST26EC8  98 2026 05 20.4  18.6107 -20.8801 20.1 Updated May 21.71 UT             6   0.14 28.6  1.764
ST26EC7  98 2026 05 20.4   2.2770  -8.2953 27.6 Updated May 21.71 UT             6   0.11 30.2  1.770
ST26EC5 100 2026 05 20.3  16.1186 -12.9078 19.1 Updated May 20.59 UT             4   0.03 24.6  1.862
P12nfgD  10 2026 05 20.4  15.9616  -7.4835 21.8 Updated May 21.76 UT            28 5292.06 20.0  0.788
P12nffX  10 2026 05 20.5  16.3740 -20.8358 21.6 Updated May 21.77 UT            12   6.91 18.9  0.831
P12nffV  45 2026 05 20.5  16.5017 -18.8636 20.6 Updated May 22.02 UT            19   2.70 20.3  0.193
P12nfaz  48 2026 05 20.3  13.2470 -28.2854 22.0 Updated May 22.18 UT            10   1.84 18.4  0.033
P22nfat  20 2026 05 20.4  16.1859 +21.4961 22.1 Updated May 21.73 UT            25 622.93 19.6  0.770
NAOCAN7 100 2026 05 17.7  15.2767 -21.8023 20.8 Updated May 21.35 UT             4   0.10 19.6  4.349
KPMa1Ih  87 2026 05 18.1  11.1252 -26.4841 23.3 Updated May 21.35 UT             5   0.01 20.8  4.098
CEMVK32  35 2026 05 17.4  16.7476 +10.1341 21.6 Updated May 21.47 UT            47   9.02 20.1  0.743
P12neKs  35 2026 05 14.6  18.1409 +57.4111 20.0 Updated May 22.02 UT           121   7.45 15.2  0.182
