A11Cvk7 100 2026 05 16.9  14.1880 -73.5075 19.6 Added May 16.99 UT               4   0.03 21.5  0.224
CEMRK82  79 2026 05 16.5  21.5339  -9.8469 21.6 Added May 16.49 UT               3   0.01 17.7  0.689
6EF1B21  99 2026 05 16.2  15.2967 -17.7969 20.1 Added May 16.40 UT               3   0.01 21.4  0.965
ST26E98  88 2026 05 16.3  18.7403 +26.1815 21.0 Updated May 16.79 UT            17   1.12 29.0  0.689
CEMK452  84 2026 05 16.3  14.2894  -4.5803 21.5 Updated May 17.04 UT            16   0.75 22.2  0.122
CEMEEG2  91 2026 05 16.2  12.3512  -9.3759 20.9 Updated May 17.01 UT            20   0.77 24.5  0.185
A11Cswo 100 2026 05 16.0  17.2598 -23.6495 18.8 Added May 16.13 UT               4   0.02 20.7  1.151
ZTF10Du 100 2026 05 15.3  16.3042 -34.2159 18.5 Added May 15.45 UT               4   0.03 26.1  1.854
ST26E84  98 2026 05 15.4  15.1576 +10.7828 20.3 Updated May 16.23 UT             6   0.47 26.4  1.263
ST26E76  86 2026 05 15.2  14.2618  +8.4616 22.7 Updated May 16.22 UT            17   0.93 30.7  0.986
ST26E75  98 2026 05 15.2   2.4257 -30.7360 24.0 Updated May 16.82 UT             7   0.09 28.6  1.833
P12neKs  91 2026 05 14.6  18.2989 +57.8626 20.2 Updated May 17.12 UT            42   2.46 15.3  0.123
P12nc1c  84 2026 05 14.5  16.7520  -6.0833 21.7 Updated May 16.36 UT            28   1.87 20.1  0.796
RFD0300 100 2026 05 13.0  19.5082 -44.5698 24.6 Updated May 16.38 UT             2   0.00 29.8  4.122
CEMAUH2 100 2026 05 14.4  16.1905  -6.5067 21.3 Updated May 16.38 UT             6   0.07 23.9  2.710
ST26E61 100 2026 05 14.3  16.6353  +0.6745 23.2 Updated May 16.38 UT             6   0.05 29.0  2.786
MZ26075 100 2026 05 13.8  16.7834  -1.3572 22.3 Updated May 16.37 UT             3   0.01 27.4  3.330
A11CmCW 100 2026 05 13.3   6.1420 -72.4576 20.6 Updated May 16.38 UT             4   0.02 24.8  3.778
A11CmCS 100 2026 05 13.3  17.1151 -31.9058 20.2 Updated May 16.38 UT             4   0.04 25.4  3.836
OCA1642  84 2026 05 13.1  13.7205 -31.3289 19.4 Updated May 16.37 UT             3   0.02 14.0  4.025
CEM26R2  10 2026 05 12.4  16.5471 +15.2924 20.7 Updated May 16.91 UT            35   5.35 17.1  0.250
CEM1XD2  16 2026 05 12.3  14.4525 +17.1259 22.2 Updated May 16.38 UT            22   7.84 19.2  1.992
S001563  73 2026 05 07.0  12.9810 -27.1879 21.6 Updated May 16.37 UT             3   0.03 18.3 10.075
C1EUYV5  35 2026 04 27.5  17.2391 +18.8851 21.9 Updated May 16.81 UT            36 300.17 12.8  0.691
