ZTF10Ek 100 2026 07 10.3  17.4863  +7.5497 18.9 Added July 10.58 UT              4   0.01 24.3  0.494
OCA1648  99 2026 07 10.2  19.2369 -31.7017 18.8 Added July 10.46 UT              3   0.02 17.3  0.586
A11Evr9 100 2026 07 10.0  22.7373 -55.8181 18.5 Added July 10.39 UT              7   0.03 23.3  0.719
TF26G22 100 2026 07 10.3  20.6789  +9.9484 19.7 Added July 10.37 UT              2   0.00 25.3  0.487
ST26G18 100 2026 07 10.3  21.2160 +24.1494 19.9 Updated July 10.38 UT            4   0.02 25.7  0.460
ST26G17 100 2026 07 10.3  20.7298  +9.2219 20.0 Added July 10.37 UT              2   0.00 26.3  0.503
CEQKE72  99 2026 07 10.3  16.2254 +11.5683 21.4 Updated July 10.33 UT            7   0.05 19.4  0.485
A11Evap 100 2026 07 09.9  19.8000 -39.0434 19.5 Updated July 10.52 UT            7   0.27 21.2  0.596
P12o0YY  99 2026 07 09.5  20.8114 -22.2172 21.0 Updated July 9.68 UT             6   0.08 18.4  1.248
CEQJF02  98 2026 07 09.3  22.3924 +14.6275 20.8 Updated July 10.34 UT           11   0.63 27.2  0.821
P12o0Y1 100 2026 07 08.5  20.3302 -29.9933 21.3 Updated July 10.65 UT           12  18.41 22.4  0.827
P12nXce 100 2026 07 08.5  21.8990 -32.3279 21.1 Updated July 9.54 UT             9   1.02 21.5  1.264
P12nXcA  80 2026 07 08.5  21.1021 -26.8487 20.0 Updated July 10.49 UT           15   1.76 22.7  0.531
P12nXcf 100 2026 07 08.5  20.9749 -19.1768 21.3 Updated July 10.65 UT           17   1.02 24.0  1.260
A11Eq8v 100 2026 07 07.9  21.8400 -41.0585 18.5 Updated July 10.15 UT           10   2.05 25.4  0.821
A11EpSe 100 2026 07 08.2  19.6635 -29.9192 19.4 Updated July 10.23 UT           10   0.83 19.2  1.782
W2nCdO   79 2026 07 07.4  19.1206 -24.4784 23.6 Updated July 9.49 UT            14  19.01 26.6  1.367
ST26G01  98 2026 07 07.2  20.2557 -57.0803 21.1 Updated July 9.23 UT            14   0.10 27.0  3.441
P22nTNT  10 2026 07 06.5  18.3081 +17.7709 21.0 Updated July 9.42 UT            24   2.71 19.0  1.618
P22nTLB  21 2026 07 06.3  17.7021  +7.9246 22.2 Updated July 9.42 UT            20   2.87 19.6  1.611
8N8R001 100 2026 07 05.9   5.2927  -2.4567 29.4 Updated July 9.23 UT             3   0.01 29.3  4.875
MAS0006  35 2026 06 19.3  18.3656 +23.8946 20.0 Updated July 10.32 UT          137  20.67  9.0  0.815
OMO0297  87 2026 06 25.8  23.6444  +3.8114 21.9 Updated July 10.23 UT           12  12.63 20.1  2.337
P22nJzF  35 2026 06 22.5  22.5207 +18.9493 21.6 Updated July 10.42 UT           23  25.46 14.1  0.783
