A11CvyY 100 2026 05 17.4  14.1846 -24.4629 19.3 Updated May 17.49 UT             8   0.04 21.9  0.167
CEMVK32  98 2026 05 17.4  17.1302 +12.3486 21.7 Updated May 17.51 UT            14   0.11 19.4  0.095
CEMVGV2  98 2026 05 17.3  16.1445 +11.3964 19.9 Updated May 17.55 UT            21   0.20 25.9  0.029
CEMV1Q2  98 2026 05 17.3  15.1804  +7.6942 20.9 Updated May 17.44 UT            16   0.13 26.3  0.138
CEMUUC2 100 2026 05 17.3  14.4767  +9.5152 20.5 Updated May 17.39 UT            14   0.10 25.6  0.184
A11Cvk7 100 2026 05 16.9  14.0246 -73.2321 19.6 Added May 16.99 UT               4   0.03 21.5  0.641
CEMRK82  84 2026 05 16.5  21.5457  -9.9254 21.6 Added May 16.49 UT               3   0.01 17.7  1.105
6EF1B21  97 2026 05 16.2  15.3625 -17.5573 19.6 Updated May 17.34 UT            10   1.16 26.3  0.238
ST26E98  86 2026 05 16.3  19.2419 +31.5771 21.5 Updated May 17.34 UT            17   1.63 29.0  0.597
CEMK452  77 2026 05 16.3  14.2957  -4.5136 21.5 Updated May 17.33 UT            24   1.03 22.1  0.256
A11Cswo 100 2026 05 16.0  17.2381 -23.5427 18.6 Updated May 17.33 UT             4   0.02 22.1  1.568
ZTF10Du 100 2026 05 15.3  16.6546 -35.5691 18.9 Updated May 17.33 UT             4   0.03 26.4  2.271
ST26E84  98 2026 05 15.4  15.2502 +10.7677 20.4 Updated May 17.33 UT             6   0.47 26.4  1.680
ST26E76  74 2026 05 15.2  14.2263  +8.6809 23.1 Updated May 17.28 UT            17   2.00 30.8  0.333
ST26E75  98 2026 05 15.2   2.4668 -27.0567 25.0 Updated May 16.82 UT             7   0.09 28.6  2.250
P12neKs  91 2026 05 14.6  18.2864 +57.8329 20.3 Updated May 17.36 UT            48   2.50 15.4  0.498
P12nc1c  82 2026 05 14.5  16.7404  -5.9571 21.7 Updated May 17.45 UT            31   2.96 20.2  0.122
RFD0300 100 2026 05 13.0  19.5611 -44.6833 24.8 Updated May 16.38 UT             2   0.00 29.8  4.539
CEMAUH2 100 2026 05 14.4  16.1401  -8.1281 21.2 Updated May 16.38 UT             6   0.07 23.9  3.127
ST26E61 100 2026 05 14.3  16.6603  +0.6995 23.4 Updated May 16.38 UT             6   0.05 29.0  3.203
MZ26075 100 2026 05 13.8  16.7987  -1.0724 22.5 Updated May 16.37 UT             3   0.01 27.4  3.747
A11CmCW 100 2026 05 13.3   6.2194 -72.0198 20.8 Updated May 16.38 UT             4   0.02 24.8  4.195
A11CmCS 100 2026 05 13.3  17.1651 -31.2616 20.3 Updated May 16.38 UT             4   0.04 25.4  4.253
OCA1642  84 2026 05 13.1  13.7139 -31.3514 19.4 Updated May 16.37 UT             3   0.02 14.0  4.441
CEM26R2  10 2026 05 12.4  16.5391 +15.2631 20.5 Updated May 17.49 UT            38   5.52 17.0  0.499
CEM1XD2  11 2026 05 12.3  14.4441 +17.0595 22.3 Updated May 17.20 UT            25   9.86 19.3  0.384
S001563  73 2026 05 07.0  12.9803 -27.2058 21.7 Updated May 16.37 UT             3   0.03 18.3 10.492
C1EUYV5  35 2026 04 27.5  17.2333 +18.9051 21.9 Updated May 16.81 UT            36 300.17 12.8  1.108
