TF26EE0 100 2026 05 20.5  16.6332  +8.3710 20.1 Updated May 20.74 UT             4   0.02 28.7  0.299
TF26ED8 100 2026 05 20.5  16.4342  +2.3156 18.2 Added May 20.66 UT               2   0.00 24.3  0.319
ST26EC8 100 2026 05 20.4  15.9577  +0.0686 18.6 Updated May 20.66 UT             4   0.02 27.1  0.346
ST26EC7 100 2026 05 20.4  20.0404  +3.7491 16.7 Updated May 20.60 UT             4   0.01 29.5  0.352
ST26EC5 100 2026 05 20.3  17.2676  -4.1585 19.0 Updated May 20.59 UT             4   0.03 24.6  0.444
P12nfgD  86 2026 05 20.4  15.9999  -7.2113 21.6 Updated May 20.69 UT             6   0.14 20.1  0.207
P12nffX  10 2026 05 20.5  16.3991 -20.7020 21.7 Updated May 20.69 UT             5   0.08 14.9  0.210
P12nfdO  94 2026 05 20.5  16.2647 -22.8839 21.5 Updated May 20.69 UT             5   0.09 28.9  0.212
P12nffV  69 2026 05 20.5  16.5085 -19.4636 20.6 Updated May 20.70 UT             6   0.09 18.0  0.209
P12nfdQ  98 2026 05 20.4  15.6312 -15.7682 19.7 Updated May 20.69 UT             5   0.12 27.9  0.213
P22nfcp 100 2026 05 20.4  16.9425  +3.7599 21.1 Updated May 20.70 UT             7   0.16 22.2  0.204
P22nfcS  83 2026 05 20.4  16.9182  +2.2088 20.6 Updated May 20.70 UT             7   0.16 17.4  0.204
P12nfck  98 2026 05 20.4  14.2712 -25.3336 19.1 Updated May 20.69 UT             6   0.11 26.1  0.292
P12nfaz  80 2026 05 20.3  13.2594 -28.5535 21.9 Updated May 20.70 UT             5   0.13 14.5  0.329
P22nfat  74 2026 05 20.4  16.2100 +21.3402 21.8 Updated May 20.69 UT             5   0.22 14.4  0.201
P22nfau  10 2026 05 20.4  16.7723 +17.0074 21.6 Updated May 20.74 UT            27 4141.33 19.4  0.200
P22nfad 100 2026 05 20.4  16.9643 +20.0536 21.0 Updated May 20.69 UT             5   0.22 25.5  0.199
CEN5QX2  91 2026 05 19.4  16.2071 -14.8697 20.6 Updated May 20.52 UT            21   1.02 25.4  0.366
A11CGDH 100 2026 05 19.2  16.4018 -71.6456 19.0 Updated May 20.02 UT             7   0.76 22.0  0.801
A11CGDI  86 2026 05 19.2  17.2419 -44.4912 18.7 Updated May 20.63 UT            24   1.40 21.4  0.198
NAOCAN7 100 2026 05 17.7  15.2750 -21.7594 20.7 Updated May 20.34 UT             4   0.10 20.1  2.931
KPMa1Ih  87 2026 05 18.1  11.1285 -25.8280 23.2 Updated May 20.34 UT             5   0.01 20.8  2.680
A11CDyX  71 2026 05 18.0  10.9187 -31.7239 19.6 Updated May 20.78 UT            22   2.72 20.6  0.012
CEMVK32  35 2026 05 17.4  16.8603 +10.8170 21.6 Updated May 20.52 UT            41   7.48 20.1  0.869
A11Cvk7 100 2026 05 16.9  13.1189 -70.7172 19.9 Updated May 20.34 UT             4   0.03 22.4  3.853
CEMRK82  84 2026 05 16.5  21.6365 -10.5696 21.5 Updated May 20.34 UT             3   0.01 17.4  4.318
A11Cswo 100 2026 05 16.0  17.0556 -22.8752 18.5 Updated May 20.62 UT             6   0.92 16.3  3.881
ST26E75  98 2026 05 15.2   2.5336 -20.6147 27.8 Updated May 20.34 UT             7   0.09 28.6  5.462
P12neKs  35 2026 05 14.6  18.1866 +57.5588 20.0 Updated May 20.37 UT           101   5.47 15.2  0.737
CEMAUH2 100 2026 05 14.4  15.7862 -18.9491 21.1 Updated May 20.34 UT             6   0.07 23.9  6.339
