ST26EB8 100 2026 05 19.4  16.7953 +10.4197 19.7 Updated May 20.29 UT            14   0.52 25.5  0.349
CEN5QX2 100 2026 05 19.4  16.1595 -15.0445 20.4 Updated May 20.02 UT            15   0.54 25.2  0.388
A11CGDH 100 2026 05 19.2  16.3304 -72.0236 19.1 Updated May 20.02 UT             7   0.76 22.0  0.343
A11CGDI  96 2026 05 19.2  17.1814 -45.1019 18.8 Updated May 20.26 UT            21   0.88 21.5  0.257
NAOCAN7 100 2026 05 17.7  15.2743 -21.7474 20.6 Added May 19.07 UT               4   0.10 19.6  2.472
KPMa1Ih  87 2026 05 18.1  11.1303 -25.6126 23.2 Added May 18.68 UT               5   0.01 21.2  2.222
A11CDyX  83 2026 05 18.0  10.8911 -32.0706 19.6 Updated May 20.30 UT            19   1.92 20.6  0.352
CEMVK32  35 2026 05 17.4  16.8976 +11.0373 21.6 Updated May 19.63 UT            38   7.00 20.1  0.889
A11Cvk7 100 2026 05 16.9  13.1052 -70.6865 19.5 Updated May 18.37 UT             4   0.03 22.7  3.395
CEMRK82  84 2026 05 16.5  21.6236 -10.4698 21.5 Updated May 18.37 UT             3   0.01 17.3  3.859
A11Cswo 100 2026 05 16.0  17.0724 -22.8613 18.3 Updated May 18.37 UT             4   0.02 20.9  4.322
ST26E75  98 2026 05 15.2   2.5297 -20.9471 27.6 Updated May 18.37 UT             7   0.09 28.6  5.004
P12neKs  35 2026 05 14.6  18.2012 +57.6029 20.1 Updated May 20.26 UT            98   5.47 15.2  0.285
CEMAUH2 100 2026 05 14.4  15.8285 -17.7476 21.1 Updated May 18.39 UT             6   0.07 23.9  5.881
