CEMVK32 100 2026 05 17.4  17.1413 +12.4098 21.8 Updated May 17.42 UT             6   0.04 22.9  0.033
CEMVGV2 100 2026 05 17.3  16.1709 +10.7992 20.1 Updated May 17.42 UT            11   0.08 26.1  0.025
CEMV1Q2  98 2026 05 17.3  15.1517  +7.7696 20.9 Updated May 17.44 UT            16   0.13 26.3  0.013
CEMUUC2  98 2026 05 17.3  14.4803  +8.9197 20.5 Updated May 17.39 UT            14   0.10 25.6  0.059
A11Cvk7 100 2026 05 16.9  14.0731 -73.3182 19.6 Added May 16.99 UT               4   0.03 21.5  0.516
CEMRK82  79 2026 05 16.5  21.5422  -9.9017 21.6 Added May 16.49 UT               3   0.01 17.7  0.980
6EF1B21  97 2026 05 16.2  15.3503 -17.6185 19.6 Updated May 17.34 UT            10   1.16 26.3  0.113
ST26E98  86 2026 05 16.3  19.0985 +30.1348 21.3 Updated May 17.34 UT            17   1.63 29.0  0.472
CEMK452  77 2026 05 16.3  14.2938  -4.5334 21.5 Updated May 17.33 UT            24   1.03 22.1  0.131
A11Cswo 100 2026 05 16.0  17.2450 -23.5714 18.6 Updated May 17.33 UT             4   0.02 22.1  1.443
ZTF10Du 100 2026 05 15.3  16.5949 -35.3335 18.8 Updated May 17.33 UT             4   0.03 26.4  2.146
ST26E84  98 2026 05 15.4  15.2237 +10.7729 20.4 Updated May 17.33 UT             6   0.47 26.4  1.555
ST26E76  74 2026 05 15.2  14.2358  +8.6229 23.0 Updated May 17.28 UT            17   2.00 30.8  0.208
ST26E75  98 2026 05 15.2   2.4574 -27.9235 24.8 Updated May 16.82 UT             7   0.09 28.6  2.125
P12neKs  91 2026 05 14.6  18.2901 +57.8420 20.3 Updated May 17.36 UT            48   2.50 15.4  0.373
P12nc1c 100 2026 05 14.5  16.7439  -5.9950 21.7 Updated May 16.36 UT            28   1.87 20.1  1.088
RFD0300 100 2026 05 13.0  19.5462 -44.6519 24.7 Updated May 16.38 UT             2   0.00 29.8  4.414
CEMAUH2 100 2026 05 14.4  16.1551  -7.6484 21.3 Updated May 16.38 UT             6   0.07 23.9  3.002
ST26E61 100 2026 05 14.3  16.6534  +0.6929 23.3 Updated May 16.38 UT             6   0.05 29.0  3.078
MZ26075 100 2026 05 13.8  16.7944  -1.1526 22.4 Updated May 16.37 UT             3   0.01 27.4  3.622
A11CmCW 100 2026 05 13.3   6.1979 -72.1441 20.7 Updated May 16.38 UT             4   0.02 24.8  4.070
A11CmCS 100 2026 05 13.3  17.1508 -31.4469 20.3 Updated May 16.38 UT             4   0.04 25.4  4.128
OCA1642  84 2026 05 13.1  13.7159 -31.3447 19.4 Updated May 16.37 UT             3   0.02 14.0  4.316
CEM26R2  10 2026 05 12.4  16.5415 +15.2720 20.6 Updated May 16.91 UT            35   5.35 17.1  0.541
CEM1XD2  11 2026 05 12.3  14.4466 +17.0795 22.3 Updated May 17.20 UT            25   9.86 19.3  0.259
S001563  73 2026 05 07.0  12.9805 -27.2004 21.7 Updated May 16.37 UT             3   0.03 18.3 10.367
C1EUYV5  35 2026 04 27.5  17.2350 +18.8991 21.9 Updated May 16.81 UT            36 300.17 12.8  0.983
