P22ooOw  97 2026 07 16.3  17.7288 +55.2075 22.2 Added July 16.44 UT              4   0.04 19.4  0.093
P12ooOz 100 2026 07 16.3  15.8786 +20.5822 21.3 Updated July 16.43 UT            3   0.02 23.9  0.084
P12ooOy 100 2026 07 16.3  15.1820 +18.0275 22.3 Updated July 16.43 UT            4   0.04 21.7  0.078
P22ooOt  85 2026 07 16.4  20.9097 +15.6895 22.2 Added July 16.43 UT              3   0.02 21.8  0.061
P22ooOs 100 2026 07 16.4  20.5963 +10.4754 21.6 Added July 16.43 UT              3   0.02 16.8  0.063
ST26G49 100 2026 07 16.4  18.1447  +3.0091 18.4 Updated July 16.43 UT            4   0.04 27.4  0.049
ST26G48 100 2026 07 16.4  17.6948  +9.2729 18.8 Updated July 16.42 UT            4   0.01 25.5  0.090
ST26G46 100 2026 07 16.3  21.7468  -1.4493 18.5 Updated July 16.32 UT            4   0.02 23.4  0.149
orA4471 100 2026 07 15.9  16.2406 -18.1782 19.8 Added July 16.21 UT              3   0.01 20.0  0.566
X89848   77 2026 07 14.8  22.0969 -13.0528 19.7 Added July 16.07 UT              3   0.03 15.4  1.673
A11EJqb 100 2026 07 15.1   3.3166 -20.5162 18.8 Added July 15.63 UT              4   0.02 13.9  1.308
P12onSk  79 2026 07 15.5  22.3069 -32.2419 21.0 Added July 15.59 UT              3   0.04 17.9  0.914
P12onSi  74 2026 07 15.5  22.0072 -23.9207 20.8 Updated July 15.64 UT            6   0.09 18.4  0.862
P12onSj 100 2026 07 15.5  22.7730 -28.6586 21.0 Updated July 15.64 UT            6   0.08 18.9  0.863
ZTF10Ep 100 2026 07 15.3   1.9362 -10.7786 19.6 Added July 15.58 UT              4   0.04 26.9  1.080
P12onRT 100 2026 07 15.4  20.4313 -39.8369 19.8 Updated July 16.23 UT            8   0.68 20.8  0.338
W2onRQ  100 2026 07 15.4  19.9625 -26.1905 19.8 Added July 15.55 UT              4   0.00 26.5  1.033
P12onRm  91 2026 07 15.4  19.6843 -24.7812 20.9 Updated July 15.63 UT            5   0.13 20.5  0.944
ST26G39  91 2026 07 15.2  18.1618 +33.0587 20.7 Updated July 16.40 UT           21   0.95 25.9  0.279
XA9yiXA  10 2026 07 14.7  19.6338  -5.3610 20.0 Updated July 16.21 UT           46 2459.97 19.4  0.252
P12onNw  35 2026 07 14.3  17.5169  -1.7573 20.6 Updated July 15.87 UT           17   3.16 12.1  1.038
P12onNt 100 2026 07 14.4  19.9779 -30.2715 20.0 Updated July 16.44 UT           10   1.85 25.2  0.194
P12omkz 100 2026 07 14.4  20.5775 -34.6451 21.3 Updated July 15.56 UT           13   6.97 23.9  1.024
P12omkc  78 2026 07 14.4  19.6448 -37.9014 20.9 Updated July 16.23 UT            4   0.02 20.6  2.020
P12o4vO 100 2026 07 11.6   9.8948 -10.0939 26.8 Updated July 15.23 UT            3   0.01 26.0  4.858
ZTF10El 100 2026 07 11.3   0.8080  -3.1037 23.3 Updated July 15.23 UT            4   0.02 27.8  5.119
ZTF10En 100 2026 07 11.4   9.9202 -25.9799 29.1 Updated July 15.23 UT            2   0.00 29.7  5.055
A11EvW0 100 2026 07 11.3  20.8125 -24.3955 20.2 Updated July 15.23 UT            4   0.02 24.7  5.182
TF26G22 100 2026 07 10.3   7.7509 -18.2992 29.3 Updated July 16.23 UT            2   0.00 28.2  6.153
ST26G01  98 2026 07 07.2  22.1803 -62.4773 23.3 Updated July 15.23 UT           14   0.10 27.0  9.107
P22nJzF  35 2026 06 22.5  22.4241 +18.5534 21.5 Updated July 16.01 UT           26 300.05 14.1  1.018
