P12nc1w 100 2026 05 14.5  16.2171  -5.7195 20.9 Added May 14.58 UT               4   0.04 23.6  0.173
P12nc1d 100 2026 05 14.5  16.9299  -5.4150 21.3 Added May 14.58 UT               3   0.04 22.8  0.168
P12nc1c 100 2026 05 14.5  16.8177  -6.8146 21.8 Added May 14.58 UT               4   0.04 22.6  0.169
RFD0300 100 2026 05 13.0  23.2680 -38.0020 23.5 Added May 14.52 UT               2   0.00 29.5  1.663
P12nc08 100 2026 05 14.4  15.9912 -18.5775 21.0 Added May 14.52 UT               3   0.02 17.5  0.224
CEMAUH2 100 2026 05 14.4  16.5223  +4.3471 21.3 Updated May 14.46 UT             6   0.07 24.0  0.250
CEMAY32 100 2026 05 14.4  16.7345  +4.2078 20.3 Updated May 14.47 UT             9   0.07 23.8  0.228
C46A061  98 2026 05 14.4  15.1014  -4.3077 17.8 Updated May 14.61 UT            19   0.16 30.5  0.152
CEMANR2  98 2026 05 14.4  16.3623  +3.7836 19.8 Updated May 14.67 UT            14   0.29 21.2  0.036
C469ZZ1  98 2026 05 14.4  14.0472  +7.5680 17.5 Updated May 14.50 UT            21   0.13 26.9  0.204
ST26E67  98 2026 05 14.3  16.0641  +0.1572 19.6 Updated May 14.66 UT            11   0.30 30.0  0.070
CEMA5R2 100 2026 05 14.3  15.5266  +6.6618 20.1 Updated May 14.67 UT            16   0.15 23.8  0.215
ST26E61 100 2026 05 14.3  16.0678  -0.0540 20.3 Updated May 14.37 UT             6   0.05 28.7  0.326
CEM9MQ2  98 2026 05 14.3  14.8919  +1.3905 20.3 Updated May 14.41 UT             8   0.09 28.6  0.289
CEM9DH2 100 2026 05 14.3  14.9561  +1.1080 20.7 Updated May 14.42 UT            10   0.10 24.3  0.282
CEM9AR2  98 2026 05 14.3  14.9068  +1.6668 21.5 Updated May 14.40 UT             8   0.09 26.1  0.297
ST26E59 100 2026 05 14.3  15.2076  -1.6110 20.0 Updated May 14.38 UT            14   0.07 26.8  0.319
ST26E57 100 2026 05 14.3  15.1201  -3.3930 19.2 Updated May 14.33 UT             8   0.05 27.0  0.365
CEM83E2 100 2026 05 14.3  14.0293  +0.9307 20.6 Updated May 14.36 UT             6   0.09 24.4  0.340
CEM7YT2 100 2026 05 14.3  13.2961  +2.3446 20.0 Updated May 14.36 UT             8   0.09 21.7  0.337
ST26E52 100 2026 05 14.2  13.6077  +6.2496 19.9 Updated May 14.38 UT             9   0.09 25.9  0.353
MZ26075 100 2026 05 13.8  16.7160  -2.0244 19.5 Added May 14.13 UT               3   0.01 25.1  0.870
A11CmCW 100 2026 05 13.3   4.6416 -77.5640 19.0 Added May 13.75 UT               4   0.02 24.5  1.318
A11CmCS 100 2026 05 13.3  16.5536 -38.1479 19.1 Added May 13.75 UT               4   0.04 25.4  1.377
OCA1642  84 2026 05 13.1  13.7604 -31.1850 19.4 Added May 13.56 UT               3   0.02 13.4  1.565
P22nay8  22 2026 05 13.4  15.7506  -2.0229 21.8 Updated May 14.59 UT            16  18.97 20.1  0.203
P22nawA  78 2026 05 13.4  15.1882  -3.1400 21.2 Updated May 14.59 UT            33  16.14 24.7  0.243
A11Cmv6 100 2026 05 13.0   8.5531 -50.4285 18.8 Updated May 14.10 UT            10   0.91 18.6  0.728
P22n4V7  84 2026 05 12.4  14.3607 -19.4599 22.0 Updated May 14.51 UT            29   2.05 21.3  0.253
P22n4V6  79 2026 05 12.4  13.9101 -23.0006 21.7 Updated May 14.50 UT            37   2.01 23.6  0.295
P22n4PC  55 2026 05 12.4  13.9676 -13.2956 20.6 Updated May 14.21 UT            17   1.83 21.0  0.500
CEM26R2  13 2026 05 12.4  16.5930 +15.4416 20.6 Updated May 14.25 UT            21   2.69 17.0  0.453
CEM1XD2  13 2026 05 12.3  14.5029 +17.4946 22.2 Updated May 14.22 UT            20   6.88 19.2  0.483
SO0005e 100 2026 05 11.7   0.0720  +5.2035 26.4 Updated May 14.35 UT             3   0.00 28.9  2.981
SO0005d 100 2026 05 11.7  19.0002 -25.2921 21.6 Updated May 14.34 UT             4   0.00 28.2  2.980
SO0005c 100 2026 05 11.7  22.4528 -30.7783 23.2 Updated May 14.34 UT             3   0.00 28.6  3.034
SO0005b 100 2026 05 11.6  22.8759  -9.2349 22.2 Updated May 14.34 UT             3   0.00 26.6  3.045
CELXZH2 100 2026 05 11.3  14.7547 +24.3222 22.3 Updated May 14.35 UT             3   0.01 25.0  3.344
ST26E34 100 2026 05 10.5  14.8642 +18.5213 24.3 Updated May 14.35 UT             2   0.00 28.6  4.231
6E94521  10 2026 05 10.4  19.6614 -63.9343 19.5 Updated May 14.42 UT            44   4.03 19.0  0.296
CELRZD2 100 2026 05 09.2  12.3935 +37.0164 22.8 Updated May 14.34 UT             8   0.10 23.0  5.344
ST26E14 100 2026 05 08.4  13.3136  -2.7761 18.2 Updated May 14.35 UT             2   0.00 17.3  6.267
P22n0fQ  97 2026 05 07.4  15.0149 +10.8597 21.7 Updated May 13.34 UT             3   0.04 23.4  7.285
S001563  73 2026 05 07.0  12.9831 -27.0855 21.5 Updated May 14.34 UT             3   0.03 17.5  7.615
C1EUYV5  35 2026 04 27.5  17.2732 +18.7614 21.9 Updated May 14.43 UT            36 297.21 12.8  1.194
