ST26E47 100 2026 05 12.4  15.3145 -13.0060 18.5 Updated May 12.72 UT             4   0.01 23.7  0.299
P22n55t  78 2026 05 12.4  15.0461 -13.4268 21.2 Updated May 12.69 UT             6   0.10 19.9  0.190
P22n52K 100 2026 05 12.4  15.2209 -11.3941 21.0 Updated May 12.69 UT             6   0.10 24.1  0.189
P22n4V7 100 2026 05 12.4  14.4209 -20.1539 21.6 Updated May 12.68 UT             5   0.10 20.2  0.240
P22n4V6 100 2026 05 12.4  14.0258 -22.8424 21.7 Updated May 12.68 UT             6   0.10 21.5  0.241
P22n4V9  95 2026 05 12.4  14.4045 -16.4464 21.8 Updated May 12.69 UT             8   0.10 23.1  0.238
P22n4V8 100 2026 05 12.4  14.3708 -16.3528 21.2 Updated May 12.68 UT             6   0.09 25.7  0.238
CEM28F2 100 2026 05 12.4  17.4984 +15.7259 21.1 Updated May 12.47 UT             9   0.06 25.2  0.271
P22n4PE 100 2026 05 12.3  13.6728  -8.5585 20.2 Updated May 12.68 UT             6   0.10 25.3  0.293
P22n4PD 100 2026 05 12.4  13.7913  -9.0397 20.8 Updated May 12.68 UT             5   0.08 27.2  0.292
P22n4PC  69 2026 05 12.4  13.9727 -14.8212 20.6 Updated May 12.68 UT             5   0.08 20.2  0.296
P22n4PB  96 2026 05 12.3  13.6472 -10.2206 21.1 Updated May 12.68 UT             8   0.10 23.1  0.293
C469Q01  98 2026 05 12.4  16.6753  -3.2395 18.5 Updated May 12.61 UT            15   0.20 26.6  0.132
CEM26R2  67 2026 05 12.4  16.6280 +15.5326 20.6 Updated May 12.65 UT            10   0.22 16.9  0.122
C469P61 100 2026 05 12.4  16.0527  -6.2848 19.1 Updated May 12.44 UT            11   0.07 27.5  0.293
CEM1YU2  98 2026 05 12.3  15.1497 +10.8687 20.6 Updated May 12.43 UT            12   0.10 28.1  0.308
CEM20F2  98 2026 05 12.3  14.8253 +17.3845 22.0 Updated May 12.43 UT            12   0.10 27.0  0.305
CEM1XD2  75 2026 05 12.3  14.5444 +17.7584 22.0 Updated May 12.41 UT            11   0.11 17.1  0.318
ST26E41  98 2026 05 12.3  15.1464 -14.7678 19.0 Updated May 12.40 UT            12   0.11 28.7  0.341
CEM1R02 100 2026 05 12.3  13.6485 +16.9044 21.7 Updated May 12.42 UT            12   0.14 21.2  0.313
ST26E39 100 2026 05 12.2  12.9002 -20.6541 19.5 Updated May 12.26 UT            10   0.07 23.5  0.470
6EB3121 100 2026 05 12.0  10.3069  -9.9429 19.9 Updated May 12.18 UT             9   0.19 23.7  0.568
SO0005e 100 2026 05 11.7  22.0095 -17.6643 21.2 Added May 12.10 UT               3   0.00 28.8  1.022
SO0005d 100 2026 05 11.7  18.0708 -29.8107 19.4 Added May 12.10 UT               4   0.00 27.8  1.020
SO0005c 100 2026 05 11.7  20.2057 -36.6517 20.3 Added May 12.05 UT               3   0.00 28.5  1.074
SO0005b 100 2026 05 11.6  22.1572 -16.3423 19.5 Added May 12.04 UT               3   0.00 26.6  1.085
C469HY1  91 2026 05 11.4  18.5728 +32.9893 19.1 Updated May 12.67 UT            40   0.92 25.8  0.415
CELXZH2 100 2026 05 11.3  14.7879 +24.0980 22.7 Added May 11.37 UT               3   0.01 22.0  1.385
ST26E34 100 2026 05 10.5  14.8720 +17.9529 23.0 Updated May 12.32 UT             2   0.00 28.1  2.272
6E94521  84 2026 05 10.4  19.4688 -59.3425 19.5 Updated May 12.49 UT            28   2.04 19.0  0.330
XA9ttXA  77 2026 05 08.8  15.1000  +1.8858 22.5 Updated May 12.19 UT            16   3.41 21.8  0.564
ST26E18 100 2026 05 09.4  15.4986 -14.5168 23.2 Updated May 11.31 UT             4   0.00 30.1  3.366
CELRZD2 100 2026 05 09.2  12.4645 +36.3441 22.3 Updated May 12.32 UT             8   0.10 22.7  3.384
ZTF10Dl 100 2026 05 08.3  18.9330 -15.5233 21.5 Updated May 12.32 UT             4   0.03 26.9  4.364
ST26E14 100 2026 05 08.4  13.3423  -3.1311 18.2 Updated May 12.32 UT             2   0.00 19.8  4.308
P22n0vC  10 2026 05 08.3  14.7798  +9.6347 22.3 Updated May 12.45 UT            31   4.10 19.9  0.303
P22n0fQ  97 2026 05 07.4  15.0774 +10.0642 22.7 Updated May 11.31 UT             3   0.04 24.4  5.325
S001563  73 2026 05 07.0  12.9930 -26.9867 21.6 Updated May 12.31 UT             3   0.03 18.9  5.656
P22mZLU  66 2026 05 06.3  11.8388 -15.5590 21.0 Updated May 12.70 UT            19   5.55 20.7  0.907
A11BRI6  35 2026 05 03.0  11.1040 -39.0584 19.0 Updated May 12.68 UT            76   9.17 19.9  0.550
C1EUYV5  35 2026 04 27.5  17.3000 +18.6563 21.8 Updated May 12.54 UT            33  15.04 12.7  0.224
