C46CYH1 100 2026 05 26.3  16.2369  +4.8856 17.0 Updated May 26.35 UT       S     8   0.05 33.3  0.045
P12nfxd  98 2026 05 25.6  17.8315 +16.3343 21.9 Updated May 26.25 UT             9   1.79 22.6  0.137
P12nfwU  94 2026 05 25.5  16.9131 +14.5605 21.7 Updated May 26.28 UT            11   8.88 23.4  0.095
C1F32J5 100 2026 05 25.4  17.2033 +13.2761 21.9 Updated May 26.31 UT             7   0.85 23.5  0.067
C1F3245  75 2026 05 25.4  17.0150 +10.6159 22.9 Added May 25.48 UT               4   0.02 16.9  0.897
SJA1250 100 2026 05 24.9  16.8743 +61.4405 20.3 Added May 25.42 UT               3   0.03 17.5  1.398
C1F2X35  96 2026 05 25.4  16.3355  +1.1106 21.8 Updated May 26.18 UT            12   0.79 22.7  0.206
C1F2HL5 100 2026 05 25.4  16.3879 -11.5921 22.4 Updated May 25.43 UT             8   0.07 25.5  0.942
C1F2HK5  81 2026 05 25.4  16.1721 -11.9269 21.7 Updated May 26.35 UT            17   1.99 22.7  0.028
C1F1TD5 100 2026 05 25.3  15.7294  +4.7811 23.5 Updated May 26.35 UT             4   0.02 33.6  1.040
C03UYWZ 100 2026 05 23.4  16.7427 +12.1171 22.4 Updated May 26.16 UT             7   2.00 23.1  0.925
A11CUyv  94 2026 05 24.1  17.5844 -56.8049 19.2 Updated May 26.35 UT            17   1.97 19.1  0.256
P12nfw2  97 2026 05 24.6  21.0572  -3.7443 21.7 Updated May 26.34 UT             8   1.73 20.3  0.046
NAOCLYL  85 2026 05 23.8  15.9008 -19.4911 21.7 Updated May 26.35 UT             4   0.10 21.7  2.513
A11CQzo 100 2026 05 24.4  21.4403 -18.0329 20.1 Updated May 26.35 UT             5   0.05 29.8  1.934
oKr0080 100 2026 05 23.9  23.4886 +18.5484 20.2 Updated May 26.34 UT             3   0.00 17.1  2.479
C1F1535  97 2026 05 24.4  16.7577  +6.5119 22.4 Updated May 26.35 UT            11   0.87 23.3  1.083
C1F0TQ5  77 2026 05 24.4  15.8511  -8.4234 21.8 Updated May 26.20 UT            18   3.85 24.4  0.183
C1F0EU5  80 2026 05 24.3  15.4123 -10.0888 22.0 Updated May 26.33 UT            13   1.97 20.0  0.081
C1F0295  80 2026 05 24.3  15.3164  -7.0944 22.1 Updated May 26.10 UT            20   1.78 22.2  0.277
6EN3D21 100 2026 05 24.2  16.4799 -79.7450 18.7 Updated May 25.35 UT             3   0.01 21.1  2.134
C1EYPU5 100 2026 05 23.4  15.8630  +3.3394 22.8 Updated May 26.35 UT            11   1.87 24.1  1.120
C1EYD55  69 2026 05 23.3  15.7439 -13.5387 22.2 Updated May 25.35 UT            12   0.95 20.1  2.090
NAOCBPP  99 2026 05 20.7  14.9021 -20.8977 22.3 Updated May 25.35 UT             4   0.13 22.4  5.519
C46CD31 100 2026 05 21.4   1.5631  -2.9748 27.6 Updated May 25.35 UT             7   0.05 28.6  4.926
ST26ED1  98 2026 05 21.2   1.7332 -14.5144 28.1 Updated May 25.35 UT            20   0.16 30.2  4.984
ST26EC8  98 2026 05 20.4  21.8606 -31.0056 23.3 Updated May 25.35 UT             6   0.14 28.6  5.932
ST26EC7  98 2026 05 20.4   2.4816  -8.3851 30.2 Updated May 25.35 UT             6   0.11 30.3  5.938
P12nfaz  43 2026 05 20.3  13.2156 -27.4984 22.0 Updated May 26.35 UT            12   2.87 18.3  3.177
NAOCAN7 100 2026 05 17.7  15.2858 -21.9164 20.9 Updated May 26.35 UT             4   0.10 19.7  8.517
KPMa1Ih  87 2026 05 18.1  11.1261 -28.3614 23.5 Updated May 26.35 UT             5   0.01 20.9  8.266
CEMVK32  53 2026 05 17.4  16.4413  +8.1377 21.7 Updated May 26.27 UT            52  11.97 20.1  1.964
P12neKs  35 2026 05 14.6  18.0014 +56.8753 19.9 Updated May 26.32 UT           173  11.53 15.1  0.267
