P12nXcB  72 2026 07 08.5  21.3375 -30.9548 21.5 Added July 8.59 UT               3   0.04 20.5  0.083
P12nXce 100 2026 07 08.5  22.0390 -29.6759 21.1 Added July 8.58 UT               4   0.04 21.8  0.078
P12nXcA  94 2026 07 08.5  21.1978 -29.3277 21.0 Updated July 8.60 UT             4   0.04 22.7  0.084
P12nXcf 100 2026 07 08.5  21.0174 -22.7706 20.7 Added July 8.58 UT               3   0.02 24.9  0.085
P12nX9q 100 2026 07 08.4  16.5074  -7.2728 20.7 Added July 8.50 UT               4   0.04 15.8  0.220
ST26G06  98 2026 07 08.3  20.5138  -3.0321 19.7 Updated July 8.43 UT            10   0.09 26.4  0.202
ST26G05  98 2026 07 08.3  20.8355  +7.5165 18.6 Updated July 8.59 UT            15   0.31 26.6  0.050
A11Eq8v 100 2026 07 07.9  19.8443 -55.0081 19.4 Added July 8.30 UT               6   0.07 24.2  0.635
A11EpSe  99 2026 07 08.2  19.6856 -30.2537 19.5 Added July 8.27 UT               4   0.04 18.6  0.406
W2nCdO   81 2026 07 07.4  19.0719 -24.0789 23.3 Updated July 8.05 UT            11  17.03 26.6  1.185
A11EpRZ 100 2026 07 07.9  19.7924 -57.2010 19.0 Updated July 8.46 UT             9   0.51 23.0  0.189
ST26G01  98 2026 07 07.2  18.4381 -39.4944 19.4 Updated July 7.36 UT            14   0.10 27.0  1.274
P12nTOm  73 2026 07 06.5  20.4621  -0.5972 21.7 Updated July 8.46 UT            23   1.93 20.0  0.164
P22nTNT  10 2026 07 06.5  18.3299 +18.3701 21.0 Updated July 8.33 UT            19   1.86 19.0  0.301
P22nTLB  28 2026 07 06.3  17.7388  +8.5405 22.2 Updated July 8.15 UT            15   1.83 19.6  0.486
8N8R001 100 2026 07 05.9   5.2548  -0.8760 29.2 Updated July 7.23 UT             3   0.01 29.9  2.709
A11EfSk  86 2026 07 05.0  20.7700 -39.0805 18.2 Updated July 8.14 UT            21   2.91 21.5  0.693
MAS0006  35 2026 06 19.3  18.3796 +23.8524 20.1 Updated July 8.51 UT           117  19.13  9.1  0.187
CEQCZT2  84 2026 06 27.4  22.3957  +2.8237 20.8 Updated July 8.46 UT            41  11.00 20.6  0.176
OMO0297  82 2026 06 25.8  23.5717  +3.6498 21.9 Updated July 8.46 UT            12  12.63 20.1  0.170
P22nJzF  35 2026 06 22.5  22.5552 +19.0765 21.6 Updated July 8.59 UT            21  24.01 14.1  0.068
