A11CmCW 100 2026 05 13.3   2.1981 -79.0511 18.1 Added May 13.75 UT               4   0.02 24.5  0.526
A11CmCS 100 2026 05 13.3  16.1427 -41.7536 18.7 Added May 13.75 UT               4   0.04 25.4  0.585
OCA1642  79 2026 05 13.1  13.7733 -31.1412 19.4 Added May 13.56 UT               3   0.02 13.4  0.773
P22nay8  81 2026 05 13.4  15.7732  -1.8777 21.3 Added May 13.52 UT               3   0.02 22.9  0.444
P22nawA 100 2026 05 13.4  15.1517  -3.2109 21.0 Added May 13.52 UT               3   0.02 22.1  0.441
A11Cmv6 100 2026 05 13.0   8.6556 -50.7460 18.7 Updated May 13.51 UT             7   0.43 17.7  0.420
ST26E47  81 2026 05 12.4  14.9708 -23.9219 19.4 Updated May 13.69 UT            19   1.25 25.0  0.233
P22n4V7 100 2026 05 12.4  14.3850 -19.7424 21.8 Updated May 13.34 UT            12   0.95 21.1  0.563
P22n4V6  91 2026 05 12.4  13.9583 -22.9369 21.6 Updated May 13.32 UT            16   0.93 23.5  0.586
CEM28F2  88 2026 05 12.4  17.9445 +18.6408 20.5 Updated May 13.90 UT            18   1.48 24.6  0.012
P22n4PC  67 2026 05 12.4  13.9695 -13.9109 20.7 Updated May 13.03 UT             8   0.65 21.2  0.888
CEM26R2  25 2026 05 12.4  16.6073 +15.4811 20.6 Updated May 13.26 UT            16   1.45 17.0  0.906
CEM1XD2  23 2026 05 12.3  14.5196 +17.6045 22.2 Updated May 13.86 UT            18   6.19 19.2  0.384
CEM1R02  10 2026 05 12.3  13.5612 +16.9500 21.7 Updated May 13.87 UT            29  20.49 22.1  0.040
6EB3121  74 2026 05 12.0  10.3768 -15.8162 20.1 Updated May 13.86 UT            26  14.50 24.0  0.055
SO0005e 100 2026 05 11.7  23.8282  +2.3915 25.3 Updated May 13.34 UT             3   0.00 28.9  2.190
SO0005d 100 2026 05 11.7  18.7192 -26.8500 20.9 Updated May 13.34 UT             4   0.00 28.3  2.188
SO0005c 100 2026 05 11.7  22.2932 -31.5463 22.6 Updated May 13.34 UT             3   0.00 28.3  2.242
SO0005b 100 2026 05 11.6  22.5802 -12.2279 21.4 Updated May 13.33 UT             3   0.00 26.7  2.253
CELXZH2 100 2026 05 11.3  14.7671 +24.2110 22.6 Updated May 13.34 UT             3   0.01 22.1  2.553
ST26E34 100 2026 05 10.5  14.8576 +18.6057 23.8 Updated May 13.34 UT             2   0.00 28.1  3.440
6E94521  10 2026 05 10.4  19.5775 -62.0840 19.6 Updated May 13.71 UT            34   3.04 19.1  0.500
XA9ttXA  75 2026 05 08.8  15.0754  +1.9292 22.5 Updated May 13.17 UT            19   4.39 21.8  0.750
ST26E18 100 2026 05 09.4  15.5025 -14.4705 23.9 Updated May 13.34 UT             4   0.00 30.3  4.535
CELRZD2 100 2026 05 09.2  12.4113 +36.8495 22.5 Updated May 13.33 UT             8   0.10 22.9  4.552
ST26E14 100 2026 05 08.4  13.3201  -2.8698 18.6 Updated May 13.34 UT             2   0.00 17.6  5.476
P22n0fQ  97 2026 05 07.4  15.0265 +10.7249 21.7 Updated May 13.34 UT             3   0.04 23.4  6.493
S001563  73 2026 05 07.0  12.9894 -27.0342 21.5 Updated May 13.34 UT             3   0.03 18.4  6.824
A11BRI6  10 2026 05 03.0  11.3036 -38.4334 19.1 Updated May 13.64 UT            81  10.09 19.9  0.798
C1EUYV5  35 2026 04 27.5  17.2841 +18.7197 21.9 Updated May 13.76 UT            36 297.21 12.8  0.403
