CELY6P2 100 2026 05 11.4  17.0129 +18.2308 21.0 Updated May 11.47 UT             8   0.05 23.0  0.473
ST26E38 100 2026 05 11.3  17.4090  +6.8276 20.0 Updated May 11.66 UT             6   0.14 25.7  0.486
C469HY1  88 2026 05 11.4  17.2913  +9.8074 18.4 Updated May 11.92 UT            17   0.52 25.8  0.022
6EA3I21  62 2026 05 11.3  19.4305  -5.2721 17.0 Added May 11.37 UT               3   0.01 13.0  0.608
CELXZH2 100 2026 05 11.3  14.8039 +24.0151 22.7 Added May 11.37 UT               3   0.01 22.0  0.593
CELXRN2  98 2026 05 11.3  13.1520 +26.7196 21.0 Updated May 11.92 UT            13   0.63 22.1  0.037
TF26E51 100 2026 05 11.3  15.3178  +8.8653 19.2 Added May 11.28 UT               2   0.00 23.3  0.667
ST26E34 100 2026 05 10.5  14.6904 +24.8350 21.3 Added May 10.70 UT               2   0.00 26.4  1.480
6E94521 100 2026 05 10.4  19.4035 -57.4841 19.4 Updated May 11.30 UT            13   0.92 19.0  0.663
CELUGK2  93 2026 05 10.3  14.8131 +27.5264 21.5 Updated May 11.19 UT            21   0.85 24.4  0.755
ZTF10Do  98 2026 05 10.2  13.9824 +12.1117 18.2 Updated May 11.58 UT            11   1.27 27.1  0.436
CELU1Q2  98 2026 05 10.2  11.5865 +31.2703 21.3 Updated May 11.21 UT            13   0.99 26.1  0.747
ST26E24  98 2026 05 10.2   3.1020 -15.8819 26.1 Updated May 10.52 UT            13   0.29 29.1  1.465
ZTF10Dn 100 2026 05 09.3  16.8682 -12.9266 20.4 Updated May 11.31 UT             4   0.04 26.9  2.605
XA9ttXA  97 2026 05 08.8  15.1165  +1.8515 22.6 Updated May 11.23 UT            13   2.46 21.8  0.723
ST26E18 100 2026 05 09.4  15.4759 -14.2796 22.7 Updated May 11.31 UT             4   0.00 30.1  2.575
CELT0C2  79 2026 05 09.2  12.6338 +45.1091 20.9 Updated May 11.05 UT            26   1.80 22.8  0.891
CELRZD2 100 2026 05 09.2  12.5084 +35.9155 22.1 Updated May 11.31 UT             8   0.10 22.6  2.593
TF26E23 100 2026 05 09.2  12.9686  -3.8783 17.7 Updated May 11.93 UT             2   0.00 19.6  2.724
ZTF10Dl 100 2026 05 08.3  18.8294 -15.5278 21.1 Updated May 10.31 UT             4   0.03 27.0  3.572
ST26E14 100 2026 05 08.4  13.3556  -3.2669 17.9 Updated May 10.31 UT             2   0.00 21.3  3.516
P22n0vC  24 2026 05 08.3  14.7993  +9.7552 22.4 Updated May 11.21 UT            25   2.87 19.9  0.736
CELLEH2  86 2026 05 08.3  15.8724 -16.5828 23.5 Updated May 11.82 UT            14   1.86 32.7  1.784
P22n0fQ  97 2026 05 07.4  15.0819 +10.0088 22.6 Updated May 11.31 UT             3   0.04 24.4  4.533
ZTF10Di 100 2026 05 07.4  22.1474 -10.8215 23.0 Updated May 11.31 UT             4   0.02 27.4  4.548
S001563  73 2026 05 07.0  12.9944 -26.9506 21.5 Updated May 11.31 UT             3   0.03 17.9  4.864
P22mZLU  68 2026 05 06.3  11.8075 -16.2027 21.0 Updated May 11.60 UT            17   4.96 20.7  0.708
A11BRI6  51 2026 05 03.0  10.9515 -39.4807 18.9 Updated May 11.39 UT            55   7.13 19.8  1.798
C1EUYV5  35 2026 04 27.5  17.3107 +18.6121 21.7 Updated May 11.29 UT            30  13.80 12.6  0.672
