A11EshI  98 2026 07 08.9  20.1916 -17.8570 19.0 Updated July 9.07 UT             7   0.12 21.9  0.059
P12o0Y2  97 2026 07 08.5  20.8172 -32.3607 21.1 Added July 8.88 UT               3   0.02 20.8  0.626
P12o0Y1 100 2026 07 08.5  20.4482 -30.4389 21.1 Added July 8.87 UT               3   0.03 17.7  0.627
P12o0XL 100 2026 07 08.4  16.1893  -3.6929 20.6 Updated July 9.06 UT             6   0.59 25.4  0.164
P12nXcB  72 2026 07 08.5  21.3407 -31.0421 21.5 Added July 8.59 UT               3   0.04 20.5  0.583
P12nXce 100 2026 07 08.5  22.0073 -30.2955 21.1 Updated July 8.71 UT             6   0.10 20.6  0.513
P12nXcA  92 2026 07 08.5  21.1786 -28.8424 20.6 Updated July 8.72 UT             6   0.10 22.4  0.516
P12nXcf 100 2026 07 08.5  21.0060 -21.9133 21.1 Updated July 8.71 UT             5   0.09 23.2  0.515
P12nX9q 100 2026 07 08.4  16.4926  -7.1646 20.8 Updated July 8.93 UT             7   0.52 22.7  0.233
A11Eq8v 100 2026 07 07.9  20.1505 -53.7527 19.4 Added July 8.30 UT               6   0.07 24.2  1.135
A11EpSe  97 2026 07 08.2  19.6807 -30.1807 19.5 Updated July 9.08 UT            10   0.83 19.3  0.115
W2nCdO   81 2026 07 07.4  19.0840 -24.1791 23.4 Updated July 8.05 UT            11  17.03 26.6  1.685
A11EpRZ 100 2026 07 07.9  19.9235 -56.9242 19.1 Updated July 9.09 UT            12   1.13 23.1  0.078
ST26G01  98 2026 07 07.2  18.9221 -46.1717 19.8 Updated July 7.36 UT            14   0.10 27.0  1.774
P12nTOm  73 2026 07 06.5  20.4544  -0.6095 21.6 Updated July 8.46 UT            23   1.93 20.0  0.664
P22nTNT  10 2026 07 06.5  18.3247 +18.2357 21.0 Updated July 8.33 UT            19   1.86 19.0  0.801
P22nTLB  28 2026 07 06.3  17.7301  +8.4009 22.2 Updated July 8.15 UT            15   1.83 19.6  0.986
8N8R001 100 2026 07 05.9   5.2544  -0.7529 29.5 Updated July 7.23 UT             3   0.01 29.9  3.208
MAS0006  35 2026 06 19.3  18.3764 +23.8626 20.1 Updated July 9.06 UT           119  19.70  9.1  0.125
CEQCZT2  84 2026 06 27.4  22.3562  +2.4792 20.8 Updated July 8.46 UT            41  11.00 20.6  0.676
OMO0297  82 2026 06 25.8  23.5886  +3.6892 21.9 Updated July 8.46 UT            12  12.63 20.1  0.670
P22nJzF  35 2026 06 22.5  22.5474 +19.0483 21.6 Updated July 8.59 UT            21  24.01 14.1  0.568
