ST26E34 100 2026 05 10.5  14.9362 +14.3940 20.3 Added May 10.70 UT               2   0.00 26.4  0.480
ST26E31 100 2026 05 10.4  14.3903  -0.4634 18.5 Updated May 10.70 UT             4   0.02 24.3  0.477
ZTF10Dp 100 2026 05 10.2  11.5728 +10.7814 18.3 Added May 10.57 UT               4   0.03 21.9  0.698
6E94521 100 2026 05 10.4  19.3360 -55.2397 18.3 Added May 10.41 UT               3   0.01 20.8  0.566
CELUGK2 100 2026 05 10.3  14.8019 +29.2013 21.6 Updated May 10.44 UT            11   0.10 23.4  0.505
ZTF10Do  98 2026 05 10.2  13.0314  -8.9886 18.5 Updated May 10.48 UT             6   0.23 26.6  0.480
ST26E26  98 2026 05 10.2  15.3231  -8.5419 20.4 Updated May 10.42 UT            10   0.17 29.2  0.522
CELU1Q2 100 2026 05 10.2  11.5820 +31.3672 22.4 Updated May 10.32 UT             7   0.11 25.8  0.629
ST26E24  98 2026 05 10.2   9.8972 -22.2096 18.5 Updated May 10.52 UT            13   0.29 29.1  0.465
P22n4ou  87 2026 05 09.4  14.7311  +7.4544 21.5 Updated May 10.69 UT            15   0.86 21.5  0.718
ZTF10Dn 100 2026 05 09.3  16.6346 -12.5428 19.4 Added May 9.51 UT                4   0.04 26.9  1.605
XA9ttXA  99 2026 05 08.8  15.1370  +1.8032 22.2 Updated May 10.41 UT             8   1.61 20.7  0.569
ST26E18 100 2026 05 09.4  15.7063 -16.8050 21.0 Added May 9.37 UT                4   0.00 28.7  1.575
CELT2A2  84 2026 05 09.3  13.6382 +35.2159 20.4 Updated May 10.82 UT            30   1.54 21.5  0.122
CELT0C2  76 2026 05 09.2  12.8339 +41.7870 21.0 Updated May 10.93 UT            21   1.67 22.9  0.018
CELRZD2 100 2026 05 09.2  12.5692 +35.3229 21.8 Updated May 9.36 UT              8   0.10 22.8  1.593
TF26E23 100 2026 05 09.2  13.0576  -4.4609 17.3 Updated May 10.93 UT             2   0.00 19.6  1.724
ZTF10Dl 100 2026 05 08.3  18.5758 -15.5124 20.4 Updated May 10.31 UT             4   0.03 27.0  2.572
ST26E14 100 2026 05 08.4  13.3816  -3.5427 17.9 Updated May 10.31 UT             2   0.00 21.3  2.516
P22n0vC  26 2026 05 08.3  14.8240  +9.9012 22.3 Updated May 10.26 UT            22   1.91 19.8  0.693
CELLEH2  86 2026 05 08.3  15.8418 -16.1226 22.9 Updated May 10.22 UT            12   1.86 32.6  0.784
P22n0fQ  97 2026 05 07.4  15.0865  +9.9419 22.2 Updated May 9.34 UT              3   0.04 24.3  3.533
ZTF10Di 100 2026 05 07.4  22.0569 -11.0931 22.4 Updated May 9.34 UT              4   0.02 27.4  3.548
S001563  73 2026 05 07.0  13.0002 -26.9004 21.5 Updated May 9.33 UT              3   0.03 17.7  3.864
P22mZLU  93 2026 05 06.3  11.7686 -17.0195 20.9 Updated May 10.93 UT            10   1.71 20.6  2.960
A11BRI6  35 2026 05 03.0  10.7358 -39.9975 18.8 Updated May 10.91 UT            52   7.13 19.8  0.798
ZTF10Df  98 2026 05 02.2  10.4211  +1.4393 23.6 Updated May 9.33 UT              9   0.68 26.6  8.097
C1EUYV5  91 2026 04 27.5  17.3240 +18.5552 21.8 Updated May 10.33 UT            24  12.79 12.7  0.683
