CEMRK82  79 2026 05 16.5  21.5186  -9.7462 21.6 Added May 16.49 UT               3   0.01 17.7  0.147
ST26EA1  98 2026 05 16.4  13.6345 +20.6860 19.0 Updated May 16.57 UT            12   0.15 26.9  0.049
6EF1B21  99 2026 05 16.2  15.2741 -17.9571 20.0 Added May 16.40 UT               3   0.01 21.4  0.423
C46AFY1  98 2026 05 16.4  15.5008  +6.1733 17.2 Updated May 16.59 UT            24   0.21 26.2  0.032
ST26E98  98 2026 05 16.3  18.0025 +16.4880 19.9 Updated May 16.45 UT            13   0.11 28.6  0.172
CEMK452  91 2026 05 16.3  14.2811  -4.6692 21.4 Updated May 16.34 UT             8   0.05 20.4  0.282
ST26E93  96 2026 05 16.2  15.2494 +10.8784 19.5 Updated May 16.59 UT            24   0.32 27.1  0.041
ST26E89  98 2026 05 16.2  13.7413  +8.2036 18.8 Updated May 16.53 UT            13   0.31 28.8  0.092
CEMEEG2 100 2026 05 16.2  12.3704  -7.7781 21.0 Updated May 16.29 UT            12   0.06 24.5  0.326
A11Cswo 100 2026 05 16.0  17.2864 -23.7511 18.8 Added May 16.13 UT               4   0.02 20.7  0.609
ZTF10Du 100 2026 05 15.3  15.9258 -32.2649 17.9 Added May 15.45 UT               4   0.03 26.1  1.313
ST26E84  98 2026 05 15.4  15.0225 +10.7867 20.2 Updated May 16.23 UT             6   0.47 26.4  0.722
ST26E76  86 2026 05 15.2  14.3292  +8.0360 22.1 Updated May 16.22 UT            17   0.93 30.7  0.445
ST26E75 100 2026 05 15.2  14.8402 -22.4205 18.2 Updated May 15.38 UT             4   0.01 25.6  1.375
6EE3C21  91 2026 05 15.2  15.8149 -19.6667 19.4 Updated May 16.23 UT            20   0.98 25.9  0.438
A11Cr0m  86 2026 05 15.0  16.0635 -50.3654 17.8 Updated May 16.31 UT            19   1.17 20.0  0.464
P12neKJ  83 2026 05 14.3  13.0058 -23.3537 20.9 Updated May 16.45 UT            25   2.06 20.3  0.214
P12neKs  93 2026 05 14.6  18.3149 +57.8993 20.3 Updated May 16.46 UT            30   1.68 15.4  0.359
P12nc1c  84 2026 05 14.5  16.7669  -6.2466 21.7 Updated May 16.36 UT            28   1.87 20.1  0.254
RFD0300 100 2026 05 13.0  19.4229 -44.3743 24.3 Updated May 16.38 UT             2   0.00 29.8  3.581
CEMAUH2 100 2026 05 14.4  16.2584  -4.3022 21.3 Updated May 16.38 UT             6   0.07 23.9  2.168
ST26E61 100 2026 05 14.3  16.5921  +0.6265 22.8 Updated May 16.38 UT             6   0.05 29.0  2.245
ST26E57  74 2026 05 14.3  17.3436 -15.2036 19.8 Updated May 16.57 UT            21   2.12 27.9  0.212
MZ26075 100 2026 05 13.8  16.7586  -1.8174 22.0 Updated May 16.37 UT             3   0.01 27.4  2.788
A11CmCW 100 2026 05 13.3   6.0107 -73.1443 20.3 Updated May 16.38 UT             4   0.02 24.8  3.236
A11CmCS 100 2026 05 13.3  17.0376 -32.8718 20.0 Updated May 16.38 UT             4   0.04 25.4  3.295
OCA1642  84 2026 05 13.1  13.7291 -31.2992 19.4 Updated May 16.37 UT             3   0.02 14.0  3.483
CEM26R2  10 2026 05 12.4  16.5573 +15.3286 20.6 Updated May 16.46 UT            32   4.64 17.0  0.428
CEM1XD2  16 2026 05 12.3  14.4634 +17.2106 22.2 Updated May 16.38 UT            22   7.84 19.2  1.450
SO0005e 100 2026 05 11.7   0.2669  +7.3960 27.7 Updated May 16.38 UT             3   0.00 29.4  4.899
SO0005d 100 2026 05 11.7  19.2093 -23.9792 22.6 Updated May 16.38 UT             4   0.00 28.1  4.898
SO0005c 100 2026 05 11.7  23.0226 -27.5742 24.6 Updated May 16.38 UT             3   0.00 28.4  4.952
SO0005b 100 2026 05 11.6  22.9989  -7.9319 23.2 Updated May 16.37 UT             3   0.00 26.6  4.963
S001563  73 2026 05 07.0  12.9819 -27.1643 21.6 Updated May 16.37 UT             3   0.03 18.3  9.533
C1EUYV5  35 2026 04 27.5  17.2467 +18.8587 21.9 Updated May 15.51 UT            36 299.14 12.8  1.180
