6EB3121 100 2026 05 12.0  10.2775  -7.3149 20.0 Updated May 12.18 UT             9   0.19 23.7  0.026
SO0005e 100 2026 05 11.7  19.6301 -33.9004 18.7 Added May 12.10 UT               3   0.00 28.8  0.480
SO0005d 100 2026 05 11.7  17.0670 -32.8122 18.1 Added May 12.10 UT               4   0.00 27.8  0.479
SO0005c 100 2026 05 11.7  18.0815 -33.1812 18.9 Added May 12.05 UT               3   0.00 28.5  0.533
SO0005b 100 2026 05 11.6  21.0317 -25.3898 17.6 Added May 12.04 UT               3   0.00 26.6  0.543
CELY6P2  99 2026 05 11.4  17.0202 +18.5947 20.7 Updated May 12.03 UT            11   0.59 25.8  0.178
ST26E38  96 2026 05 11.3  17.6095  +6.3262 20.1 Updated May 12.09 UT            11   0.75 26.9  0.120
C469HY1  91 2026 05 11.4  17.6414 +17.0764 18.4 Updated May 12.10 UT            26   0.68 25.7  0.111
6EA3I21  62 2026 05 11.3  19.4309  -5.2200 17.0 Added May 11.37 UT               3   0.01 13.0  0.858
CELXZH2 100 2026 05 11.3  14.7988 +24.0423 22.7 Added May 11.37 UT               3   0.01 22.0  0.843
CELXRN2  86 2026 05 11.3  13.1345 +26.8657 21.1 Updated May 12.18 UT            27   0.90 22.3  0.015
TF26E51 100 2026 05 11.3  15.3664  +9.0944 19.3 Added May 11.28 UT               2   0.00 23.3  0.917
ST26E34 100 2026 05 10.5  14.6457 +26.5683 21.5 Added May 10.70 UT               2   0.00 26.4  1.730
6E94521  96 2026 05 10.4  19.4235 -58.0711 19.4 Updated May 12.14 UT            16   1.76 19.0  0.065
CELUGK2 100 2026 05 10.3  14.8154 +27.0976 21.5 Updated May 11.19 UT            21   0.85 24.4  1.005
CELU1Q2  86 2026 05 10.2  11.5873 +31.2400 21.2 Updated May 12.17 UT            20   1.95 26.1  0.035
ZTF10Dn 100 2026 05 09.3  16.9051 -12.9828 20.6 Updated May 11.31 UT             4   0.04 26.9  2.855
XA9ttXA  67 2026 05 08.8  15.1113  +1.8627 22.5 Updated May 12.19 UT            16   3.41 21.8  0.022
ST26E18 100 2026 05 09.4  15.4843 -14.3668 22.9 Updated May 11.31 UT             4   0.00 30.1  2.825
CELRZD2 100 2026 05 09.2  12.4953 +36.0423 22.2 Updated May 11.31 UT             8   0.10 22.6  2.843
TF26E23 100 2026 05 09.2  12.9503  -3.7582 17.8 Updated May 12.18 UT             2   0.00 19.6  2.974
ZTF10Dl 100 2026 05 08.3  18.8736 -15.5245 21.3 Updated May 10.31 UT             4   0.03 27.0  3.822
ST26E14 100 2026 05 08.4  13.3490  -3.1970 17.9 Updated May 10.31 UT             2   0.00 21.3  3.766
P22n0vC  24 2026 05 08.3  14.7931  +9.7177 22.4 Updated May 11.21 UT            25   2.87 19.9  0.986
CELLEH2  86 2026 05 08.3  15.8775 -16.6639 23.6 Updated May 11.82 UT            14   1.86 32.7  2.034
P22n0fQ  97 2026 05 07.4  15.0804 +10.0279 22.6 Updated May 11.31 UT             3   0.04 24.4  4.783
ZTF10Di 100 2026 05 07.4  22.1821 -10.7116 23.1 Updated May 11.31 UT             4   0.02 27.4  4.798
S001563  73 2026 05 07.0  12.9933 -26.9631 21.5 Updated May 11.31 UT             3   0.03 17.9  5.114
P22mZLU  73 2026 05 06.3  11.8173 -15.9994 21.0 Updated May 11.60 UT            17   4.96 20.7  0.958
A11BRI6  35 2026 05 03.0  11.0013 -39.3480 19.0 Updated May 12.03 UT            60   8.46 19.9  0.719
C1EUYV5  35 2026 04 27.5  17.3073 +18.6261 21.7 Updated May 11.29 UT            30  13.80 12.6  0.922
