A11CWPw 100 2026 05 26.6  21.7006 -18.7168 18.0 Added May 26.81 UT               4   0.02 28.7  0.539
P12nfxy 100 2026 05 26.6  17.5200  +4.7265 20.5 Updated May 26.96 UT             6   0.55 24.2  0.176
CEP5WY2  96 2026 05 26.4  18.9528 +40.7192 20.6 Updated May 27.03 UT            18   1.59 21.9  0.098
CEP5WU2  98 2026 05 26.4  17.7597 +49.0409 21.2 Updated May 27.11 UT            13   3.78 26.3  0.090
C1F4195 100 2026 05 26.4  16.1211  +8.6025 22.2 Updated May 26.45 UT             7   0.07 27.6  0.666
C1F4075 100 2026 05 26.4  16.0500 +26.8605 22.3 Updated May 26.48 UT             8   0.11 24.9  0.644
P12nfxd  96 2026 05 25.6  17.8193 +16.6680 21.9 Updated May 26.45 UT            14   2.00 22.6  0.681
C1F32J5 100 2026 05 25.4  17.1950 +14.7948 22.0 Updated May 26.31 UT             7   0.85 23.5  0.817
C1F3245  43 2026 05 25.4  16.9993 +10.5493 22.6 Updated May 26.78 UT            11   1.00 20.2  0.670
SJA1250 100 2026 05 24.9  16.8261 +61.1407 20.3 Added May 25.42 UT               3   0.03 17.5  2.148
C1F2HL5 100 2026 05 25.4  16.4827 -11.7928 22.4 Updated May 25.43 UT             8   0.07 25.5  1.692
C1F1TD5 100 2026 05 25.3  15.7954  +4.6206 24.2 Updated May 26.35 UT             4   0.02 33.6  1.790
C03UYWZ 100 2026 05 23.4  16.7345 +13.4516 22.4 Updated May 26.16 UT             7   2.00 23.1  1.675
A11CUyv 100 2026 05 24.1  17.5665 -56.1002 19.2 Updated May 26.35 UT            17   1.97 19.1  1.006
P12nfw2 100 2026 05 24.6  21.0997  -3.4368 21.7 Updated May 26.34 UT             8   1.73 20.3  0.796
NAOCLYL  85 2026 05 23.8  15.9040 -18.7675 21.7 Updated May 26.35 UT             4   0.10 21.7  3.263
A11CQzo 100 2026 05 24.4  21.8863 -17.1702 20.9 Updated May 26.35 UT             5   0.05 29.8  2.684
oKr0080 100 2026 05 23.9  23.4913 +18.5685 20.2 Updated May 26.34 UT             3   0.00 17.1  3.229
C1F1535  97 2026 05 24.4  16.7579  +6.7218 22.4 Updated May 26.35 UT            11   0.87 23.3  1.833
C1F0EU5  80 2026 05 24.3  15.3971 -10.0898 22.0 Updated May 26.33 UT            13   1.97 20.0  0.831
C1F0295  90 2026 05 24.3  15.3023  -6.9428 22.1 Updated May 26.10 UT            20   1.78 22.2  1.027
6EN3D21 100 2026 05 24.2  16.3436 -80.1667 18.6 Updated May 25.35 UT             3   0.01 21.1  2.884
C1EYPU5 100 2026 05 23.4  15.8759  +3.4451 22.8 Updated May 26.35 UT            11   1.87 24.1  1.870
NAOCBPP  99 2026 05 20.7  14.9134 -21.3558 22.3 Updated May 25.35 UT             4   0.13 22.4  6.269
ST26EC8  98 2026 05 20.4  22.0399 -31.0198 23.6 Updated May 25.35 UT             6   0.14 28.6  6.682
P12nfaz  43 2026 05 20.3  13.2110 -27.3574 22.0 Updated May 26.35 UT            12   2.87 18.3  3.927
NAOCAN7 100 2026 05 17.7  15.2876 -21.9351 21.0 Updated May 26.35 UT             4   0.10 19.7  9.267
KPMa1Ih  87 2026 05 18.1  11.1278 -28.6789 23.5 Updated May 26.35 UT             5   0.01 20.9  9.016
CEMVK32  53 2026 05 17.4  16.3902  +7.7836 21.7 Updated May 26.27 UT            52  11.97 20.1  2.714
