MZ26075 100 2026 05 13.8  16.4781  -6.7544 19.4 Added May 14.13 UT               3   0.01 25.1  0.370
A11CmCW 100 2026 05 13.3   3.4181 -78.9299 18.5 Added May 13.75 UT               4   0.02 24.5  0.818
A11CmCS 100 2026 05 13.3  16.3196 -40.2894 18.9 Added May 13.75 UT               4   0.04 25.4  0.877
OCA1642  84 2026 05 13.1  13.7685 -31.1575 19.4 Added May 13.56 UT               3   0.02 13.4  1.065
P22nay8  74 2026 05 13.4  15.7641  -1.9312 21.5 Updated May 14.14 UT             6   0.69 16.5  0.065
P22nawA 100 2026 05 13.4  15.1665  -3.1821 21.2 Updated May 14.13 UT            10   0.68 24.7  0.072
A11Cmv6 100 2026 05 13.0   8.6175 -50.6307 18.8 Updated May 14.10 UT            10   0.91 18.6  0.228
ST26E47  79 2026 05 12.4  14.8822 -26.4561 19.4 Updated May 14.10 UT            28   1.68 24.9  0.098
P22n4V7  96 2026 05 12.4  14.3760 -19.6388 21.8 Updated May 14.13 UT            15   1.72 21.1  0.077
P22n4V6  81 2026 05 12.4  13.9407 -22.9605 21.6 Updated May 14.09 UT            19   1.59 23.5  0.212
CEM28F2  91 2026 05 12.4  18.0765 +19.4399 20.6 Updated May 14.05 UT            25   1.61 24.7  0.181
P22n4PC  65 2026 05 12.4  13.9687 -13.6832 20.7 Updated May 14.15 UT            14   1.78 21.1  0.052
CEM26R2  30 2026 05 12.4  16.6020 +15.4670 20.6 Updated May 13.26 UT            16   1.45 17.0  1.198
CEM1XD2  23 2026 05 12.3  14.5134 +17.5646 22.2 Updated May 13.86 UT            18   6.19 19.2  0.676
SO0005e 100 2026 05 11.7  23.8885  +3.0888 25.7 Updated May 13.34 UT             3   0.00 28.9  2.481
SO0005d 100 2026 05 11.7  18.8032 -26.3949 21.2 Updated May 13.34 UT             4   0.00 28.3  2.480
SO0005c 100 2026 05 11.7  22.4682 -30.7082 23.0 Updated May 13.34 UT             3   0.00 28.3  2.534
SO0005b 100 2026 05 11.6  22.6462 -11.5657 21.7 Updated May 13.33 UT             3   0.00 26.7  2.545
CELXZH2 100 2026 05 11.3  14.7616 +24.2347 22.6 Updated May 13.34 UT             3   0.01 22.1  2.844
ST26E34 100 2026 05 10.5  14.8539 +18.7680 24.0 Updated May 13.34 UT             2   0.00 28.1  3.731
6E94521  10 2026 05 10.4  19.6073 -62.7668 19.5 Updated May 14.15 UT            37   3.78 19.0  0.054
XA9ttXA  65 2026 05 08.8  15.0692  +1.9387 22.5 Updated May 14.16 UT            22   5.38 21.8  0.048
ST26E18 100 2026 05 09.4  15.5058 -14.5075 24.0 Updated May 13.34 UT             4   0.00 30.3  4.826
CELRZD2 100 2026 05 09.2  12.4002 +36.9515 22.6 Updated May 13.33 UT             8   0.10 22.9  4.844
ST26E14 100 2026 05 08.4  13.3150  -2.8133 18.6 Updated May 13.34 UT             2   0.00 17.6  5.767
P22n0fQ  97 2026 05 07.4  15.0222 +10.7756 21.7 Updated May 13.34 UT             3   0.04 23.4  6.785
S001563  73 2026 05 07.0  12.9885 -27.0476 21.5 Updated May 13.34 UT             3   0.03 18.4  7.115
A11BRI6  10 2026 05 03.0  11.3493 -38.2788 19.2 Updated May 13.96 UT            86  10.91 19.9  0.266
C1EUYV5  35 2026 04 27.5  17.2801 +18.7352 21.9 Updated May 13.76 UT            36 297.21 12.8  0.694
