CEP5WY2 100 2026 05 26.4  18.9846 +40.7343 21.0 Updated May 26.48 UT             7   0.03 21.3  0.144
C1F41L5 100 2026 05 26.4  15.9908  +8.2092 19.8 Updated May 26.44 UT             8   0.05 23.7  0.183
CEP5WU2 100 2026 05 26.4  17.5017 +49.8530 21.1 Updated May 26.44 UT            10   0.06 26.1  0.185
C1F4195 100 2026 05 26.4  16.1103  +7.7950 22.1 Updated May 26.45 UT             7   0.07 27.6  0.166
C1F4075 100 2026 05 26.4  16.0479 +27.6102 22.3 Updated May 26.48 UT             8   0.11 24.9  0.144
P12nfxd  96 2026 05 25.6  17.8274 +16.4474 21.9 Updated May 26.45 UT            14   2.00 22.6  0.181
C1F32J5 100 2026 05 25.4  17.2006 +13.7834 22.0 Updated May 26.31 UT             7   0.85 23.5  0.317
C1F3245  73 2026 05 25.4  17.0102 +10.5930 22.5 Updated May 26.45 UT             8   1.00 20.1  0.170
SJA1250 100 2026 05 24.9  16.8581 +61.3415 20.3 Added May 25.42 UT               3   0.03 17.5  1.648
C1F2X35  84 2026 05 25.4  16.3280  +0.7962 21.8 Updated May 26.47 UT            16   1.09 22.7  0.156
C1F2HL5 100 2026 05 25.4  16.4194 -11.6592 22.4 Updated May 25.43 UT             8   0.07 25.5  1.192
C1F1TD5 100 2026 05 25.3  15.7559  +4.7178 23.8 Updated May 26.35 UT             4   0.02 33.6  1.290
C03UYWZ 100 2026 05 23.4  16.7400 +12.5621 22.4 Updated May 26.16 UT             7   2.00 23.1  1.175
A11CUyv  94 2026 05 24.1  17.5784 -56.5711 19.2 Updated May 26.35 UT            17   1.97 19.1  0.506
P12nfw2 100 2026 05 24.6  21.0713  -3.6421 21.7 Updated May 26.34 UT             8   1.73 20.3  0.296
NAOCLYL  85 2026 05 23.8  15.9019 -19.2487 21.7 Updated May 26.35 UT             4   0.10 21.7  2.763
A11CQzo 100 2026 05 24.4  21.6201 -17.7135 20.4 Updated May 26.35 UT             5   0.05 29.8  2.184
oKr0080 100 2026 05 23.9  23.4895 +18.5552 20.2 Updated May 26.34 UT             3   0.00 17.1  2.729
C1F1535  97 2026 05 24.4  16.7578  +6.5818 22.4 Updated May 26.35 UT            11   0.87 23.3  1.333
C1F0EU5  80 2026 05 24.3  15.4072 -10.0890 22.0 Updated May 26.33 UT            13   1.97 20.0  0.331
C1F0295  80 2026 05 24.3  15.3117  -7.0437 22.1 Updated May 26.10 UT            20   1.78 22.2  0.527
6EN3D21 100 2026 05 24.2  16.4377 -79.8818 18.7 Updated May 25.35 UT             3   0.01 21.1  2.384
C1EYPU5 100 2026 05 23.4  15.8673  +3.3754 22.8 Updated May 26.35 UT            11   1.87 24.1  1.370
C1EYD55  24 2026 05 23.3  15.7355 -13.6053 22.2 Updated May 26.43 UT            18   3.07 20.5  0.213
NAOCBPP  99 2026 05 20.7  14.9058 -21.0513 22.3 Updated May 25.35 UT             4   0.13 22.4  5.769
ST26ED1  98 2026 05 21.2   1.7424 -14.4754 28.2 Updated May 25.35 UT            20   0.16 30.2  5.234
ST26EC8  98 2026 05 20.4  21.9255 -31.0171 23.4 Updated May 25.35 UT             6   0.14 28.6  6.182
ST26EC7  98 2026 05 20.4   2.4850  -8.3784 30.3 Updated May 25.35 UT             6   0.11 30.3  6.188
P12nfaz  43 2026 05 20.3  13.2141 -27.4514 22.0 Updated May 26.35 UT            12   2.87 18.3  3.427
NAOCAN7 100 2026 05 17.7  15.2864 -21.9227 21.0 Updated May 26.35 UT             4   0.10 19.7  8.767
KPMa1Ih  87 2026 05 18.1  11.1266 -28.4677 23.5 Updated May 26.35 UT             5   0.01 20.9  8.516
CEMVK32  53 2026 05 17.4  16.4241  +8.0195 21.7 Updated May 26.27 UT            52  11.97 20.1  2.214
P12neKs  35 2026 05 14.6  17.9928 +56.8382 19.9 Updated May 26.32 UT           173  11.53 15.1  0.517
