CEMRK82  79 2026 05 16.5  21.5280  -9.8080 21.6 Added May 16.49 UT               3   0.01 17.7  0.480
6EF1B21  99 2026 05 16.2  15.2880 -17.8586 20.1 Added May 16.40 UT               3   0.01 21.4  0.756
ST26E98  88 2026 05 16.3  18.4670 +22.8281 20.7 Updated May 16.79 UT            17   1.12 29.0  0.481
CEMK452  91 2026 05 16.3  14.2856  -4.6136 21.5 Updated May 16.34 UT             8   0.05 20.4  0.616
ST26E89  84 2026 05 16.2  13.3983  +1.7912 17.7 Updated May 16.93 UT            47   0.71 29.0  0.023
CEMEEG2 100 2026 05 16.2  12.3596  -8.7406 20.9 Updated May 16.81 UT            14   0.09 24.7  0.659
A11Cswo 100 2026 05 16.0  17.2702 -23.6893 18.8 Added May 16.13 UT               4   0.02 20.7  0.943
ZTF10Du 100 2026 05 15.3  16.1770 -33.5989 18.3 Added May 15.45 UT               4   0.03 26.1  1.646
ST26E84  98 2026 05 15.4  15.1080 +10.7866 20.3 Updated May 16.23 UT             6   0.47 26.4  1.055
ST26E76  86 2026 05 15.2  14.2840  +8.3222 22.5 Updated May 16.22 UT            17   0.93 30.7  0.778
ST26E75  98 2026 05 15.2   2.3877 -33.9025 23.3 Updated May 16.82 UT             7   0.09 28.6  1.625
6EE3C21  79 2026 05 15.2  15.8782 -18.8228 19.5 Updated May 16.62 UT            22   1.41 25.9  0.338
A11Cr0m  86 2026 05 15.0  16.0844 -49.6625 17.7 Updated May 16.31 UT            19   1.17 20.0  0.797
P12neKs  93 2026 05 14.6  18.3051 +57.8771 20.2 Updated May 16.89 UT            33   2.31 15.3  0.066
P12nc1c  84 2026 05 14.5  16.7578  -6.1462 21.7 Updated May 16.36 UT            28   1.87 20.1  0.588
RFD0300 100 2026 05 13.0  19.4779 -44.5021 24.5 Updated May 16.38 UT             2   0.00 29.8  3.914
CEMAUH2 100 2026 05 14.4  16.2163  -5.6717 21.3 Updated May 16.38 UT             6   0.07 23.9  2.502
ST26E61 100 2026 05 14.3  16.6204  +0.6585 23.0 Updated May 16.38 UT             6   0.05 29.0  2.578
MZ26075 100 2026 05 13.8  16.7746  -1.5206 22.2 Updated May 16.37 UT             3   0.01 27.4  3.122
A11CmCW 100 2026 05 13.3   6.0963 -72.7041 20.5 Updated May 16.38 UT             4   0.02 24.8  3.570
A11CmCS 100 2026 05 13.3  17.0871 -32.2586 20.1 Updated May 16.38 UT             4   0.04 25.4  3.628
OCA1642  84 2026 05 13.1  13.7238 -31.3175 19.4 Updated May 16.37 UT             3   0.02 14.0  3.816
CEM26R2  10 2026 05 12.4  16.5510 +15.3066 20.7 Updated May 16.91 UT            35   5.35 17.1  0.041
CEM1XD2  16 2026 05 12.3  14.4566 +17.1587 22.2 Updated May 16.38 UT            22   7.84 19.2  1.784
SO0005e 100 2026 05 11.7   0.2791  +7.5286 27.8 Updated May 16.38 UT             3   0.00 29.4  5.233
SO0005d 100 2026 05 11.7  19.2314 -23.8334 22.7 Updated May 16.38 UT             4   0.00 28.1  5.231
SO0005c 100 2026 05 11.7  23.0614 -27.3299 24.8 Updated May 16.38 UT             3   0.00 28.4  5.285
SO0005b 100 2026 05 11.6  23.0154  -7.7592 23.4 Updated May 16.37 UT             3   0.00 26.6  5.296
S001563  73 2026 05 07.0  12.9813 -27.1788 21.6 Updated May 16.37 UT             3   0.03 18.3  9.867
C1EUYV5  35 2026 04 27.5  17.2420 +18.8750 21.9 Updated May 16.81 UT            36 300.17 12.8  0.483
