ST26G59 100 2026 07 17.4  20.8647  +8.6908 18.4 Added July 17.77 UT              2   0.00 20.7  0.426
ST26G56 100 2026 07 17.3  20.8534 +16.8900 19.7 Updated July 17.77 UT            4   0.03 26.9  0.414
ST26G54 100 2026 07 17.3  18.3351 +14.8045 20.0 Updated July 17.72 UT            5   0.05 21.1  0.410
oNj0343 100 2026 07 15.8  23.5117  +3.4030 21.8 Added July 17.29 UT              3   0.07 19.1  1.930
A11EQsq 100 2026 07 15.9  16.9754 -65.8286 21.5 Added July 17.27 UT              4   0.02 28.3  1.900
A11EQfd  98 2026 07 16.4  20.0641 -10.7121 19.4 Updated July 17.72 UT            8   0.94 27.1  0.407
ZTF10Er 100 2026 07 16.3   3.7774 -49.2945 20.6 Added July 16.64 UT              4   0.04 26.6  1.413
P12ooQQ 100 2026 07 16.6  20.9694  +2.2097 21.3 Updated July 17.69 UT            6   0.88 21.3  0.355
ZTF10Eq  98 2026 07 16.3  20.2988 -10.4641 20.5 Updated July 17.76 UT           11   1.06 27.3  0.406
P22ooQq 100 2026 07 16.6   1.9569 +10.7378 21.7 Updated July 17.54 UT            7   0.94 19.8  0.268
P22ooPS 100 2026 07 16.5  23.4565 +18.9447 20.6 Added July 16.57 UT              3   0.02 23.2  1.270
P22ooOY 100 2026 07 16.5  23.0538 +17.2833 21.3 Updated July 17.77 UT           12   9.92 24.3  0.360
P22ooOw 100 2026 07 16.3  17.7022 +55.4661 22.2 Updated July 17.71 UT           10   0.99 21.0  0.471
P12ooOz 100 2026 07 16.3  16.0454 +20.1667 21.7 Updated July 17.78 UT           14   1.94 23.0  0.485
P12ooOy 100 2026 07 16.3  15.1502 +18.2367 22.3 Updated July 17.65 UT           10   0.95 22.4  0.495
P22ooOt  83 2026 07 16.4  20.9248 +15.2779 22.2 Updated July 17.70 UT            8   1.04 21.3  0.370
P22ooOs 100 2026 07 16.4  20.5596 +10.0738 22.0 Updated July 17.71 UT            7   1.03 23.0  0.384
ST26G49 100 2026 07 16.4  23.0501 -34.3670 18.7 Updated July 17.01 UT            4   0.04 27.5  1.383
orA4471 100 2026 07 15.9  16.2976 -18.1198 20.0 Updated July 17.23 UT            3   0.01 19.1  1.899
X89848   77 2026 07 14.8  22.0957 -13.0881 19.7 Updated July 17.24 UT            3   0.03 15.6  3.006
P12onSk  87 2026 07 15.5  22.3218 -32.4728 21.2 Updated July 17.53 UT            9   2.00 20.6  0.280
P12onSi  72 2026 07 15.5  22.0050 -23.6870 20.9 Updated July 17.52 UT           13  23.89 20.4  0.356
P12onSj  88 2026 07 15.5  22.7922 -28.9594 21.0 Updated July 17.53 UT            9   2.00 18.8  0.277
ZTF10Ep 100 2026 07 15.3   3.9330  -1.4958 22.9 Updated July 17.24 UT            4   0.04 27.0  2.413
P12onRT  98 2026 07 15.4  20.4442 -39.5171 19.8 Updated July 17.65 UT           13   1.99 21.0  0.362
W2onRQ  100 2026 07 15.4  20.0107 -21.6285 20.3 Updated July 17.23 UT            4   0.00 26.7  2.366
P12onRm  91 2026 07 15.4  19.7005 -25.5182 21.1 Updated July 17.65 UT           11   2.04 22.2  0.364
ST26G39  74 2026 07 15.2  17.9513 +39.6776 21.6 Updated July 17.71 UT           25   2.10 26.0  0.464
P12onNw  35 2026 07 14.3  17.5046  -1.6786 20.6 Updated July 17.24 UT           17   3.16 12.1  2.372
TF26G22 100 2026 07 10.3   2.2702 -34.2754 22.2 Updated July 17.24 UT            2   0.00 25.3  7.487
P22nJzF  35 2026 06 22.5  22.4001 +18.4464 21.5 Updated July 17.24 UT           28 300.05 14.2  2.352
