GS26003 100 2026 05 21.8  15.6388 +11.5147 19.3 Added May 22.15 UT               4   0.01 23.8  0.330
Sar2899 100 2026 05 22.0  16.3336 +11.9676 20.6 Updated May 22.05 UT            12   0.05 29.5  0.122
CZYNHKZ 100 2026 05 14.4  16.3878  +2.5290 21.4 Updated May 22.04 UT             4   0.02 22.8  7.773
P22nfmx  91 2026 05 21.3  14.3901  +1.4990 21.1 Updated May 22.06 UT            17   0.86 24.6  0.110
C46CD31 100 2026 05 21.4  20.4913  -5.6418 19.2 Updated May 21.45 UT             5   0.05 28.5  0.717
ST26ED8  93 2026 05 21.3  17.8265 +13.4065 20.2 Updated May 21.95 UT            18   0.61 25.9  0.216
ST26ED1  98 2026 05 21.2  23.2165 -20.0660 20.4 Updated May 21.71 UT            20   0.16 30.2  0.775
TF26EE0 100 2026 05 20.5  16.4207  +8.7672 22.5 Updated May 20.74 UT             4   0.02 28.7  1.676
ST26EC8  98 2026 05 20.4  18.5378 -20.4326 20.0 Updated May 21.71 UT             6   0.14 28.6  1.722
ST26EC7  98 2026 05 20.4   2.2687  -8.2878 27.5 Updated May 21.71 UT             6   0.11 30.2  1.728
ST26EC5 100 2026 05 20.3  16.1427 -12.7385 19.1 Updated May 20.59 UT             4   0.03 24.6  1.821
P12nfgD  10 2026 05 20.4  15.9628  -7.4754 21.8 Updated May 21.76 UT            28 5292.06 20.0  0.746
P12nffX  10 2026 05 20.5  16.3748 -20.8318 21.6 Updated May 21.77 UT            12   6.91 18.9  0.790
P12nffV  45 2026 05 20.5  16.5019 -18.8814 20.6 Updated May 22.02 UT            19   2.70 20.3  0.151
P12nfaz  50 2026 05 20.3  13.2473 -28.2933 22.0 Updated May 21.47 UT             8   1.05 18.5  0.790
P22nfat  20 2026 05 20.4  16.1866 +21.4918 22.1 Updated May 21.73 UT            25 622.93 19.6  0.728
NAOCAN7 100 2026 05 17.7  15.2766 -21.8011 20.8 Updated May 21.35 UT             4   0.10 19.6  4.307
KPMa1Ih  87 2026 05 18.1  11.1252 -26.4652 23.3 Updated May 21.35 UT             5   0.01 20.8  4.056
CEMVK32  35 2026 05 17.4  16.7509 +10.1541 21.6 Updated May 21.47 UT            47   9.02 20.1  0.701
P12neKs  35 2026 05 14.6  18.1422 +57.4157 20.0 Updated May 22.02 UT           121   7.45 15.2  0.141
