ST26E47 100 2026 05 12.4  15.3016 -13.4300 18.5 Updated May 12.72 UT             4   0.01 23.7  0.341
P22n55t  78 2026 05 12.4  15.0449 -13.4343 21.2 Updated May 12.69 UT             6   0.10 19.9  0.231
P22n52K 100 2026 05 12.4  15.2183 -11.4120 21.0 Updated May 12.69 UT             6   0.10 24.1  0.230
P22n4V7 100 2026 05 12.4  14.4196 -20.1396 21.6 Updated May 12.68 UT             5   0.10 20.2  0.282
P22n4V6 100 2026 05 12.4  14.0234 -22.8456 21.7 Updated May 12.68 UT             6   0.10 21.5  0.283
P22n4V9  95 2026 05 12.4  14.4053 -16.4040 21.8 Updated May 12.69 UT             8   0.10 23.1  0.279
P22n4V8 100 2026 05 12.4  14.3675 -16.4512 21.2 Updated May 12.68 UT             6   0.09 25.7  0.279
CEM28F2 100 2026 05 12.4  17.5124 +15.8216 21.1 Updated May 12.47 UT             9   0.06 25.2  0.313
P22n4PE 100 2026 05 12.3  13.6787  -8.3546 20.2 Updated May 12.68 UT             6   0.10 25.3  0.335
P22n4PD 100 2026 05 12.4  13.7997  -9.1761 20.8 Updated May 12.68 UT             5   0.08 27.2  0.334
P22n4PC  69 2026 05 12.4  13.9725 -14.7887 20.6 Updated May 12.68 UT             5   0.08 20.2  0.338
P22n4PB  96 2026 05 12.3  13.6484 -10.1830 21.1 Updated May 12.68 UT             8   0.10 23.1  0.335
C469Q01  98 2026 05 12.4  16.6929  -2.8183 18.6 Updated May 12.61 UT            15   0.20 26.6  0.174
CEM26R2  67 2026 05 12.4  16.6273 +15.5309 20.6 Updated May 12.65 UT            10   0.22 16.9  0.164
C469P61 100 2026 05 12.4  16.1032  -6.1411 19.1 Updated May 12.44 UT            11   0.07 27.5  0.335
CEM1YU2  98 2026 05 12.3  15.1408 +10.5436 20.7 Updated May 12.43 UT            12   0.10 28.1  0.350
CEM20F2  98 2026 05 12.3  14.8269 +17.3313 22.0 Updated May 12.43 UT            12   0.10 27.0  0.346
CEM1XD2  75 2026 05 12.3  14.5435 +17.7531 22.0 Updated May 12.41 UT            11   0.11 17.1  0.360
ST26E41  98 2026 05 12.3  15.1426 -14.3992 19.0 Updated May 12.40 UT            12   0.11 28.7  0.382
CEM1R02 100 2026 05 12.3  13.6455 +16.9063 21.7 Updated May 12.42 UT            12   0.14 21.2  0.355
ST26E39 100 2026 05 12.2  12.8741 -20.9222 19.5 Updated May 12.26 UT            10   0.07 23.5  0.511
6EB3121 100 2026 05 12.0  10.3093 -10.1486 19.9 Updated May 12.18 UT             9   0.19 23.7  0.610
SO0005e 100 2026 05 11.7  22.0870 -16.9097 21.4 Added May 12.10 UT               3   0.00 28.8  1.063
SO0005d 100 2026 05 11.7  18.1179 -29.6210 19.4 Added May 12.10 UT               4   0.00 27.8  1.062
SO0005c 100 2026 05 11.7  20.3182 -36.5946 20.4 Added May 12.05 UT               3   0.00 28.5  1.116
SO0005b 100 2026 05 11.6  22.2013 -15.9335 19.6 Added May 12.04 UT               3   0.00 26.6  1.127
C469HY1  91 2026 05 11.4  18.6540 +34.1146 19.2 Updated May 12.67 UT            40   0.92 25.8  0.457
CELXZH2 100 2026 05 11.3  14.7870 +24.1021 22.7 Added May 11.37 UT               3   0.01 22.0  1.426
ST26E34 100 2026 05 10.5  14.8708 +18.0055 23.0 Updated May 12.32 UT             2   0.00 28.1  2.313
6E94521  84 2026 05 10.4  19.4724 -59.4403 19.5 Updated May 12.49 UT            28   2.04 19.0  0.371
XA9ttXA  77 2026 05 08.8  15.0992  +1.8875 22.5 Updated May 12.19 UT            16   3.41 21.8  0.606
ST26E18 100 2026 05 09.4  15.4995 -14.5266 23.2 Updated May 11.31 UT             4   0.00 30.1  3.408
CELRZD2 100 2026 05 09.2  12.4625 +36.3629 22.3 Updated May 12.32 UT             8   0.10 22.7  3.426
ZTF10Dl 100 2026 05 08.3  18.9383 -15.5225 21.5 Updated May 12.32 UT             4   0.03 26.9  4.406
ST26E14 100 2026 05 08.4  13.3414  -3.1216 18.2 Updated May 12.32 UT             2   0.00 19.8  4.349
P22n0vC  10 2026 05 08.3  14.7788  +9.6282 22.3 Updated May 12.45 UT            31   4.10 19.9  0.345
P22n0fQ  97 2026 05 07.4  15.0772 +10.0668 22.7 Updated May 11.31 UT             3   0.04 24.4  5.367
S001563  73 2026 05 07.0  12.9928 -26.9886 21.6 Updated May 12.31 UT             3   0.03 18.9  5.697
P22mZLU  66 2026 05 06.3  11.8405 -15.5251 21.0 Updated May 12.70 UT            19   5.55 20.7  0.949
A11BRI6  35 2026 05 03.0  11.1116 -39.0360 19.0 Updated May 12.68 UT            76   9.17 19.9  0.591
C1EUYV5  35 2026 04 27.5  17.2994 +18.6586 21.8 Updated May 12.54 UT            33  15.04 12.7  0.266
