6EO3221 100 2026 05 25.0  11.1743 -41.1740 17.4 Updated May 25.23 UT            15   0.17 23.4  0.120
A11CUyv  96 2026 05 24.1  17.6105 -57.8064 18.8 Updated May 25.10 UT             7   0.92 17.9  0.219
A11CUyu  96 2026 05 24.4  18.6575  +8.0468 18.1 Updated May 25.13 UT            36   0.66 20.1  0.169
P12nfw2 100 2026 05 24.6  21.0006  -4.1668 21.2 Added May 24.67 UT               3   0.02 22.3  0.674
NAOCLYL  85 2026 05 23.8  15.8960 -20.5484 21.6 Added May 24.59 UT               4   0.10 21.5  1.429
A11CQzo 100 2026 05 24.4  19.8234 -19.1430 18.3 Added May 24.51 UT               5   0.05 29.9  0.851
P12nfqd 100 2026 05 24.4  15.9532 -23.2482 20.5 Updated May 25.14 UT             7   0.71 21.4  0.163
oKr0080 100 2026 05 23.9  23.4839 +18.5195 20.3 Added May 24.47 UT               3   0.00 15.5  1.396
C1F1535  84 2026 05 24.4  16.7559  +6.2034 22.5 Updated May 24.48 UT             8   0.05 20.2  0.811
C1F0TQ5  96 2026 05 24.4  15.9188  -6.9440 21.6 Updated May 25.27 UT            12   0.88 24.3  0.020
C1F0EU5  82 2026 05 24.3  15.4338 -10.0897 22.1 Updated May 24.39 UT             8   0.07 14.8  0.895
C1F0295  90 2026 05 24.3  15.3367  -7.3152 22.1 Updated May 25.21 UT            17   0.88 22.2  0.089
6EN3D21 100 2026 05 24.2  16.6133 -79.1869 19.1 Added May 24.29 UT               3   0.01 19.2  1.051
C1EYPU5  95 2026 05 23.4  15.8445  +3.1746 22.9 Updated May 25.26 UT            11   1.87 24.2  0.037
C1EYPT5  72 2026 05 23.4  15.8095  +0.8731 21.8 Updated May 25.24 UT            25   1.85 24.2  0.057
C1EYD55  69 2026 05 23.3  15.7761 -13.2850 22.1 Updated May 24.30 UT            12   0.95 20.1  1.006
NAOCBPP 100 2026 05 20.7  14.8844 -20.1409 22.3 Updated May 24.34 UT             4   0.13 22.4  4.436
C46CD31 100 2026 05 21.4   1.4381  -3.1532 27.1 Updated May 23.35 UT             7   0.05 28.6  3.843
ST26ED1  98 2026 05 21.2   1.6786 -14.7329 27.5 Updated May 23.35 UT            20   0.16 30.2  3.901
TF26EE0 100 2026 05 20.5  16.3572  +8.8117 24.5 Updated May 24.34 UT             4   0.02 28.8  4.802
ST26EC8  98 2026 05 20.4  21.4933 -30.8015 22.8 Updated May 23.35 UT             6   0.14 28.6  4.849
ST26EC7  98 2026 05 20.4   2.4643  -8.4054 29.9 Updated May 23.35 UT             6   0.11 30.3  4.855
ST26EC5 100 2026 05 20.3  15.2392 -18.6134 20.8 Updated May 24.34 UT             4   0.03 24.8  4.947
P12nfaz  43 2026 05 20.3  13.2229 -27.7026 21.9 Updated May 24.34 UT            12   2.87 18.3  2.094
NAOCAN7 100 2026 05 17.7  15.2816 -21.8843 21.0 Updated May 24.34 UT             4   0.10 19.9  7.433
KPMa1Ih  87 2026 05 18.1  11.1245 -27.8424 23.4 Updated May 24.34 UT             5   0.01 20.8  7.183
CEMVK32  35 2026 05 17.4  16.5173  +8.6528 21.7 Updated May 24.42 UT            50  11.97 20.1  0.881
P12neKs  35 2026 05 14.6  18.0383 +57.0297 19.9 Updated May 25.03 UT           167  10.45 15.1  0.266
