C1EYRR5 100 2026 05 23.4  15.8670  +2.5142 22.6 Updated May 23.48 UT            10   0.09 25.3  0.694
C1EYQL5 100 2026 05 23.4  15.8758  +1.3788 22.3 Updated May 23.48 UT             7   0.09 24.2  0.691
C1EYPU5  97 2026 05 23.4  15.8243  +2.9860 22.9 Updated May 23.49 UT             6   0.07 22.4  0.709
C1EYPT5 100 2026 05 23.4  15.8263  +2.1514 21.8 Updated May 23.79 UT            14   0.08 24.3  0.698
C1EYD55  66 2026 05 23.3  15.8095 -13.0220 22.1 Updated May 23.41 UT            10   0.06 19.4  0.769
C1EXH55 100 2026 05 23.3  13.9873  +5.3703 22.4 Updated May 23.37 UT            10   0.08 23.3  0.797
6EM3521  91 2026 05 23.1  13.1743 -12.1071 20.0 Updated May 23.93 UT            22   0.86 22.3  0.244
NAOCBPP  99 2026 05 20.7  14.8696 -19.4972 22.1 Updated May 22.70 UT             4   0.13 22.4  3.309
CZYNHKZ 100 2026 05 14.4  16.3646  +2.2765 21.8 Updated May 23.35 UT             4   0.02 22.7  9.773
C46CD31 100 2026 05 21.4   1.1853  -3.4823 26.0 Updated May 23.35 UT             7   0.05 28.6  2.717
ST26ED1  98 2026 05 21.2   1.5679 -15.1405 26.6 Updated May 23.35 UT            20   0.16 30.2  2.775
TF26EE0 100 2026 05 20.5  16.3744  +8.8165 24.0 Updated May 22.38 UT             4   0.02 28.7  3.676
ST26EC8  98 2026 05 20.4  20.8900 -29.9641 22.0 Updated May 23.35 UT             6   0.14 28.6  3.722
ST26EC7  98 2026 05 20.4   2.4350  -8.4085 29.4 Updated May 23.35 UT             6   0.11 30.3  3.728
ST26EC5 100 2026 05 20.3  15.4507 -17.3488 20.2 Updated May 22.38 UT             4   0.03 24.9  3.821
P12nffX  10 2026 05 20.5  16.3384 -21.0212 21.7 Updated May 22.44 UT            15   7.94 19.3  1.763
P12nfaz  38 2026 05 20.3  13.2311 -27.9153 22.0 Updated May 23.25 UT            12   2.87 18.4  0.967
NAOCAN7 100 2026 05 17.7  15.2790 -21.8494 20.8 Updated May 22.38 UT             4   0.10 19.7  6.307
KPMa1Ih  87 2026 05 18.1  11.1237 -27.3686 23.4 Updated May 22.38 UT             5   0.01 20.8  6.056
CEMVK32  55 2026 05 17.4  16.5990  +9.1918 21.6 Updated May 23.35 UT            47   9.02 20.1  2.701
P12neKs  35 2026 05 14.6  18.0762 +57.1788 19.9 Updated May 23.97 UT           154   9.38 15.1  0.205
