6E94521 100 2026 05 10.4  19.3014 -54.1793 18.4 Added May 10.41 UT               3   0.01 20.8  0.148
CELUGR2  98 2026 05 10.3  15.0435 +31.3459 20.4 Updated May 10.42 UT            10   0.09 26.1  0.101
CELUGK2 100 2026 05 10.3  14.7988 +29.9331 21.6 Updated May 10.44 UT            11   0.10 23.4  0.087
ZTF10Do  98 2026 05 10.2  12.7445 -15.0637 18.7 Updated May 10.48 UT             6   0.23 26.6  0.062
ST26E26  98 2026 05 10.2  15.1472  -6.1544 19.6 Updated May 10.42 UT            10   0.17 29.2  0.104
ST26E25  98 2026 05 10.2  14.8273  -2.2509 20.2 Updated May 10.42 UT            13   0.17 28.7  0.109
CELU1Q2 100 2026 05 10.2  11.5828 +31.3896 22.0 Updated May 10.32 UT             7   0.11 25.8  0.211
ST26E24  98 2026 05 10.2  12.4173  -5.2194 18.8 Updated May 10.35 UT            10   0.17 28.9  0.174
P22n4ou  89 2026 05 09.4  14.7335  +7.5081 21.6 Updated May 10.23 UT            11   0.86 21.5  0.300
ZTF10Dn 100 2026 05 09.3  16.4395 -12.1944 18.8 Added May 9.51 UT                4   0.04 26.9  1.187
XA9ttXA  99 2026 05 08.8  15.1455  +1.7803 22.2 Updated May 10.41 UT             8   1.61 20.7  0.150
ST26E18 100 2026 05 09.4  15.6063 -15.8224 20.5 Added May 9.37 UT                4   0.00 28.7  1.157
CELT2A2  94 2026 05 09.3  13.6820 +35.5781 20.4 Updated May 10.36 UT            24   0.91 21.5  0.341
CELT0C2  93 2026 05 09.2  12.9080 +40.4397 20.9 Updated May 10.15 UT            16   0.89 22.9  0.381
CELRZD2 100 2026 05 09.2  12.5987 +35.0224 21.7 Updated May 9.36 UT              8   0.10 22.8  1.175
TF26E23 100 2026 05 09.2  13.1045  -4.7663 17.1 Updated May 10.51 UT             2   0.00 19.6  1.306
gb00845  77 2026 05 08.8  13.0347 -10.0090 20.1 Updated May 10.50 UT            51   1.53 23.9  0.187
P22n0x5  72 2026 05 08.5  15.3182 -15.1506 20.4 Updated May 10.09 UT            30   1.70 30.0  0.446
ZTF10Dl 100 2026 05 08.3  18.4099 -15.4687 20.0 Updated May 10.31 UT             4   0.03 27.0  2.154
ST26E14 100 2026 05 08.4  13.3924  -3.6563 17.9 Updated May 10.31 UT             2   0.00 21.3  2.098
P22n0vC  26 2026 05 08.3  14.8343  +9.9602 22.3 Updated May 10.26 UT            22   1.91 19.8  0.275
CELLEH2  86 2026 05 08.3  15.8237 -15.8513 22.6 Updated May 10.22 UT            12   1.86 32.6  0.366
CELHF72  75 2026 05 08.3  14.9761  -9.9077 21.3 Updated May 10.28 UT            30   1.97 24.6  0.251
P22n0gv  86 2026 05 07.6  17.1939 +48.0786 21.2 Updated May 10.42 UT            28   2.80 21.4  0.125
P22n0fQ  97 2026 05 07.4  15.0898  +9.8895 22.1 Updated May 9.34 UT              3   0.04 24.3  3.115
ZTF10Di 100 2026 05 07.4  21.9404 -11.4450 22.0 Updated May 9.34 UT              4   0.02 27.4  3.130
S001563  73 2026 05 07.0  13.0022 -26.8788 21.5 Updated May 9.33 UT              3   0.03 17.7  3.446
P22mZLU  93 2026 05 06.3  11.7527 -17.3581 20.9 Updated May 10.51 UT            10   1.71 20.6  2.542
A11BX2S 100 2026 05 05.2  19.2147  +1.5149 20.2 Updated May 9.33 UT              2   0.01 24.8  5.292
A11BRI6  53 2026 05 03.0  10.6370 -40.2030 18.8 Updated May 10.31 UT            50   5.00 19.9  2.506
ZTF10Df  98 2026 05 02.2  10.4182  +1.4455 23.5 Updated May 9.33 UT              9   0.68 26.6  7.679
C1EUYV5  91 2026 04 27.5  17.3296 +18.5311 21.8 Updated May 10.33 UT            24  12.79 12.7  0.265
