A11CvyY 100 2026 05 17.4  14.1804 -24.5901 19.3 Updated May 17.49 UT             8   0.04 21.9  0.125
CEMVK32  98 2026 05 17.4  17.1338 +12.3682 21.7 Updated May 17.51 UT            14   0.11 19.4  0.053
CEMVGV2  98 2026 05 17.3  16.1532 +11.1995 20.0 Updated May 17.49 UT            18   0.11 26.0  0.073
CEMV1Q2  98 2026 05 17.3  15.1709  +7.7193 20.9 Updated May 17.44 UT            16   0.13 26.3  0.096
CEMUUC2 100 2026 05 17.3  14.4779  +9.3157 20.5 Updated May 17.39 UT            14   0.10 25.6  0.143
A11Cvk7 100 2026 05 16.9  14.0407 -73.2611 19.6 Added May 16.99 UT               4   0.03 21.5  0.599
CEMRK82  84 2026 05 16.5  21.5445  -9.9175 21.6 Added May 16.49 UT               3   0.01 17.7  1.064
6EF1B21  97 2026 05 16.2  15.3583 -17.5781 19.6 Updated May 17.34 UT            10   1.16 26.3  0.197
ST26E98  86 2026 05 16.3  19.1947 +31.1116 21.4 Updated May 17.34 UT            17   1.63 29.0  0.555
CEMK452  77 2026 05 16.3  14.2951  -4.5202 21.5 Updated May 17.33 UT            24   1.03 22.1  0.215
A11Cswo 100 2026 05 16.0  17.2404 -23.5523 18.6 Updated May 17.33 UT             4   0.02 22.1  1.526
ZTF10Du 100 2026 05 15.3  16.6352 -35.4935 18.8 Updated May 17.33 UT             4   0.03 26.4  2.229
ST26E84  98 2026 05 15.4  15.2415 +10.7695 20.4 Updated May 17.33 UT             6   0.47 26.4  1.638
ST26E76  74 2026 05 15.2  14.2294  +8.6621 23.1 Updated May 17.28 UT            17   2.00 30.8  0.291
ST26E75  98 2026 05 15.2   2.4639 -27.3289 24.9 Updated May 16.82 UT             7   0.09 28.6  2.208
P12neKs  91 2026 05 14.6  18.2876 +57.8359 20.3 Updated May 17.36 UT            48   2.50 15.4  0.456
P12nc1c  82 2026 05 14.5  16.7415  -5.9698 21.7 Updated May 17.45 UT            31   2.96 20.2  0.080
RFD0300 100 2026 05 13.0  19.5562 -44.6731 24.8 Updated May 16.38 UT             2   0.00 29.8  4.497
CEMAUH2 100 2026 05 14.4  16.1451  -7.9688 21.2 Updated May 16.38 UT             6   0.07 23.9  3.085
ST26E61 100 2026 05 14.3  16.6580  +0.6974 23.4 Updated May 16.38 UT             6   0.05 29.0  3.161
MZ26075 100 2026 05 13.8  16.7973  -1.0987 22.4 Updated May 16.37 UT             3   0.01 27.4  3.705
A11CmCW 100 2026 05 13.3   6.2123 -72.0606 20.8 Updated May 16.38 UT             4   0.02 24.8  4.153
A11CmCS 100 2026 05 13.3  17.1604 -31.3226 20.3 Updated May 16.38 UT             4   0.04 25.4  4.211
OCA1642  84 2026 05 13.1  13.7146 -31.3491 19.4 Updated May 16.37 UT             3   0.02 14.0  4.400
CEM26R2  10 2026 05 12.4  16.5399 +15.2661 20.5 Updated May 17.49 UT            38   5.52 17.0  0.457
CEM1XD2  11 2026 05 12.3  14.4449 +17.0662 22.3 Updated May 17.20 UT            25   9.86 19.3  0.342
S001563  73 2026 05 07.0  12.9804 -27.2040 21.7 Updated May 16.37 UT             3   0.03 18.3 10.450
C1EUYV5  35 2026 04 27.5  17.2339 +18.9031 21.9 Updated May 16.81 UT            36 300.17 12.8  1.066
