A11CDyX 100 2026 05 18.0  10.7896 -33.3664 19.6 Added May 18.22 UT               4   0.02 21.1  0.463
P22nf7J 100 2026 05 17.6  16.3979 +33.3134 21.0 Updated May 18.37 UT             9  20.57 23.1  0.549
P22nf7G 100 2026 05 17.6  16.2082 +34.9397 22.1 Added May 17.77 UT               4   0.04 22.8  0.925
P22nf3F  32 2026 05 17.5  17.5993 +37.0259 21.4 Updated May 18.35 UT            12   0.81 19.0  0.228
CEMVK32 100 2026 05 17.4  17.0476 +11.8951 21.6 Updated May 18.33 UT            30   5.77 20.2  0.323
A11Cvk7 100 2026 05 16.9  13.6850 -72.4939 19.6 Updated May 18.37 UT             4   0.03 22.7  1.600
CEMRK82  84 2026 05 16.5  21.5728 -10.1106 21.5 Updated May 18.37 UT             3   0.01 17.3  2.065
A11Cswo 100 2026 05 16.0  17.1855 -23.3330 18.5 Updated May 18.37 UT             4   0.02 20.9  2.527
ZTF10Du 100 2026 05 15.3  16.8939 -36.4404 19.6 Updated May 18.37 UT             4   0.03 26.4  3.231
ST26E84  98 2026 05 15.4  15.4272 +10.7096 20.7 Updated May 18.37 UT             6   0.47 26.4  2.640
ST26E75  98 2026 05 15.2   2.5048 -23.3732 26.4 Updated May 18.37 UT             7   0.09 28.6  3.209
P12neKs  35 2026 05 14.6  18.2572 +57.7595 20.2 Updated May 18.33 UT            58   3.67 15.3  0.290
RFD0300 100 2026 05 13.0  19.2669 -43.9763 25.2 Updated May 18.38 UT             2   0.00 29.8  5.499
CEMAUH2 100 2026 05 14.4  16.0212 -11.8975 21.2 Updated May 18.39 UT             6   0.07 23.9  4.086
ST26E61 100 2026 05 14.3  16.7018  +0.7339 23.9 Updated May 18.39 UT             6   0.05 28.9  4.163
MZ26075 100 2026 05 13.8  18.0014 +22.1287 21.1 Updated May 18.37 UT             3   0.01 25.0  4.707
A11CmCW 100 2026 05 13.3   6.4196 -69.7321 21.1 Updated May 18.39 UT             4   0.02 25.6  5.154
A11CmCS 100 2026 05 13.3  17.2368 -30.3707 20.7 Updated May 18.37 UT             4   0.04 25.6  5.213
OCA1642  84 2026 05 13.1  13.6981 -31.4052 19.5 Updated May 18.37 UT             3   0.02 14.2  5.401
S001563  73 2026 05 07.0  12.9753 -27.2561 21.6 Updated May 18.37 UT             3   0.03 17.7 11.452
C1EUYV5  35 2026 04 27.5  17.2198 +18.9502 21.9 Updated May 16.81 UT            36 300.17 12.8  2.068
