ST26EB3 100 2026 05 19.3  16.0180  -5.6151 19.2 Added May 19.27 UT               2   0.00 26.9  0.020
MZ26114 100 2026 05 18.8  15.7793 -12.2627 18.9 Added May 19.23 UT               6   0.01 22.6  0.464
6EI3621  98 2026 05 19.1  12.7399  -7.2392 20.3 Updated May 19.21 UT            13   0.13 27.0  0.078
NAOCAN7 100 2026 05 17.7  15.2734 -21.7184 20.6 Added May 19.07 UT               4   0.10 19.6  1.429
KPMa1Ih  87 2026 05 18.1  11.1341 -25.1087 23.2 Added May 18.68 UT               5   0.01 21.2  1.179
A11CDyX 100 2026 05 18.0  10.8308 -32.8305 19.7 Updated May 19.02 UT             9   0.92 20.6  0.311
P22nf7G 100 2026 05 17.6  16.2270 +35.6036 22.1 Added May 17.77 UT               4   0.04 22.8  1.676
P22nf3F  32 2026 05 17.5  17.5985 +37.1510 21.4 Updated May 18.35 UT            12   0.81 19.0  0.979
CEMVK32 100 2026 05 17.4  16.9840 +11.5371 21.5 Updated May 19.19 UT            32   6.64 20.1  0.204
A11Cvk7 100 2026 05 16.9  13.4302 -71.8000 19.6 Updated May 18.37 UT             4   0.03 22.7  2.352
CEMRK82  84 2026 05 16.5  21.5941 -10.2588 21.5 Updated May 18.37 UT             3   0.01 17.3  2.816
A11Cswo 100 2026 05 16.0  17.1405 -23.1470 18.4 Updated May 18.37 UT             4   0.02 20.9  3.279
ST26E84  98 2026 05 15.4  15.5413 +10.6473 20.9 Updated May 18.37 UT             6   0.47 26.4  3.391
ST26E75  98 2026 05 15.2   2.5186 -22.0309 27.0 Updated May 18.37 UT             7   0.09 28.6  3.961
P12neKs  35 2026 05 14.6  18.2339 +57.6970 20.1 Updated May 19.21 UT            69   4.41 15.2  0.302
CEMAUH2 100 2026 05 14.4  15.9375 -14.4803 21.2 Updated May 18.39 UT             6   0.07 23.9  4.838
C1EUYV5  35 2026 04 27.5  17.2091 +18.9844 21.9 Updated May 16.81 UT            36 300.17 12.8  2.819
