CZYNHKZ 100 2026 05 14.4  16.3788  +2.5614 21.2 Added May 21.77 UT               4   0.02 22.0  7.439
TF26EF3 100 2026 05 21.5  15.4537 +13.4011 18.0 Added May 21.59 UT               2   0.00 19.6  0.350
TF26EF2 100 2026 05 21.5  15.4516 +13.3650 18.2 Updated May 21.59 UT             2   0.00 22.4  0.354
P22nfmx 100 2026 05 21.3  14.3412  +1.4572 20.9 Updated May 21.65 UT             6   0.16 24.5  0.470
C46CD31 100 2026 05 21.4  18.0150  -3.4628 18.4 Updated May 21.45 UT             5   0.05 28.5  0.383
ST26ED8 100 2026 05 21.3  17.9294 +10.4247 20.1 Updated May 21.66 UT            15   0.14 25.8  0.355
ST26ED4  98 2026 05 21.3  15.4303 +18.1826 19.8 Updated May 21.70 UT            11   0.16 27.7  0.384
ST26ED1  98 2026 05 21.2  17.9601  -6.6912 17.4 Updated May 21.71 UT            20   0.16 30.2  0.441
TF26EE0 100 2026 05 20.5  16.4410  +8.7338 22.1 Updated May 20.74 UT             4   0.02 28.7  1.342
ST26EC8  98 2026 05 20.4  17.9249 -16.3051 19.7 Updated May 21.71 UT             6   0.14 28.6  1.389
ST26EC7  98 2026 05 20.4   2.1775  -8.2009 26.8 Updated May 21.71 UT             6   0.11 30.2  1.395
ST26EC5 100 2026 05 20.3  16.3520 -11.2332 19.1 Updated May 20.59 UT             4   0.03 24.6  1.487
P12nfgD  10 2026 05 20.4  15.9718  -7.4108 21.8 Updated May 21.76 UT            28 5292.06 20.0  0.412
P12nffX  10 2026 05 20.5  16.3808 -20.8002 21.6 Updated May 21.77 UT            12   6.91 18.9  0.456
P12nffV  47 2026 05 20.5  16.5036 -19.0231 20.5 Updated May 21.76 UT            16   2.09 20.3  0.425
P12nfaz  50 2026 05 20.3  13.2502 -28.3562 22.0 Updated May 21.47 UT             8   1.05 18.5  0.457
P22nfat  20 2026 05 20.4  16.1923 +21.4568 22.1 Updated May 21.73 UT            25 622.93 19.6  0.395
A11CGDI  84 2026 05 19.2  17.3768 -43.0367 18.6 Updated May 21.20 UT            27   1.72 21.4  0.914
NAOCAN7 100 2026 05 17.7  15.2762 -21.7920 20.7 Updated May 21.35 UT             4   0.10 19.6  3.974
KPMa1Ih  87 2026 05 18.1  11.1258 -26.3137 23.3 Updated May 21.35 UT             5   0.01 20.8  3.723
CEMVK32  35 2026 05 17.4  16.7770 +10.3148 21.6 Updated May 21.47 UT            47   9.02 20.1  0.368
ST26E75  98 2026 05 15.2   2.5401 -20.0316 28.1 Updated May 21.35 UT             7   0.09 28.5  6.505
P12neKs  35 2026 05 14.6  18.1531 +57.4519 20.0 Updated May 21.47 UT           118   6.83 15.2  0.418
