ZTF10Du 100 2026 05 15.3  15.2051 -27.5554 17.0 Added May 15.45 UT               4   0.03 26.1  0.688
ST26E84 100 2026 05 15.4  14.8351 +10.7256 20.0 Updated May 15.45 UT             4   0.03 24.4  0.541
TF26E97  98 2026 05 15.3  15.9785 -19.4279 18.8 Updated May 15.57 UT             4   0.12 27.4  0.534
ST26E76  98 2026 05 15.2  14.4722  +7.1128 21.1 Updated May 15.92 UT            11   0.67 30.6  0.072
ST26E75 100 2026 05 15.2  14.7653  -9.9618 18.4 Updated May 15.38 UT             4   0.01 25.6  0.750
6EE3C21  96 2026 05 15.2  15.6722 -21.5173 19.1 Updated May 15.97 UT            14   0.76 25.9  0.029
A11Cr0m 100 2026 05 15.0  16.0245 -51.6147 17.9 Updated May 15.37 UT            14   0.31 20.0  0.692
P12neKJ 100 2026 05 14.3  13.0133 -23.4069 20.9 Updated May 15.88 UT            13   1.51 20.1  0.141
P12neKs  67 2026 05 14.6  18.3333 +57.9389 20.2 Updated May 15.94 UT            13   1.36 15.3  0.050
P12nc1c  96 2026 05 14.5  16.7837  -6.4335 21.7 Updated May 15.38 UT            21   0.90 20.1  0.605
RFD0300 100 2026 05 13.0   0.0870 -31.9033 25.3 Added May 14.52 UT               2   0.00 29.5  2.956
CEMAUH2 100 2026 05 14.4  16.3405  -1.6291 21.3 Updated May 14.46 UT             6   0.07 24.0  1.543
ST26E61 100 2026 05 14.3  16.5166  +0.5377 22.2 Updated May 14.37 UT             6   0.05 28.7  1.620
ST26E57  98 2026 05 14.3  16.6882 -12.1359 19.5 Updated May 15.95 UT            15   1.67 28.0  0.042
MZ26075 100 2026 05 13.8  17.2029  +7.6038 20.2 Updated May 15.33 UT             3   0.01 25.5  2.163
A11CmCW 100 2026 05 13.3   5.8481 -73.2463 19.9 Updated May 15.33 UT             4   0.02 25.5  2.611
A11CmCS 100 2026 05 13.3  16.9107 -34.4087 19.8 Updated May 15.33 UT             4   0.04 25.5  2.670
OCA1642  84 2026 05 13.1  13.7392 -31.2652 19.4 Updated May 15.33 UT             3   0.02 13.1  2.858
CEM26R2  18 2026 05 12.4  16.5691 +15.3681 20.6 Updated May 15.33 UT            21   2.69 17.0  1.746
CEM1XD2  11 2026 05 12.3  14.4761 +17.3058 22.2 Updated May 15.17 UT            22   7.84 19.2  0.825
SO0005e 100 2026 05 11.7   0.1721  +6.3355 27.2 Updated May 14.35 UT             3   0.00 28.9  4.274
SO0005d 100 2026 05 11.7  19.1721 -24.2337 22.3 Updated May 14.34 UT             4   0.00 28.2  4.273
SO0005c 100 2026 05 11.7  22.7771 -29.0563 24.2 Updated May 14.34 UT             3   0.00 28.6  4.327
SO0005b 100 2026 05 11.6  23.0023  -7.9166 23.0 Updated May 14.34 UT             3   0.00 26.6  4.338
CELXZH2 100 2026 05 11.3  14.7257 +24.4318 22.2 Updated May 14.35 UT             3   0.01 25.0  4.637
S001563  73 2026 05 07.0  12.9790 -27.1454 21.6 Updated May 14.34 UT             3   0.03 17.5  8.908
C1EUYV5  35 2026 04 27.5  17.2554 +18.8276 21.9 Updated May 15.51 UT            36 299.14 12.8  0.555
