ST26E39 100 2026 05 12.2  13.2038 -17.3817 19.1 Updated May 12.22 UT             4   0.02 24.7  0.019
6EB3121 100 2026 05 12.0  10.2797  -7.5140 20.0 Updated May 12.18 UT             9   0.19 23.7  0.068
SO0005e 100 2026 05 11.7  19.9722 -32.3929 18.9 Added May 12.10 UT               3   0.00 28.8  0.522
SO0005d 100 2026 05 11.7  17.1824 -32.5660 18.2 Added May 12.10 UT               4   0.00 27.8  0.520
SO0005c 100 2026 05 11.7  18.2870 -33.9085 19.0 Added May 12.05 UT               3   0.00 28.5  0.574
SO0005b 100 2026 05 11.6  21.1817 -24.3464 17.8 Added May 12.04 UT               3   0.00 26.6  0.585
CELY6P2  99 2026 05 11.4  17.0203 +18.6484 20.6 Updated May 12.03 UT            11   0.59 25.8  0.220
C469HY1  91 2026 05 11.4  17.7045 +18.3238 18.5 Updated May 12.10 UT            26   0.68 25.7  0.152
6EA3I21  62 2026 05 11.3  19.4309  -5.2113 17.0 Added May 11.37 UT               3   0.01 13.0  0.900
CELXZH2 100 2026 05 11.3  14.7980 +24.0467 22.7 Added May 11.37 UT               3   0.01 22.0  0.885
CELXRN2  91 2026 05 11.3  13.1315 +26.8901 21.0 Updated May 12.21 UT            30   0.90 22.3  0.057
TF26E51 100 2026 05 11.3  15.3744  +9.1318 19.3 Added May 11.28 UT               2   0.00 23.3  0.958
ST26E34 100 2026 05 10.5  14.6387 +26.8339 21.5 Added May 10.70 UT               2   0.00 26.4  1.772
6E94521  96 2026 05 10.4  19.4269 -58.1690 19.5 Updated May 12.19 UT            19   1.81 19.1  0.059
CELUGK2  86 2026 05 10.3  14.8158 +27.0228 21.6 Updated May 12.20 UT            35   1.86 24.5  0.038
ZTF10Dn 100 2026 05 09.3  16.9107 -12.9912 20.6 Updated May 11.31 UT             4   0.04 26.9  2.897
XA9ttXA  77 2026 05 08.8  15.1105  +1.8646 22.5 Updated May 12.19 UT            16   3.41 21.8  0.064
ST26E18 100 2026 05 09.4  15.4856 -14.3800 22.9 Updated May 11.31 UT             4   0.00 30.1  2.866
CELRZD2 100 2026 05 09.2  12.4932 +36.0627 22.2 Updated May 11.31 UT             8   0.10 22.6  2.884
TF26E23 100 2026 05 09.2  12.9473  -3.7390 17.8 Updated May 12.22 UT             2   0.00 19.6  3.016
ZTF10Dl 100 2026 05 08.3  18.8804 -15.5238 21.3 Updated May 10.31 UT             4   0.03 27.0  3.864
ST26E14 100 2026 05 08.4  13.3479  -3.1854 17.9 Updated May 10.31 UT             2   0.00 21.3  3.808
P22n0vC  24 2026 05 08.3  14.7921  +9.7112 22.3 Updated May 12.21 UT            28   3.86 19.9  0.034
CELLEH2  86 2026 05 08.3  15.8783 -16.6766 23.7 Updated May 11.82 UT            14   1.86 32.7  2.076
P22n0fQ  97 2026 05 07.4  15.0802 +10.0310 22.6 Updated May 11.31 UT             3   0.04 24.4  4.825
ZTF10Di 100 2026 05 07.4  22.1875 -10.6944 23.1 Updated May 11.31 UT             4   0.02 27.4  4.840
S001563  73 2026 05 07.0  12.9931 -26.9651 21.5 Updated May 11.31 UT             3   0.03 17.9  5.156
P22mZLU  73 2026 05 06.3  11.8190 -15.9656 21.0 Updated May 11.60 UT            17   4.96 20.7  0.999
A11BRI6  35 2026 05 03.0  11.0095 -39.3258 19.0 Updated May 12.03 UT            60   8.46 19.9  0.760
C1EUYV5  35 2026 04 27.5  17.3067 +18.6285 21.7 Updated May 11.29 UT            30  13.80 12.6  0.964
