A11Cvk7 100 2026 05 16.9  14.2379 -73.5834 19.6 Added May 16.99 UT               4   0.03 21.5  0.099
CEMRK82  79 2026 05 16.5  21.5304  -9.8235 21.6 Added May 16.49 UT               3   0.01 17.7  0.564
6EF1B21  99 2026 05 16.2  15.2915 -17.8339 20.1 Added May 16.40 UT               3   0.01 21.4  0.840
ST26E98  88 2026 05 16.3  18.5781 +24.2257 20.8 Updated May 16.79 UT            17   1.12 29.0  0.564
CEMK452  91 2026 05 16.3  14.2868  -4.5999 21.5 Updated May 16.34 UT             8   0.05 20.4  0.699
ST26E89  84 2026 05 16.2  13.2042  -1.8817 17.2 Updated May 16.98 UT            56   0.74 28.9  0.074
CEMEEG2  86 2026 05 16.2  12.3557  -9.0034 20.9 Updated May 17.01 UT            20   0.77 24.5  0.060
A11Cswo 100 2026 05 16.0  17.2660 -23.6735 18.8 Added May 16.13 UT               4   0.02 20.7  1.026
ZTF10Du 100 2026 05 15.3  16.2302 -33.8619 18.4 Added May 15.45 UT               4   0.03 26.1  1.729
ST26E84  98 2026 05 15.4  15.1282 +10.7854 20.3 Updated May 16.23 UT             6   0.47 26.4  1.138
ST26E76  86 2026 05 15.2  14.2747  +8.3810 22.5 Updated May 16.22 UT            17   0.93 30.7  0.861
ST26E75  98 2026 05 15.2   2.4052 -32.4706 23.6 Updated May 16.82 UT             7   0.09 28.6  1.708
6EE3C21  79 2026 05 15.2  15.8929 -18.6252 19.5 Updated May 16.99 UT            30   1.78 25.8  0.050
A11Cr0m  74 2026 05 15.0  16.0896 -49.4820 17.8 Updated May 17.02 UT            23   2.03 20.1  0.019
P12neKs  91 2026 05 14.6  18.3026 +57.8713 20.2 Updated May 16.98 UT            39   2.40 15.3  0.057
P12nc1c  84 2026 05 14.5  16.7555  -6.1211 21.7 Updated May 16.36 UT            28   1.87 20.1  0.671
RFD0300 100 2026 05 13.0  19.4904 -44.5302 24.5 Updated May 16.38 UT             2   0.00 29.8  3.997
CEMAUH2 100 2026 05 14.4  16.2059  -6.0077 21.3 Updated May 16.38 UT             6   0.07 23.9  2.585
ST26E61 100 2026 05 14.3  16.6266  +0.6652 23.1 Updated May 16.38 UT             6   0.05 29.0  2.661
MZ26075 100 2026 05 13.8  16.7782  -1.4534 22.2 Updated May 16.37 UT             3   0.01 27.4  3.205
A11CmCW 100 2026 05 13.3   6.1152 -72.6031 20.5 Updated May 16.38 UT             4   0.02 24.8  3.653
A11CmCS 100 2026 05 13.3  17.0986 -32.1148 20.1 Updated May 16.38 UT             4   0.04 25.4  3.711
OCA1642  84 2026 05 13.1  13.7225 -31.3221 19.4 Updated May 16.37 UT             3   0.02 14.0  3.900
CEM26R2  10 2026 05 12.4  16.5494 +15.3009 20.7 Updated May 16.91 UT            35   5.35 17.1  0.125
CEM1XD2  16 2026 05 12.3  14.4550 +17.1456 22.2 Updated May 16.38 UT            22   7.84 19.2  1.867
SO0005e 100 2026 05 11.7   0.2819  +7.5591 27.9 Updated May 16.38 UT             3   0.00 29.4  5.316
SO0005d 100 2026 05 11.7  19.2364 -23.7996 22.8 Updated May 16.38 UT             4   0.00 28.1  5.315
SO0005c 100 2026 05 11.7  23.0704 -27.2733 24.8 Updated May 16.38 UT             3   0.00 28.4  5.369
SO0005b 100 2026 05 11.6  23.0192  -7.7192 23.4 Updated May 16.37 UT             3   0.00 26.6  5.380
S001563  73 2026 05 07.0  12.9812 -27.1824 21.6 Updated May 16.37 UT             3   0.03 18.3  9.950
C1EUYV5  35 2026 04 27.5  17.2409 +18.8790 21.9 Updated May 16.81 UT            36 300.17 12.8  0.566
