P12o62f  99 2026 07 13.6  23.3086 -16.2505 20.6 Added July 13.77 UT              3   0.02 18.1  0.198
P12o4wA  96 2026 07 13.5  21.3038  -6.7915 21.4 Added July 13.62 UT              3   0.03 20.1  0.280
P12o4wi 100 2026 07 13.5  21.7730  -6.6044 20.9 Updated July 13.64 UT            3   0.03 21.8  0.258
P12o4wj 100 2026 07 13.5  21.4000  -5.0393 21.7 Updated July 13.78 UT            7   0.04 22.0  0.262
P12o4wh 100 2026 07 13.5  21.4818  -6.9347 21.5 Updated July 13.64 UT            4   0.04 24.7  0.262
PDO0160 100 2026 07 13.1  21.8544  +4.9847 21.4 Updated July 13.63 UT            5   0.52 25.7  0.209
P12o4vT 100 2026 07 13.4  16.5359 -10.2501 19.8 Updated July 13.75 UT            6   0.21 20.0  0.214
P12o4vO 100 2026 07 11.6   9.5877 -10.9788 24.9 Updated July 13.24 UT            3   0.01 26.0  2.191
P12o4vF 100 2026 07 11.5  22.7197 -18.3295 21.9 Updated July 12.57 UT            7   1.01 19.4  1.236
P12o4vm  47 2026 07 11.5  22.4703 -18.3312 20.6 Updated July 13.66 UT           14   2.13 19.0  1.241
P12o4vl 100 2026 07 11.5  22.4263 -19.0122 20.7 Updated July 12.55 UT            7   1.00 18.5  1.247
P12o4v9  84 2026 07 11.6  23.0531 -18.1457 20.8 Updated July 13.77 UT           16   3.16 21.4  0.199
ZTF10El 100 2026 07 11.3   0.4766  -3.1193 21.6 Updated July 13.24 UT            4   0.02 27.7  2.452
ZTF10En 100 2026 07 11.4   9.9253 -26.0569 27.7 Updated July 13.24 UT            2   0.00 29.8  2.389
S001621 100 2026 07 11.2  22.0786 -33.1810 20.6 Updated July 13.67 UT            8   1.89 21.7  0.676
A11EvW0 100 2026 07 11.3  20.1296 -26.0983 19.6 Updated July 13.23 UT            4   0.02 24.9  2.515
ST26G26 100 2026 07 10.5  20.4962  +0.7947 21.7 Updated July 12.25 UT            4   0.01 27.0  3.324
TF26G22 100 2026 07 10.3  11.2934 -11.1467 23.4 Updated July 13.24 UT            4   0.94 24.8  2.554
ST26G18 100 2026 07 10.3   8.2924 +47.0901 27.9 Updated July 12.25 UT            4   0.02 26.1  3.460
ST26G17 100 2026 07 10.3   7.7203 -18.1877 28.8 Updated July 12.25 UT            2   0.00 28.8  3.503
A11Evap  10 2026 07 09.9  19.8432 -33.6687 19.0 Updated July 13.61 UT           29   3.64 21.9  0.222
P12o0YY  99 2026 07 09.5  20.6822 -20.7125 20.8 Updated July 12.25 UT            6   0.08 18.9  4.248
P12o0Y1  81 2026 07 08.5  20.1185 -29.1365 21.3 Updated July 13.31 UT           16  21.75 22.6  0.492
P12nXce 100 2026 07 08.5  21.6892 -35.8042 21.1 Updated July 12.31 UT           14   3.65 21.5  1.631
A11EpSe  73 2026 07 08.2  19.6311 -29.4129 19.2 Updated July 13.64 UT           21   5.44 19.1  0.178
W2nCdO   79 2026 07 07.4  19.1755 -24.9062 24.1 Updated July 12.25 UT           11  19.01 26.6  4.367
ST26G01  98 2026 07 07.2  21.6027 -61.7199 22.5 Updated July 12.25 UT           14   0.10 27.0  6.441
P22nTNT  10 2026 07 06.5  18.2803 +16.8710 21.1 Updated July 13.67 UT           39   6.85 19.1  0.481
MAS0006  35 2026 06 19.3  18.3463 +23.9445 19.9 Updated July 13.56 UT          158  23.71  8.9  0.774
P22nJzF  35 2026 06 22.5  22.4706 +18.7514 21.5 Updated July 12.25 UT           23  25.46 14.1  3.783
