CEP5YT2 100 2026 05 27.2  14.3110 +38.1313 21.3 Updated May 28.19 UT            11   0.93 25.0  0.442
A11CWPw 100 2026 05 26.6   1.0688  +7.1722 19.8 Updated May 28.36 UT             4   0.02 28.8  2.042
C1F4195 100 2026 05 26.4  16.1479 +10.5307 22.7 Updated May 28.36 UT             7   0.07 27.7  2.169
P12nfxd 100 2026 05 25.6  17.7945 +17.2876 21.9 Updated May 28.36 UT            14   2.00 22.6  2.183
C1F32J5 100 2026 05 25.4  17.1774 +17.7928 22.0 Updated May 27.70 UT            11   1.88 23.6  1.284
C1F3245  48 2026 05 25.4  16.9662 +10.4061 22.7 Updated May 28.36 UT            11   1.00 20.3  2.173
SJA1250 100 2026 05 24.9  16.7338 +60.5048 20.2 Updated May 27.36 UT             3   0.03 17.1  3.651
C1F2HL5 100 2026 05 25.4  16.6700 -12.1796 22.4 Updated May 28.36 UT             8   0.07 25.5  3.195
C1F1TD5 100 2026 05 25.3  15.8274  +4.5407 25.5 Updated May 28.36 UT             4   0.02 33.9  3.293
C03UYWZ  98 2026 05 23.4  16.7171 +16.1305 22.2 Updated May 27.70 UT            13   5.98 23.1  2.195
P12nfw2 100 2026 05 24.6  21.1856  -2.8124 21.7 Updated May 27.69 UT            14   3.01 20.3  1.016
NAOCLYL  85 2026 05 23.8  15.9104 -17.3700 21.9 Updated May 28.36 UT             4   0.10 21.5  4.765
A11CQzo 100 2026 05 24.4  22.3072 -16.1661 22.0 Updated May 28.36 UT             5   0.05 29.8  4.187
oKr0080 100 2026 05 23.9  23.4959 +18.6138 20.4 Updated May 28.36 UT             3   0.00 17.8  4.732
C1F1535  97 2026 05 24.4  16.7580  +7.1436 22.3 Updated May 28.36 UT            11   0.87 23.3  3.336
6EN3D21 100 2026 05 24.2  16.1044 -80.5308 18.9 Updated May 28.36 UT             3   0.01 18.8  4.387
C1EYPU5 100 2026 05 23.4  15.9020  +3.6355 22.9 Updated May 28.37 UT            11   1.87 24.1  3.373
NAOCBPP  99 2026 05 20.7  14.9365 -22.2480 22.4 Updated May 28.36 UT             4   0.13 22.4  7.772
ST26EC8  98 2026 05 20.4  22.2801 -30.9381 24.1 Updated May 28.36 UT             6   0.14 28.6  8.185
P12nfaz  43 2026 05 20.3  13.2026 -27.0763 22.1 Updated May 28.36 UT            12   2.87 18.4  5.430
NAOCAN7 100 2026 05 17.7  15.2908 -21.9691 21.2 Updated May 28.37 UT             4   0.10 20.1 10.770
KPMa1Ih  87 2026 05 18.1  11.1323 -29.2256 23.5 Updated May 28.36 UT             5   0.01 20.8 10.519
CEMVK32  51 2026 05 17.4  16.2915  +7.0815 21.8 Updated May 27.66 UT            59  13.11 20.1  3.080
