ST26E86  98 2026 05 15.4   3.3626 -17.9068 27.5 Updated May 15.58 UT             6   0.11 33.1  0.487
ZTF10Du 100 2026 05 15.3  15.1401 -27.0648 16.9 Added May 15.45 UT               4   0.03 26.1  0.646
ST26E84 100 2026 05 15.4  14.8214 +10.7230 20.0 Updated May 15.45 UT             4   0.03 24.4  0.500
TF26E97  98 2026 05 15.3  15.9267 -18.5247 18.8 Updated May 15.57 UT             4   0.12 27.4  0.492
ST26E76  98 2026 05 15.2  14.4864  +7.0202 21.1 Updated May 15.92 UT            11   0.67 30.6  0.031
ST26E75 100 2026 05 15.2  14.7608  -9.1735 18.4 Updated May 15.38 UT             4   0.01 25.6  0.708
6EE3C21 100 2026 05 15.2  15.6616 -21.6524 19.1 Updated May 15.44 UT            11   0.22 25.9  0.531
A11Cr0m 100 2026 05 15.0  16.0219 -51.6957 17.9 Updated May 15.37 UT            14   0.31 20.0  0.650
P12neKJ 100 2026 05 14.3  13.0139 -23.4104 20.9 Updated May 15.88 UT            13   1.51 20.1  0.099
P12neKs  97 2026 05 14.6  18.3346 +57.9415 20.4 Updated May 15.26 UT            10   0.48 15.2  0.891
P12nc1c  96 2026 05 14.5  16.7848  -6.4460 21.7 Updated May 15.38 UT            21   0.90 20.1  0.563
RFD0300 100 2026 05 13.0   0.0734 -32.0221 25.3 Added May 14.52 UT               2   0.00 29.5  2.914
CEMAUH2 100 2026 05 14.4  16.3460  -1.4453 21.3 Updated May 14.46 UT             6   0.07 24.0  1.502
CEMAY32  74 2026 05 14.4  16.4829  +1.3827 20.4 Updated May 15.93 UT            40   1.52 23.8  0.032
ST26E61 100 2026 05 14.3  16.5101  +0.5294 22.1 Updated May 14.37 UT             6   0.05 28.7  1.578
ST26E57  98 2026 05 14.3  16.6410 -11.8982 19.5 Updated May 15.43 UT            12   1.14 28.0  0.527
ST26E52  74 2026 05 14.2  13.5145 +26.8445 20.4 Updated May 15.91 UT            32   1.61 26.0  0.082
MZ26075 100 2026 05 13.8  17.1879  +7.3105 20.1 Updated May 15.33 UT             3   0.01 25.5  2.122
A11CmCW 100 2026 05 13.3   5.8296 -73.3333 19.9 Updated May 15.33 UT             4   0.02 25.5  2.570
A11CmCS 100 2026 05 13.3  16.9023 -34.5055 19.8 Updated May 15.33 UT             4   0.04 25.5  2.628
OCA1642  84 2026 05 13.1  13.7399 -31.2628 19.4 Updated May 15.33 UT             3   0.02 13.1  2.816
CEM26R2  18 2026 05 12.4  16.5699 +15.3706 20.6 Updated May 15.33 UT            21   2.69 17.0  1.705
CEM1XD2  11 2026 05 12.3  14.4770 +17.3121 22.2 Updated May 15.17 UT            22   7.84 19.2  0.784
SO0005e 100 2026 05 11.7   0.1699  +6.3104 27.2 Updated May 14.35 UT             3   0.00 28.9  4.233
SO0005d 100 2026 05 11.7  19.1682 -24.2589 22.3 Updated May 14.34 UT             4   0.00 28.2  4.231
SO0005c 100 2026 05 11.7  22.7699 -29.0971 24.1 Updated May 14.34 UT             3   0.00 28.6  4.285
SO0005b 100 2026 05 11.6  22.9994  -7.9469 22.9 Updated May 14.34 UT             3   0.00 26.6  4.296
CELXZH2 100 2026 05 11.3  14.7267 +24.4287 22.2 Updated May 14.35 UT             3   0.01 25.0  4.596
S001563  73 2026 05 07.0  12.9791 -27.1435 21.6 Updated May 14.34 UT             3   0.03 17.5  8.867
C1EUYV5  35 2026 04 27.5  17.2560 +18.8255 21.9 Updated May 15.51 UT            36 299.14 12.8  0.513
