P12nf3G  89 2026 05 17.5  16.2605  -8.0791 21.6 Added May 17.58 UT               3   0.02 24.2  0.235
P22nf3F  66 2026 05 17.5  17.5997 +36.8883 21.5 Added May 17.57 UT               4   0.04 17.0  0.204
A11CvyY 100 2026 05 17.4  14.2029 -23.9455 19.5 Updated May 17.61 UT            13   0.23 23.3  0.140
CEMVK32  98 2026 05 17.4  17.1155 +12.2697 21.7 Updated May 17.51 UT            14   0.11 19.4  0.262
CEMVGV2  96 2026 05 17.3  16.1104 +12.1648 20.0 Updated May 17.70 UT            24   0.34 25.9  0.056
CEMV1Q2  98 2026 05 17.3  15.2181  +7.5935 21.0 Updated May 17.44 UT            16   0.13 26.3  0.304
CEMUUC2 100 2026 05 17.3  14.4718 +10.3234 20.5 Updated May 17.39 UT            14   0.10 25.6  0.351
A11Cvk7 100 2026 05 16.9  13.9605 -73.1125 19.6 Added May 16.99 UT               4   0.03 21.5  0.807
CEMRK82  84 2026 05 16.5  21.5504  -9.9570 21.6 Added May 16.49 UT               3   0.01 17.7  1.272
CEMK452  77 2026 05 16.3  14.2982  -4.4875 21.5 Updated May 17.33 UT            24   1.03 22.1  0.423
A11Cswo 100 2026 05 16.0  17.2287 -23.5034 18.5 Updated May 17.33 UT             4   0.02 22.1  1.734
ZTF10Du 100 2026 05 15.3  16.7272 -35.8446 19.0 Updated May 17.33 UT             4   0.03 26.4  2.438
ST26E84  98 2026 05 15.4  15.2843 +10.7597 20.5 Updated May 17.33 UT             6   0.47 26.4  1.847
ST26E76  74 2026 05 15.2  14.2150  +8.7505 23.2 Updated May 17.28 UT            17   2.00 30.8  0.499
ST26E75  98 2026 05 15.2   2.4770 -26.1059 25.3 Updated May 16.82 UT             7   0.09 28.6  2.416
P12neKs  91 2026 05 14.6  18.2813 +57.8207 20.3 Updated May 17.36 UT            48   2.50 15.4  0.664
RFD0300 100 2026 05 13.0  19.5798 -44.7221 24.8 Updated May 16.38 UT             2   0.00 29.8  4.706
CEMAUH2 100 2026 05 14.4  16.1204  -8.7585 21.2 Updated May 16.38 UT             6   0.07 23.9  3.293
ST26E61 100 2026 05 14.3  16.6688  +0.7074 23.5 Updated May 16.38 UT             6   0.05 29.0  3.370
MZ26075 100 2026 05 13.8  16.8041  -0.9718 22.5 Updated May 16.37 UT             3   0.01 27.4  3.913
A11CmCW 100 2026 05 13.3   6.2461 -71.8627 20.9 Updated May 16.38 UT             4   0.02 24.8  4.361
A11CmCS 100 2026 05 13.3  17.1832 -31.0244 20.4 Updated May 16.38 UT             4   0.04 25.4  4.420
OCA1642  84 2026 05 13.1  13.7113 -31.3603 19.4 Updated May 16.37 UT             3   0.02 14.0  4.608
CEM26R2  10 2026 05 12.4  16.5359 +15.2511 20.5 Updated May 17.49 UT            38   5.52 17.0  0.665
CEM1XD2  11 2026 05 12.3  14.4408 +17.0326 22.3 Updated May 17.20 UT            25   9.86 19.3  0.551
S001563  73 2026 05 07.0  12.9801 -27.2129 21.7 Updated May 16.37 UT             3   0.03 18.3 10.658
C1EUYV5  35 2026 04 27.5  17.2309 +18.9131 21.9 Updated May 16.81 UT            36 300.17 12.8  1.275
