C1F44U5 100 2026 05 27.3  16.0066 +43.2042 21.8 Updated May 27.35 UT             4   0.02 23.6  0.027
CEP5YT2 100 2026 05 27.2  14.1951 +38.3231 21.7 Updated May 27.32 UT             7   0.05 21.5  0.068
A11CWPw 100 2026 05 26.6  21.9604 -17.1543 18.0 Added May 26.81 UT               4   0.02 28.7  0.789
P12nfxy 100 2026 05 26.6  17.4938  +4.3654 20.8 Updated May 27.30 UT             9   0.90 24.5  0.076
CEP5WY2  76 2026 05 26.4  18.9365 +40.7097 20.6 Updated May 27.35 UT            23   1.92 21.9  0.025
CEP5WU2  98 2026 05 26.4  17.8760 +48.6201 21.3 Updated May 27.11 UT            13   3.78 26.3  0.340
C1F4195 100 2026 05 26.4  16.1261  +8.9706 22.3 Updated May 26.45 UT             7   0.07 27.6  0.916
C1F4075 100 2026 05 26.4  16.0511 +26.4670 22.2 Updated May 26.48 UT             8   0.11 24.9  0.894
P12nfxd  96 2026 05 25.6  17.8152 +16.7756 21.9 Updated May 26.45 UT            14   2.00 22.6  0.931
C1F32J5 100 2026 05 25.4  17.1922 +15.2979 22.0 Updated May 27.35 UT             7   0.85 23.5  1.067
C1F3245  43 2026 05 25.4  16.9938 +10.5267 22.6 Updated May 26.78 UT            11   1.00 20.2  0.920
SJA1250 100 2026 05 24.9  16.8111 +61.0319 20.2 Updated May 27.36 UT             3   0.03 17.1  2.398
C1F2HL5 100 2026 05 25.4  16.5111 -11.8503 22.4 Updated May 27.35 UT             8   0.07 26.0  1.942
C1F1TD5 100 2026 05 25.3  15.8106  +4.5820 24.4 Updated May 26.35 UT             4   0.02 33.6  2.040
C03UYWZ 100 2026 05 23.4  16.7316 +13.9030 22.3 Updated May 27.18 UT             9   2.98 23.2  0.942
A11CUyv  84 2026 05 24.1  17.5606 -55.8636 19.2 Updated May 27.35 UT            21   2.98 19.1  0.240
P12nfw2 100 2026 05 24.6  21.1139  -3.3337 21.7 Updated May 27.35 UT             8   1.73 20.4  1.046
NAOCLYL  85 2026 05 23.8  15.9051 -18.5287 21.8 Updated May 26.35 UT             4   0.10 21.7  3.513
A11CQzo 100 2026 05 24.4  21.9872 -16.9426 21.2 Updated May 26.35 UT             5   0.05 29.8  2.934
oKr0080 100 2026 05 23.9  23.4921 +18.5829 20.4 Updated May 27.35 UT             3   0.00 18.0  3.479
C1F1535  97 2026 05 24.4  16.7579  +6.7919 22.4 Updated May 26.35 UT            11   0.87 23.3  2.083
C1F0EU5  85 2026 05 24.3  15.3920 -10.0905 22.0 Updated May 27.36 UT            13   1.97 19.9  1.081
C1F0295  90 2026 05 24.3  15.2976  -6.8926 22.1 Updated May 27.35 UT            20   1.78 22.2  1.277
6EN3D21 100 2026 05 24.2  16.3014 -80.1399 18.8 Updated May 27.35 UT             3   0.01 20.4  3.134
C1EYPU5 100 2026 05 23.4  15.8802  +3.4787 22.8 Updated May 26.35 UT            11   1.87 24.1  2.120
NAOCBPP  99 2026 05 20.7  14.9174 -21.5036 22.3 Updated May 27.35 UT             4   0.13 22.3  6.519
ST26EC8  98 2026 05 20.4  22.0819 -31.0083 23.7 Updated May 27.35 UT             6   0.14 28.6  6.932
P12nfaz  43 2026 05 20.3  13.2095 -27.3105 22.0 Updated May 26.35 UT            12   2.87 18.3  4.177
NAOCAN7 100 2026 05 17.7  15.2883 -21.9413 21.0 Updated May 26.35 UT             4   0.10 19.7  9.517
KPMa1Ih  87 2026 05 18.1  11.1285 -28.7838 23.5 Updated May 26.35 UT             5   0.01 20.9  9.266
CEMVK32  53 2026 05 17.4  16.3734  +7.6662 21.8 Updated May 27.35 UT            52  11.97 20.1  2.964
