P22n4ou  89 2026 05 09.4  14.7354  +7.5498 21.2 Updated May 10.10 UT             7   0.73 20.9  0.096
ZTF10Dn 100 2026 05 09.3  16.1908 -11.7053 18.1 Added May 9.51 UT                4   0.04 26.9  0.853
XA9ttXA  96 2026 05 08.8  15.1523  +1.7697 21.4 Added May 9.48 UT                3   0.03 19.7  1.398
ST26E18 100 2026 05 09.4  15.4922 -14.6772 20.1 Added May 9.37 UT                4   0.00 28.7  0.823
CELT2A2  86 2026 05 09.3  13.7166 +35.8555 20.6 Updated May 10.18 UT            17   0.91 21.7  0.008
CELT0C2  93 2026 05 09.2  12.9636 +39.3847 20.9 Updated May 10.15 UT            16   0.89 22.9  0.048
CELRZD2 100 2026 05 09.2  12.6244 +34.7563 21.6 Updated May 9.36 UT              8   0.10 22.8  0.841
TF26E23 100 2026 05 09.2  13.1107  -4.8670 16.7 Added May 9.23 UT                2   0.00 17.7  0.973
gb00845  77 2026 05 08.8  13.0509  -7.8171 20.1 Updated May 10.09 UT            44   1.29 23.9  0.102
P22n0x5  72 2026 05 08.5  15.2685 -15.8461 20.2 Updated May 10.09 UT            30   1.70 30.0  0.112
P22n0w4  77 2026 05 08.4  15.3484  +3.0156 20.0 Updated May 10.11 UT            33   1.72 23.8  0.093
ZTF10Dl 100 2026 05 08.3  18.2145 -15.3756 19.7 Added May 8.49 UT                4   0.03 27.0  1.821
CELR3G2  98 2026 05 08.5  17.0230  -5.3381 22.0 Updated May 9.45 UT             15   0.97 29.0  0.758
ST26E14 100 2026 05 08.4  13.4008  -3.7499 18.0 Added May 8.45 UT                2   0.00 16.2  1.765
P22n0vC  36 2026 05 08.3  14.8425 +10.0064 22.2 Updated May 9.29 UT             19   0.95 19.7  0.904
CELLEH2  96 2026 05 08.3  15.8051 -15.5741 22.4 Updated May 9.38 UT             12   1.03 32.6  0.865
CELHF72  77 2026 05 08.3  14.9666 -10.2859 21.2 Updated May 10.14 UT            27   1.84 24.6  0.054
P22n0gv  96 2026 05 07.6  17.2277 +48.2463 21.1 Updated May 9.45 UT             22   1.84 21.3  0.750
P22n0fQ  97 2026 05 07.4  15.0925  +9.8439 22.1 Updated May 9.34 UT              3   0.04 24.3  2.782
ZTF10Di 100 2026 05 07.4  21.8207 -11.7944 21.7 Updated May 9.34 UT              4   0.02 27.4  2.797
S001563  73 2026 05 07.0  13.0038 -26.8615 21.4 Updated May 9.33 UT              3   0.03 17.7  3.113
P22mZLU  93 2026 05 06.3  11.7401 -17.6281 20.9 Updated May 10.18 UT            10   1.71 20.6  2.208
A11BX2S 100 2026 05 05.2  19.1574  +1.6424 20.1 Updated May 9.33 UT              2   0.01 24.8  4.959
A11BRI6  53 2026 05 03.0  10.5543 -40.3599 18.7 Updated May 8.52 UT             50   5.00 19.9  2.172
ZTF10Df  98 2026 05 02.2  10.4159  +1.4502 23.4 Updated May 9.33 UT              9   0.68 26.6  7.346
C1EUYV5  93 2026 04 27.5  17.3340 +18.5115 21.7 Updated May 9.32 UT             18  11.83 12.6  0.889
