ST26EB8 100 2026 05 19.4  16.7374  +9.3020 19.5 Updated May 19.95 UT            11   0.49 25.4  0.255
CEN5QX2 100 2026 05 19.4  16.1470 -15.0898 20.5 Updated May 20.02 UT            15   0.54 25.2  0.263
A11CGDH 100 2026 05 19.2  16.3113 -72.1200 19.2 Updated May 20.02 UT             7   0.76 22.0  0.218
A11CGDI 100 2026 05 19.2  17.1647 -45.2655 18.8 Updated May 20.09 UT            15   0.88 21.5  0.132
NAOCAN7 100 2026 05 17.7  15.2741 -21.7439 20.6 Added May 19.07 UT               4   0.10 19.6  2.347
KPMa1Ih  87 2026 05 18.1  11.1307 -25.5526 23.2 Added May 18.68 UT               5   0.01 21.2  2.097
A11CDyX  93 2026 05 18.0  10.8837 -32.1638 19.7 Updated May 20.01 UT            15   1.92 20.7  0.229
CEMVK32  35 2026 05 17.4  16.9078 +11.0973 21.6 Updated May 19.63 UT            38   7.00 20.1  0.764
A11Cvk7 100 2026 05 16.9  13.1424 -70.8285 19.5 Updated May 18.37 UT             4   0.03 22.7  3.270
CEMRK82  84 2026 05 16.5  21.6201 -10.4442 21.5 Updated May 18.37 UT             3   0.01 17.3  3.734
A11Cswo 100 2026 05 16.0  17.0810 -22.8973 18.3 Updated May 18.37 UT             4   0.02 20.9  4.197
ST26E75  98 2026 05 15.2   2.5286 -21.0489 27.6 Updated May 18.37 UT             7   0.09 28.6  4.879
P12neKs  35 2026 05 14.6  18.2051 +57.6147 20.1 Updated May 20.03 UT            90   5.34 15.2  0.281
CEMAUH2 100 2026 05 14.4  15.8411 -17.3749 21.1 Updated May 18.39 UT             6   0.07 23.9  5.756
