P12o4v9 100 2026 07 11.6  22.9053 -19.3094 20.7 Added July 11.79 UT              3   0.02 21.9  0.213
ZTF10El 100 2026 07 11.3  22.5733  -2.8876 18.3 Added July 11.69 UT              4   0.02 27.9  0.452
ZTF10En 100 2026 07 11.4  21.4251 +22.5201 19.3 Added July 11.69 UT              2   0.00 23.7  0.389
S001621 100 2026 07 11.2  21.9564 -32.5932 20.2 Added July 11.59 UT              3   0.04 20.3  0.524
P12o2DL 100 2026 07 11.5  21.7391  +5.9190 21.4 Updated July 11.60 UT            4   0.04 22.9  0.274
P12o2DM 100 2026 07 11.5  21.6492  +3.9539 21.6 Updated July 11.60 UT            3   0.02 24.6  0.286
A11EvW3  98 2026 07 11.3  18.0855 -13.9851 18.6 Updated July 11.57 UT            7   0.20 27.2  0.264
ST26G35 100 2026 07 11.3  22.0919 +10.7715 19.6 Updated July 11.42 UT           10   0.08 28.0  0.394
CEQM6J2  91 2026 07 11.3  21.3797 -12.4505 19.1 Updated July 11.71 UT           21   1.32 25.8  0.116
A11EvW0 100 2026 07 11.3  19.3638 -27.0967 19.1 Added July 11.32 UT              4   0.02 24.9  0.515
ST26G30  98 2026 07 11.2  18.4974 +11.2431 18.9 Updated July 11.41 UT            6   0.17 27.6  0.390
ST26G29 100 2026 07 11.2  18.4573 +12.3727 18.5 Added July 11.28 UT              2   0.00 25.0  0.568
ST26G26 100 2026 07 10.5  20.4707  +3.7708 20.2 Updated July 10.83 UT            4   0.01 26.8  1.324
ZTF10Ek  84 2026 07 10.3  18.3102 +12.0835 19.1 Updated July 11.52 UT           14   2.21 29.7  0.277
A11Evr9 100 2026 07 10.0  21.8271 -52.7882 18.0 Added July 10.39 UT              7   0.03 23.3  1.719
TF26G22 100 2026 07 10.3  18.4548 +12.3623 19.5 Updated July 11.28 UT            2   0.94 25.8  0.554
ST26G18 100 2026 07 10.3  22.0238 +60.6548 20.7 Updated July 10.38 UT            4   0.02 25.7  1.460
ST26G17 100 2026 07 10.3  21.6244  +0.0232 20.0 Added July 10.37 UT              2   0.00 26.3  1.503
CEQKE72  92 2026 07 10.3  16.2643 +11.2899 20.8 Updated July 11.17 UT           18   0.90 23.0  0.627
A11Evap 100 2026 07 09.9  19.8146 -37.3861 19.4 Updated July 11.63 UT           14   1.69 22.0  0.173
P12o0YY  99 2026 07 09.5  20.7695 -21.7283 20.9 Updated July 11.23 UT            6   0.08 19.1  2.248
CEQJF02  86 2026 07 09.3  22.7932 +14.0881 21.2 Updated July 11.42 UT           19   1.83 27.1  0.624
P12o0Y1 100 2026 07 08.5  20.2589 -29.7165 21.3 Updated July 10.65 UT           12  18.41 22.4  1.827
P12nXce 100 2026 07 08.5  21.8311 -33.5158 21.1 Updated July 11.49 UT           11   2.75 21.5  0.529
P12nXcA  68 2026 07 08.5  21.0412 -25.2631 19.8 Updated July 11.45 UT           18   2.62 22.8  0.670
A11EpSe  95 2026 07 08.2  19.6530 -29.7564 19.4 Updated July 11.15 UT           13   2.94 19.2  0.673
W2nCdO   79 2026 07 07.4  19.1403 -24.6354 23.8 Updated July 11.23 UT           11  19.01 26.6  2.367
ST26G01  98 2026 07 07.2  20.8302 -59.6176 21.7 Updated July 11.23 UT           14   0.10 27.0  4.441
P22nTNT  10 2026 07 06.5  18.2985 +17.4796 21.0 Updated July 11.23 UT           24   2.71 19.0  2.618
P22nTLB  21 2026 07 06.3  17.6858  +7.6317 22.2 Updated July 11.23 UT           20   2.87 19.6  2.611
MAS0006  35 2026 06 19.3  18.3591 +23.9123 20.0 Updated July 10.96 UT          139  21.63  9.0  0.855
OMO0297  87 2026 06 25.8  23.6774  +3.8778 21.9 Updated July 10.23 UT           12  12.63 20.1  3.337
P22nJzF  35 2026 06 22.5  22.5043 +18.8862 21.6 Updated July 10.42 UT           23  25.46 14.1  1.783
