C1EYRR5 100 2026 05 23.4  15.8591  +3.2000 22.6 Updated May 23.48 UT            10   0.09 25.3  0.111
C1EYQL5 100 2026 05 23.4  15.9125  +1.9530 22.2 Updated May 23.48 UT             7   0.09 24.2  0.107
C1EYPU5  97 2026 05 23.4  15.8152  +2.8831 22.9 Updated May 23.49 UT             6   0.07 22.4  0.126
C1EYPT5 100 2026 05 23.4  15.8361  +2.8748 21.7 Updated May 23.46 UT            12   0.08 24.1  0.114
C46CN51 100 2026 05 23.4  17.3363 +23.7164 19.5 Updated May 23.46 UT            12   0.07 24.4  0.115
C1EYD55  66 2026 05 23.3  15.8272 -12.8852 22.1 Updated May 23.41 UT            10   0.06 19.4  0.185
C1EXH55 100 2026 05 23.3  13.9524  +4.8153 22.2 Updated May 23.37 UT            10   0.08 23.3  0.213
CENZ0T2  98 2026 05 23.3  15.9319 +59.4606 21.1 Updated May 23.37 UT            12   0.11 26.1  0.208
6EM3521 100 2026 05 23.1  13.2045 -13.1612 20.4 Updated May 23.51 UT            11   0.45 22.7  0.070
SO0006A 100 2026 05 22.7  22.2489 -36.7908 19.4 Added May 22.70 UT               4   0.01 23.9  0.889
NAOCBPP  99 2026 05 20.7  14.8613 -19.1196 22.1 Updated May 22.70 UT             4   0.13 22.4  2.726
8N2S001  91 2026 05 22.0  17.6111 +11.4367 19.4 Updated May 23.42 UT            21   1.38 22.7  0.155
CZYNHKZ 100 2026 05 14.4  16.3789  +2.3782 21.7 Updated May 23.35 UT             4   0.02 22.7  9.189
C46CD31 100 2026 05 21.4   0.9175  -3.8057 25.1 Updated May 23.35 UT             7   0.05 28.6  2.133
ST26ED1  98 2026 05 21.2   1.4522 -15.5421 25.9 Updated May 23.35 UT            20   0.16 30.2  2.191
TF26EE0 100 2026 05 20.5  16.3832  +8.8152 23.7 Updated May 22.38 UT             4   0.02 28.7  3.092
ST26EC8  98 2026 05 20.4  20.4232 -28.8758 21.5 Updated May 23.35 UT             6   0.14 28.6  3.139
ST26EC7  98 2026 05 20.4   2.4111  -8.3986 29.1 Updated May 23.35 UT             6   0.11 30.3  3.145
ST26EC5 100 2026 05 20.3  15.6107 -16.3467 19.9 Updated May 22.38 UT             4   0.03 24.9  3.237
P12nffX  10 2026 05 20.5  16.3491 -20.9658 21.7 Updated May 22.44 UT            15   7.94 19.3  1.179
P12nfaz  38 2026 05 20.3  13.2356 -28.0255 22.0 Updated May 23.25 UT            12   2.87 18.4  0.384
NAOCAN7 100 2026 05 17.7  15.2781 -21.8344 20.8 Updated May 22.38 UT             4   0.10 19.7  5.724
KPMa1Ih  87 2026 05 18.1  11.1238 -27.1103 23.3 Updated May 22.38 UT             5   0.01 20.8  5.473
CEMVK32  55 2026 05 17.4  16.6424  +9.4720 21.6 Updated May 23.35 UT            47   9.02 20.1  2.118
P12neKs  35 2026 05 14.6  18.0956 +57.2516 20.0 Updated May 23.50 UT           149   8.88 15.1  0.124
