A11CmCW 100 2026 05 13.3   1.5504 -78.6588 17.9 Added May 13.75 UT               4   0.02 24.5  0.401
A11CmCS 100 2026 05 13.3  16.0548 -42.4346 18.6 Added May 13.75 UT               4   0.04 25.4  0.460
OCA1642  79 2026 05 13.1  13.7753 -31.1342 19.4 Added May 13.56 UT               3   0.02 13.4  0.648
P22nay8  81 2026 05 13.4  15.7762  -1.8554 21.3 Added May 13.52 UT               3   0.02 22.9  0.319
P22nawA 100 2026 05 13.4  15.1472  -3.2219 21.0 Added May 13.52 UT               3   0.02 22.1  0.316
ST26E50  98 2026 05 13.2  14.5020  -2.5095 19.8 Updated May 13.66 UT            13   0.38 26.8  0.143
A11Cmv6 100 2026 05 13.0   8.6713 -50.7927 18.7 Updated May 13.51 UT             7   0.43 17.7  0.295
ST26E47  81 2026 05 12.4  15.0086 -22.8062 19.3 Updated May 13.69 UT            19   1.25 25.0  0.108
P22n55t  36 2026 05 12.4  15.0153 -13.6148 21.4 Updated May 13.34 UT            11   5.01 19.8  0.442
P22n52K  79 2026 05 12.4  15.1597 -11.8448 21.2 Updated May 13.50 UT            20   5.15 25.0  0.286
P22n4V7 100 2026 05 12.4  14.3888 -19.7867 21.8 Updated May 13.34 UT            12   0.95 21.1  0.438
P22n4V6  91 2026 05 12.4  13.9657 -22.9267 21.6 Updated May 13.32 UT            16   0.93 23.5  0.461
P22n4V9  83 2026 05 12.4  14.4287 -15.3759 21.8 Updated May 13.50 UT            17   1.09 24.7  0.291
CEM28F2 100 2026 05 12.4  17.8906 +18.3063 21.0 Updated May 13.37 UT            15   0.97 25.1  0.404
P22n4PC  67 2026 05 12.4  13.9698 -14.0079 20.7 Updated May 13.03 UT             8   0.65 21.2  0.763
P22n4PB  72 2026 05 12.3  13.6797  -9.2555 21.1 Updated May 13.33 UT            19  25.87 24.0  0.465
CEM26R2  25 2026 05 12.4  16.6095 +15.4871 20.6 Updated May 13.26 UT            16   1.45 17.0  0.781
CEM1XD2 100 2026 05 12.3  14.5220 +17.6239 22.1 Updated May 12.41 UT            11   0.11 17.1  1.362
CEM1R02  91 2026 05 12.3  13.5706 +16.9462 21.7 Updated May 13.19 UT            18   0.89 22.1  0.599
6EB3121  81 2026 05 12.0  10.3689 -15.1729 20.0 Updated May 13.28 UT            19   1.16 23.9  0.633
SO0005e 100 2026 05 11.7  23.7965  +2.0234 25.1 Updated May 13.34 UT             3   0.00 28.9  2.065
SO0005d 100 2026 05 11.7  18.6767 -27.0741 20.8 Updated May 13.34 UT             4   0.00 28.3  2.063
SO0005c 100 2026 05 11.7  22.2021 -31.9560 22.4 Updated May 13.34 UT             3   0.00 28.3  2.117
SO0005b 100 2026 05 11.6  22.5463 -12.5649 21.2 Updated May 13.33 UT             3   0.00 26.7  2.128
CELXZH2 100 2026 05 11.3  14.7694 +24.2004 22.6 Updated May 13.34 UT             3   0.01 22.1  2.428
ST26E34 100 2026 05 10.5  14.8594 +18.5282 23.8 Updated May 13.34 UT             2   0.00 28.1  3.315
6E94521  10 2026 05 10.4  19.5650 -61.7910 19.6 Updated May 13.71 UT            34   3.04 19.1  0.375
XA9ttXA  75 2026 05 08.8  15.0780  +1.9250 22.5 Updated May 13.17 UT            19   4.39 21.8  0.625
ST26E18 100 2026 05 09.4  15.5009 -14.4533 23.9 Updated May 13.34 UT             4   0.00 30.3  4.410
CELRZD2 100 2026 05 09.2  12.4162 +36.8038 22.5 Updated May 13.33 UT             8   0.10 22.9  4.427
ZTF10Dl 100 2026 05 08.3  19.0575 -15.4986 22.0 Updated May 13.34 UT             4   0.03 26.9  5.407
ST26E14 100 2026 05 08.4  13.3224  -2.8945 18.6 Updated May 13.34 UT             2   0.00 17.6  5.351
P22n0fQ  97 2026 05 07.4  15.0283 +10.7028 21.7 Updated May 13.34 UT             3   0.04 23.4  6.368
S001563  73 2026 05 07.0  12.9898 -27.0285 21.5 Updated May 13.34 UT             3   0.03 18.4  6.699
A11BRI6  10 2026 05 03.0  11.2835 -38.4999 19.1 Updated May 13.64 UT            81  10.09 19.9  0.673
C1EUYV5  35 2026 04 27.5  17.2858 +18.7130 21.9 Updated May 13.76 UT            36 297.21 12.8  0.278
