ST26E86  98 2026 05 15.4   3.3689 -18.0519 26.9 Updated May 15.58 UT             6   0.11 33.1  0.404
ZTF10Du 100 2026 05 15.3  15.0019 -25.9837 16.8 Added May 15.45 UT               4   0.03 26.1  0.563
ST26E84 100 2026 05 15.4  14.7935 +10.7172 20.0 Updated May 15.45 UT             4   0.03 24.4  0.416
TF26E97  98 2026 05 15.3  15.8277 -16.7651 18.8 Updated May 15.57 UT             4   0.12 27.4  0.409
ST26E76  98 2026 05 15.2  14.5211  +6.8235 20.9 Updated May 15.44 UT             6   0.20 30.7  0.423
ST26E75 100 2026 05 15.2  14.7521  -7.6176 18.5 Updated May 15.38 UT             4   0.01 25.6  0.625
6EE3C21 100 2026 05 15.2  15.6392 -21.9345 19.1 Updated May 15.44 UT            11   0.22 25.9  0.448
A11Cr0m 100 2026 05 15.0  16.0166 -51.8566 17.9 Updated May 15.37 UT            14   0.31 20.0  0.567
P12neKJ 100 2026 05 14.3  13.0149 -23.4171 20.9 Updated May 15.22 UT            10   0.88 20.3  0.646
P12neKs  97 2026 05 14.6  18.3370 +57.9465 20.4 Updated May 15.26 UT            10   0.48 15.2  0.807
P12nc1c  96 2026 05 14.5  16.7870  -6.4708 21.7 Updated May 15.38 UT            21   0.90 20.1  0.480
RFD0300 100 2026 05 13.0   0.0450 -32.2696 25.2 Added May 14.52 UT               2   0.00 29.5  2.831
CEMAUH2 100 2026 05 14.4  16.3573  -1.0758 21.3 Updated May 14.46 UT             6   0.07 24.0  1.418
CEMAY32  79 2026 05 14.4  16.4978  +1.5503 20.4 Updated May 15.51 UT            37   1.08 23.8  0.389
ST26E61 100 2026 05 14.3  16.4962  +0.5118 22.1 Updated May 14.37 UT             6   0.05 28.7  1.495
ST26E57  98 2026 05 14.3  16.5461 -11.4127 19.4 Updated May 15.43 UT            12   1.14 28.0  0.444
ST26E52  76 2026 05 14.2  13.5217 +25.4129 20.4 Updated May 15.38 UT            28   1.01 26.1  0.604
MZ26075 100 2026 05 13.8  17.1576  +6.7173 20.1 Updated May 15.33 UT             3   0.01 25.5  2.038
A11CmCW 100 2026 05 13.3   5.7908 -73.5125 19.8 Updated May 15.33 UT             4   0.02 25.5  2.486
A11CmCS 100 2026 05 13.3  16.8848 -34.7036 19.7 Updated May 15.33 UT             4   0.04 25.5  2.545
OCA1642  84 2026 05 13.1  13.7413 -31.2581 19.4 Updated May 15.33 UT             3   0.02 13.1  2.733
A11Cmv6  84 2026 05 13.0   8.4010 -49.9108 19.1 Updated May 15.85 UT            21   2.04 19.2  0.770
CEM26R2  18 2026 05 12.4  16.5714 +15.3756 20.6 Updated May 15.33 UT            21   2.69 17.0  1.621
CEM1XD2  11 2026 05 12.3  14.4787 +17.3246 22.2 Updated May 15.17 UT            22   7.84 19.2  0.700
SO0005e 100 2026 05 11.7   0.1653  +6.2587 27.1 Updated May 14.35 UT             3   0.00 28.9  4.149
SO0005d 100 2026 05 11.7  19.1601 -24.3106 22.3 Updated May 14.34 UT             4   0.00 28.2  4.148
SO0005c 100 2026 05 11.7  22.7550 -29.1811 24.1 Updated May 14.34 UT             3   0.00 28.6  4.202
SO0005b 100 2026 05 11.6  22.9934  -8.0092 22.9 Updated May 14.34 UT             3   0.00 26.6  4.213
CELXZH2 100 2026 05 11.3  14.7286 +24.4222 22.2 Updated May 14.35 UT             3   0.01 25.0  4.512
6E94521  10 2026 05 10.4  19.8044 -66.6377 19.5 Updated May 15.42 UT            53   5.03 19.0  0.464
S001563  73 2026 05 07.0  12.9793 -27.1397 21.6 Updated May 14.34 UT             3   0.03 17.5  8.783
C1EUYV5  35 2026 04 27.5  17.2571 +18.8213 21.9 Updated May 15.51 UT            36 299.14 12.8  0.430
